11.4088524
6.9710083
7.1152200
10.6135443
31.3296625
5.0940172
16.6866312
10.6009079
10.4222782
18.3083834
11.4483668
22.9168165
11.3049265
11.2058173
7.4607830
11.0549456
11.7388453
12.3537949
12.0172086
26.0382738
12.5983719
11.0227927
13.4286338
8.0169264
6.0332962
25.9889489
10.9647723
11.7332792
5.9896707
9.8571659
24.2564202
6.8870543
15.4645760
30.6294011
12.3219614
8.8427377
6.0743682
8.5414398
10.8237106
11.6057985
26.7544685
6.3832829
6.4706994
11.1860921
15.7974833
6.2684322
16.6854596
29.6882629
15.1167590
6.0646700
11.4906662
30.4544485
7.0393778
7.7689033
31.0090598
30.8369473
6.1380161
11.7143735
10.6030168
8.1226161
10.0954823
11.2920666
13.0394661
10.1748659
5.3999960
7.4613091
11.1642254
10.3542288
11.5370898
11.2907238
22.2585008
12.0227621
15.0910502
12.3112764
32.3519376
11.4883985
9.6008568
10.9986579
8.8679808
12.6693327
7.5681828
11.0079746
11.6681884
11.4805881
3.3098772
3.4772326
2.7358992
2.5642529
2.5809993
2.2998806
2.5319990
2.2303393
1.5323609
2.3359950
2.6678948
3.1662021
1.9464065
2.3959632
1.3600851
2.0246905
4.9497567
1.9832397
4.2929882
1.2699334
4.1042437
1.6890395
1.6731920
1.2260172
2.0477938
3.4741340
2.1149980
2.2113878
1.0212708
1.7966823
1.7943353
1.2225886
1.2854100
1.9391411
1.4165669
2.1543351
2.2307766
2.2665299
1.2693172
1.3109022
4.2827384
2.5509643
1.0876827
4.3576074
2.4982342
1.0497577
2.4395549
3.0468812
1.9235649
5.0755530
8.1498427
3.7693103
2.7432098
2.8036031
2.3736916
3.8159011
4.4256839
2.0816581
1.6968608
6.6000985
4.4867176
2.7771347
5.3932511
2.2356683
4.8169283
5.8990791
5.1836102
2.4523175
1.9997482
7.2385905
3.3318382
3.9388495
4.1613925
10.2275666
1.3227980
6.3905578
10.4198979
2.4807205
1.5447056
5.3980609
8.8647072
3.7073167
4.1591950
7.3132505
7.7891587
3.0921650
2.6949992
7.1653455
2.9226524
11.8305410
2.3462207
9.2985609
3.5959006
1.8486281
8.4825916
2.5591374
9.3530305
11.5065222
3.4253087
3.3874682
5.9591855
2.2789051
2.4104355
6.4272183
3.0234641
5.0507480
5.7550527
0.8832626
4.3069318
5.4335204
7.5404734
8.5006092
5.4824212
4.3913274
3.1366008
5.4349072
9.2472081
6.4318412
2.7590092
3.6634690
7.2913216
7.6418674
4.8168418
5.4126187
4.7663792
2.1608945
6.9630564
13.2620978
7.7830987
8.3556571
6.3793959
8.3565203
12.4779832
5.5878089
5.6586283
3.4793755
3.8586800
4.3620208
2.2218702
5.1568102
12.6913917
2.1173878
9.5044329
3.3663221
3.8318382
5.5631767
5.7888230
2.9888515
9.9472468
7.4145710
19.8280214
0.5066269
10.9276430
3.2200677
3.4148218
10.3158988
3.2766209
8.4535070
4.9121908
14.2980663
3.6758035
3.8798869
5.6563937
8.5253705
10.4433557
5.8916518
10.3854360
13.3373383
6.6407309
11.6462842
15.9410968
7.0639591
6.6603454
1.9483553
10.6026870
9.6182277
1.4794460
4.9683959
8.8826887
3.8672575
6.1258103
5.2163163
14.6423363
11.7594309
12.5719201
7.5734260
17.2679182
8.2378301
4.4031571
2.8955969
3.0184598
16.0919584
23.7257086
1.9658437
4.1847443
1.9642382
2.1312695
3.5563459
6.2467012
1.7086642
4.8386793
3.0763672
3.3775721
5.1172312
1.2726747
4.3063003
1.3945500
20.4903404
2.8328303
16.3898738
4.8726921
4.7227324
0.5825208
1.0132117
1.9817765
5.5823312
8.6155324
3.0225708
2.0983044
20.0314592
53.2666736
1.5041440
2.6038962
1.8241288
6.1504805
1.5720797
5.7004483
4.6386509
378.4512332
106.9024231
234.4539046
401.8092857
19.0261196
35.1081521
59.3673916
5.1997589
3.6610090
4.3616168
4.2805204
18.0553325
14.1669111
13.9963310
33.0622684
10.6219022
12.9182730
46.0091536
32.6159220
13.8919237
14.9669757
9.0872683
408.5396773
35.3272716
17.3001758
13.8678190
0.6843989
10.1672311
24.6790399
19.7522195
39.3079942
15.7316232
504.2497326
39.8671673
17.6527942
389.6407249
13.9019560
12.5784753
24.9299225
2.4498357
15.8771119
75.8752811
468.4088534
501.6664115
487.6248448
442.1112320
11.3633032
13.5723316
11.2759348
32.9048739
7.9141049
496.1191164
16.6461182
49.3019666
42.6485328
81.6078743
1.1790554
11.8391865
22.3124873
13.3159331
7.8604129
4.5648943
7.4224659
5.5309601
4.8952918
14.5577788
10.6425574
9.8092795
2.5189166
8.0570181
9.2174333
101.4489105
30.5631540
9.2798276
5.4232180
13.7281275
13.2322423
12.1430805
7.9955057
30.4095301
33.0126137
4.0043555
11.3627537
5.4091427
11.5449103
26.6790618
39.8855515
16.5111940
15.1925101
447.4880943
434.6974338
448.3579458
431.2469338
466.2190176
81.5753935
68.3310809
388.6736737
396.8693215
504.6284205
506.8314914
500.7146787
503.2909701
461.1478723
463.2221914
426.0903644
514.5017783
461.1548401
486.1890778
407.6896374
459.6354173
454.9187234
390.2403937
1.4302511
462.9762673
382.1981981
31.8731500
51.0568426
46.9056378
29.3349674
37.0340019
15.4660612
44.1766704
36.2815669
38.3511171
13.3785444
46.0152407
13.1385994
58.4832914
94.0573052
462.0979484
556.7119792
527.3665271
492.7748989
469.0808456
416.4544049
44.2734009
483.7857588
48.3356308
16.3744264
31.0689935
41.5833680
5.1526717
30.8402979
46.5285475
10.5400993
4.7917076
28.1347083
22.3743599
72.3524432
2.6430166
41.0397034
7.8987948
85.1935665
82.6613834
64.8192897
36.3802887
28.7057299
5.7707645
40.2308521
47.2865688
44.1167573
11.4536545
9.0856256
25.1713955
37.4551879
16.4566145
32.9438186
13.5028919
34.1954804
17.9863127
31.4380981
20.5845439
18.6489918
8.8692001
2.8054102
30.1170140
18.0109251
10.3325114
6.8376035
60.8892490
16.2420270
25.8878531
22.6251893
35.9884566
13.7386044
44.7515964
24.1270179
53.3562136
31.3556011
31.4312627
31.0147625
2.9069951
104.8459488
397.4750832
23.5146964
3.9849369
4.8292667
7.2100546
73.2353541
346.8795029
55.0764581
56.2869360
360.1805993
67.9930159
16.6171688
29.6035311
28.6545218
20.9908215
19.2116238
20.0067976
2.7529079
4.9737643
83.8199612
87.1327662
17.2059293
7.6829539
24.1615125
44.1438979
7.0065642
34.8910888
13.4665940
2.9739768
19.7513268
17.1793217
25.1048092
6.1946063
5.4867091
3.7774277
414.3503686
11.8395392
21.2213073
15.4431086
19.5193766
26.6133466
396.5929148
12.3941917
4.9339333
388.0635308
10.6055397
320.9644268
8.9030870
57.9755239
13.9547214
377.6440173
389.4924504
123.8386639
439.0627620
6.2686549
23.7882542
19.2291521
8.6375381
8.6500180
8.5963635
412.2389338
317.5491392
16.6748466
25.7060811
14.6093729
68.4346430
13.4889034
7.0467536
40.3250327
24.3803242
323.6959626
441.3277583
15.5755000
50.9763459
401.9969381
22.2645403
18.0920619
79.5811823
11.8707760
138.5323489
375.0137717
376.6322860
21.1517383
5.4197248
14.4421382
17.1526888
15.9372408
23.1490388
13.6658420
5.6310088
138.1265108
306.9664932
10.7803882
7.7550737
7.4469969
15.8566377
13.2253111
65.7704782
9.1667902
8.6924812
23.2265172
11.8541753
14.6125556
60.4585024
8.9711691
13.8210700
53.2093791
18.0608167
72.8514072
23.7363596
38.0167963
19.3051914
42.2673068
20.7010768
37.2900031
31.9481342
24.6481042
51.4681824
60.0945335
36.2570892
20.3809424
25.5288343
9.2698172
39.5692878
45.8115137
14.9276162
6.3791212
6.5367652
6.4038827
22.5271166
19.3792488
18.3899499
10.1844481
9.6921408
6.3866099
13.9437664
27.3135093
20.9565960
19.7272829
30.1654056
22.7867844
9.5565984
15.8973535
50.4193734
16.3087979
13.5700273
11.8753783
23.2935558
38.8735174
9.6430079
4.1185812
2.4730808
37.1749513
2.3153495
10.2084802
26.6036784
21.6322339
8.6770860
24.4316743
8.2190557
8.6431332
8.4190263
5.3012854
15.8652352
28.3177227
4.5311458
8.5370903
54.6219853
11.6379076
17.2624200
8.8022291
58.4968109
8.0890911
17.1932729
3.6255606
5.2918735
19.9530708
15.2022504
13.8434954
20.7044777
37.6774534
10.6385750
27.4301412
17.1548010
14.2873097
39.1635742
18.6521400
269.9394420
431.4922392
10.4067874
17.2483216
11.3104870
15.5581511
7.8376107
31.6175505
4.3264961
10.8896250
9.2428498
123.5092319
49.1810953
31.7974829
7.2709157
8.0560911
3.8488394
7.9761434
13.8148239
9.3784915
19.6728541
19.5829613
6.2808305
28.2034560
29.5592636
13.7216207
1.0305081
0.4058037
11.9273483
10.3530575
36.7771585
9.4546412
6.4671975
3.5702428
1.7076670
2.5855994
281.5610185
8.7746648
4.0781440
280.8981497
7.9851178
4.5703677
7.8367433
7.9388807
2.4415953
2.9828696
2.7579511
5.1048131
3.5588636
5.9805559
10.3015417
5.5846480
8.5860870
3.1109889
2.2773563
1.6344948
3.9234830
4.1096071
1.2110761
3.6389611
4.5732546
3.2057336
0.7575537
1.7506721
2.4633942
3.3574456
1.1672187
7.5989986
5.2670852
2.4489231
1.2501564
4.9336822
1.3396784
3.5690341
0.8048365
6.0243189
0.9053836
4.8890922
2.9887718
2.0901155
1.7603870
1.1707487
2.2265671
5.5314912
367.2353004
391.7154091
0.8453928
6.0215594
2.9017270
2.1499105
2.6237102
5.5215846
0.3973048
5.8761596
3.2125026
3.1873867
5.1102131
2.2367821
1.6924097
0.7490187
2.8783052
1.9178603
2.9472391
3.3536065
2.4632769
3.3884818
4.9502176
4.2758256
8.6898337
5.1026099
8.4099246
8.2988896
6.1602884
3.7783857
5.9891257
9.3455384
15.7525055
22.2918263
15.5543893
13.8071526
13.3594844
14.6341734
17.2525525
5.3244321
10.3186422
13.8865066
5.8228506
14.9136956
0.3369674
16.9931913
11.6542719
34.1707417
20.1976510
23.7374069
16.3555691
16.1628989
23.1908881
22.7498272
7.0756324
21.5417137
11.0950617
19.0384294
21.6788944
14.7977815
14.8132388
11.5539015
30.3013104
19.1189567
4.5990366
21.2293452
13.3953773
14.3135861
6.3134615
11.3490630
11.7841400
15.3668799
15.2884578
7.7901176
9.5787549
9.7015833
24.8268675
8.0636752
15.1189107
2.3787538
8.5947111
14.1601298
20.3830231
20.9467346
0.6949583
18.3729580
34.8000164
11.7206668
18.8034553
13.9490286
2.4240766
3.1914284
5.1612953
14.9602613
7.3983466
25.1236907
24.0270058
6.3201533
22.2614575
16.3277732
9.1771831
23.3453151
0.6680250
6.1294643
19.8054547
7.0896927
10.4647523
34.9498613
12.6505162
3.8438058
13.3241877
24.1606044
4.4552151
6.5073791
4.5850459
10.6541468
9.5837094
3.9465952
22.8155789
21.4643802
10.3195890
9.4935641
5.9850196
5.9402100
17.4625660
6.7358635
10.6819821
4.1476596
7.8895385
4.9492201
3.6598981
25.5106407
23.7309493
3.8041524
5.4427131
9.4132403
1.8768480
1.8234756
1.6358890
7.8771969
9.6193130
2.5988679
3.8886361
8.3679544
19.7130263
57.2125165
3.1912967
4.1067786
18.7362118
2.7262070
5.2601902
20.4453137
4.4559463
5.6130255
16.9676658
9.0602161
4.2135065
11.1809985
46.9645883
4.9955222
7.8749173
2.7910381
12.6696426
5.0138351
2.8914015
11.2219620
23.0484078
4.8276001
4.5522221
7.2465315
7.1509407
2.0811220
16.4549120
6.3339352
1.3784053
4.3447788
36.9949173
5.5442532
1.9015174
1.9412993
2.1575089
7.0406761
4.7215111
5.5871095
10.3946712
12.1711820
1.4863811
7.5995403
1.4883205
29.4774673
3.8818313
0.7549895
13.6703327
1.2057041
2.3864305
20.5823517
17.0412447
40.6638065
5.9925729
41.0113470
11.2520305
15.0856855
1.7425165
10.4900188
21.2466000
3.2923089
3.8607855
18.0756470
7.6375946
5.9560448
6.8107163
4.4108116
13.2037848
4.6006596
6.8035081
3.1541122
6.8141969
3.4917821
12.9353141
15.9812467
13.0989957
13.8703002
7.2178375
6.4771036
14.7347327
1.0743459
8.5033656
8.6360730
7.3115287
1.3443790
4.0008378
16.7767472
6.0910824
30.6639452
20.7386813
11.1920815
12.7740607
14.0564898
17.0098712
14.3480304
26.2465822
8.4604192
9.8313868
14.3671498
4.1880360
9.4934388
4.5328149
6.3312123
3.8017592
8.2990532
2.1850258
22.2475781
14.6960339
5.7469912
1.2188146
10.2087352
10.7549064
5.6223010
13.4734937
6.4970854
30.0444386
9.7389329
6.4758597
3.6376356
4.9176676
22.6405478
16.2615683
17.9838692
11.9002114
6.7059784
5.5827436
6.1824044
6.1097014
1.4175550
14.1983377
3.9496316
4.8109703
4.2287268
8.7041746
1.8646820
5.1373882
23.5799608
26.1125771
7.1267395
6.9836147
11.9440298
8.9657010
33.5464106
35.3475069
32.9704259
7.2481795
7.4638274
9.0960829
3.4089957
8.3655422
7.9061973
4.0659453
3.4112883
30.6945838
20.2621659
3.6447875
2.1484186
2.1853158
3.3003903
2.7417436
2.5568149
2.0310056
4.7189155
14.1269487
3.3026878
5.4996059
5.5890440
2.8401317
7.2838884
8.4362887
25.5830675
8.2465353
17.6987688
5.4382340
4.4043094
8.4956220
15.9752977
13.0363572
25.2474366
3.4586735
6.2599352
3.9531066
17.4877908
14.8427343
14.7328312
0.8013522
19.2548910
20.0703801
12.1790036
11.6769572
8.6749680
1.9593392
15.0322652
4.3106524
3.3605886
2.1036390
3.4111200
2.5668965
6.4631543
25.3084330
6.2513954
13.2500717
2.3445137
21.8847328
19.2181539
22.1809691
6.9863933
21.6125791
2.6866930
6.3477752
4.2361726
2.9128589
10.5587519
11.3295508
15.8198235
14.8337075
4.4597927
8.9134541
15.2097820
19.6714644
2.2769371
1.6500668
8.9660802
1.7501157
16.5619392
3.7285773
6.9996050
4.9922599
7.3183244
46.4524429
2.9961166
2.8435683
13.3057048
4.0796772
1.4214203
8.5505390
14.1709145
2.8011579
3.0079868
7.5655952
1.5350460
1.5885058
1.2233481
1.1998693
1.8357091
4.1671147
4.4306688
6.1265173
7.0702765
9.0733751
3.1973159
10.3638621
7.5269229
3.3919221
16.3753958
2.9839815
5.2282201
5.7948717
13.3580805
11.4213228
3.8045034
15.4998869
20.0900478
9.5598706
25.6791346
17.9844869
17.8548579
1.3820494
6.7339824
4.5004212
6.6922697
3.7642591
10.0981550
2.6086935
5.9786084
5.1921902
3.1681263
9.5124409
7.2824899
49.5713103
10.2427969
6.1738754
10.0074291
8.1170003
6.0286601
8.8386539
4.7327297
2.3470621
12.8627784
6.9589856
10.6447045
6.6900920
15.7916866
11.7700730
13.2086918
1.9985955
13.9107789
2.4818534
5.4972389
11.3657259
9.0840911
12.9278375
14.8257782
7.4599541
6.3754897
7.8102924
6.8952072
2.3531979
17.1659273
10.6994424
1.0592370
19.2497637
12.7371448
5.8025005
1.9752683
8.0500008
32.8719747
5.1755229
3.4375159
5.9636021
4.4568514
3.6186635
9.3173088
30.5994901
11.8719060
12.6378033
12.0969006
34.5412658
14.3149869
19.5344683
22.1786273
6.1182418
13.6088967
12.0083679
6.2885851
20.7890515
6.3366946
47.0512205
3.7943356
5.9640052
14.6047770
5.5735818
4.5480095
11.0516353
1.9111587
5.3440318
4.9701001
2.3072077
5.9348632
8.1350813
8.3453069
7.9978487
9.2420610
11.3782220
12.1962003
3.7644661
1.7573024
4.1867808
3.9033633
4.9302630
4.4409329
1.1244493
0.8612507
2.7209194
3.4956318
4.4354351
4.4384182
1.6774304
5.1772489
4.9284105
2.4083427
19.7218249
2.9982237
8.5834381
7.5908868
3.0576113
2.7914303
0.5701463
6.6571537
2.1400531
16.5345676
7.5048520
113.3831591
2.0710410
11.5569341
10.6079928
8.1572449
10.0897142
9.3180607
14.4689827
9.9805082
11.3005362
14.5685772
22.6960826
6.9591071
14.5884421
11.9757106
2.8010953
16.5224017
16.4902838
5.7711435
4.1755792
4.2793083
2.1844061
0.4119634
2.1734219
6.1177145
0.9104524
10.8708667
6.2672140
3.3391569
1.1627498
4.0453226
3.4482261
3.4373817
4.3564045
4.1129929
1.8763949
7.1430825
2.9495582
3.3859599
3.4582979
1.7210403
2.1763739
7.7752378
8.3143209
5.4841094
3.0718939
1.2585536
9.9506819
1.8510237
1.2272071
1.2743036
3.7788891
5.8339573
1.4019562
1.4166206
3.9111893
4.2533589
4.4421670
4.6042327
3.7135691
1.8490829
1.9819085
4.4767787
3.1224132
4.2382376
4.9380745
1.9608625
1.9623525
2.1063783
3.4751504
1.5294650
1.9211145
4.7782050
2.9505948
2.7302600
2.8520166
3.4009636
2.8246783
4.2618763
5.2589280
3.8232949
2.8817588
4.1777482
3.8799362
9.5199595
6.3861076
6.6059572
9.6866415
3.4234058
2.3366363
5.7813573
6.7187832
11.6224176
4.0170368
1.7874557
1.2863042
3.9168976
5.6095750
5.0809415
2.8923279
2.6755375
12.6907425
2.9669598
3.8452262
7.6699514
4.1112393
3.8378311
6.0940708
2.9946349
4.3544438
2.4433519
4.3321248
2.3327715
1.9009533
5.0455282
2.7265295
2.7852970
3.8510273
2.2978989
5.9259190
4.0557506
8.0627101
2.6647010
6.9430156
4.3352335
5.9445575
4.2941595
2.6667049
2.3991110
6.2966180
6.8507318
1.4978129
0.6342297
8.9695134
3.5680725
3.8888791
2.5251224
3.8827659
5.7082821
8.5634649
2.3427321
7.3618759
5.8310701
3.4606631
3.6501140
2.9959488
3.7824816
3.9569577
3.7952126
5.6822643
4.6883095
4.8948065
6.2961838
3.2729192
12.0104802
4.9102868
5.6554056
9.2683683
3.3424269
5.8473528
7.3349889
2.9587091
5.6154248
5.5007908
44.1049371
41.7667721
6.5432204
47.0657807
6.0618282
12.8345519
13.8297265
15.7757106
34.5728094
40.4497521
11.6546010
11.9424369
10.5676643
6.8851181
10.5018414
5.4135719
7.0786648
8.4424768
8.0863245
1.2305299
3.1961185
8.2421877
15.6135991
22.8115850
12.0294498
9.4296924
4.3386555
2.8065024
3.8032570
9.2931706
5.8220152
5.8947704
0.2008561
10.5712012
3.7042064
8.5054204
7.5472375
7.8989608
11.9875715
1.4188712
7.1076888
13.1502366
8.1855011
5.6214558
8.4671231
2.4818548
5.7610432
8.1374476
3.6568698
8.0412411
3.7883372
11.0013676
8.0360361
9.5869176
6.4609851
3.7959392
3.0864832
3.9849535
3.1506462
5.9057717
3.7097593
4.2185879
13.4196321
4.5764261
3.0215731
3.6358622
2.3356026
2.5926395
9.4858634
12.2012127
12.1373139
2.0448100
1.1518367
4.8489610
1.3691970
3.9427978
11.2856117
0.8841764
2.1542440
12.3680588
8.5057875
1.9491318
3.8243601
7.2916179
4.7288806
1.6968815
2.0633214
1.1055308
1.0797838
8.3722344
1.2344901
1.7154569
2.4230752
0.8540477
1.9994281
4.6358132
7.0335667
9.2859802
11.5571769
11.3522614
2.5035283
8.7206105
4.9769175
12.8525915
12.0169236
3.9245952
3.5375747
1.5320770
9.5128782
7.0257057
2.8856339
6.5733510
1.9473438
8.6711496
2.0766193
2.1426940
0.6679972
0.2131099
15.8478731
9.3851397
4.8813786
6.3224082
6.3882271
4.5846480
5.0543109
1.9166609
5.0060601
2.6071435
3.5479054
1.9425811
7.3797215
3.6912560
1.5094351
1.5374390
4.1763115
2.5150272
2.8475428
15.9255203
3.6264519
7.1913359
4.1434872
4.8158837
7.2580829
13.1577622
6.1253508
15.9349157
2.0088950
10.3390731
13.0584493
12.6711493
1.6933650
10.2463391
6.7719755
3.4753214
22.3582788
7.7190481
17.3442577
35.2755839
33.6976646
107.5672195
61.6911165
82.2519660
87.6084821
114.8694737
29.6959591
11.8999790
48.3539665
42.0193836
48.7164253
31.2571188
35.0257815
6.6029822
19.6688995
45.9335540
59.4473700
49.2988596
10.7269437
50.6475550
12.5329694
22.8839845
69.8905599
46.9555705
5.8607239
5.2428271
7.6549529
33.8417733
11.7107702
4.3910870
6.6532601
62.2602775
341.4557838
5.1216603
24.5837730
169.7637671
3.7557729
0.6221538
1.0492376
258.8475487
17.7754305
21.3240316
13.4555025
13.4719322
8.2824418
4.7407583
6.5301684
3.5173320
9.1208692
4.5485212
3.5696824
271.8253439
68.7623954
46.1766639
17.8366584
11.9676252
1.7056499
1.3564620
11.0116111
7.9505332
1.3769665
1.0407969
6.5547148
2.1724789
1.4060536
4.6097194
5.2506616
4.2890247
3.8856457
4.4502771
4.0800264
5.7596276
4.3230577
9.6977864
5.8192254
3.5206021
21.3718427
8.0886963
2.9715409
4.3757060
2.4214268
3.7317738
8.0677435
3.1125446
2.4470872
2.8457566
2.6094190
7.2811194
5.2909207
569.8460945
152.0203870
173.7767904
123.1922524
98.5473391
139.3726429
135.5276418
14.4456472
36.0701885
26.8453118
53.0048116
7.5266671
34.2956980
136.8252710
23.7096003
38.1383851
44.0024780
27.9595995
27.6294922
12.3382139
8.0025212
18.6362189
3.9762824
8.1387652
5.1917558
8.0263618
4.3828652
4.4797307
5.3252255
15.4847443
6.7385042
28.4528260
12.8775032
20.4040491
7.3408765
25.7378082
45.6371581
5.2688213
4.2707864
26.7902906
2.6338622
5.2524814
18.1838931
10.8390240
16.1382958
5.6746569
5.4428085
19.0006913
8.6365605
17.8866781
25.2477666
29.9279426
16.7355208
6.8913245
15.5648219
3.2623963
11.0714970
15.2994116
8.1306387
18.2376778
7.6139142
3.5333807
5.6942022
16.0563545
15.9681368
19.3447590
44.2165329
15.7175653
8.5689841
8.9446707
10.7531523
7.2975716
8.1980548
6.7378957
2.1138085
8.7082279
8.3569163
3.3951089
2.1291695
9.2887928
4.6466781
3.0768481
2.0597748
2.4196374
1.2895175
24.5977827
3.8788846
15.3520946
28.6050452
2.6453537
2.0398269
17.7113137
5.4267802
9.8357917
7.1602051
14.4954144
9.2906385
8.3553144
8.3819984
25.8298831
9.1220463
13.3643051
15.4676070
42.9686459
36.0033700
16.9372555
13.5696637
2.5390436
3.1979227
3.4487230
23.6262575
20.4563831
24.9791728
7.0306560
24.1114312
24.2515243
9.2769328
8.6655818
5.1820569
18.7211057
3.4026595
3.6884159
6.1747340
11.0508209
3.5193620
3.0425585
1.8182306
7.8179140
20.7540417
7.8741309
3.7004257
16.9998591
24.9045354
3.2870745
22.0919001
15.3452785
6.7549578
34.4450623
18.0625589
16.6409252
13.7887649
1.3031446
3.3275969
5.2858998
23.9260805
23.8298803
6.2046779
8.0101710
11.9740755
6.4806992
8.0936572
5.1332238
13.1231370
2.5520155
7.8296461
2.8232833
4.9278127
4.2670725
8.1328366
14.3335054
3.9050580
9.8527836
11.4887402
14.1727166
3.8530088
2.5016776
16.6772119
6.0229141
3.9193305
9.9864532
6.6337422
18.8503681
15.0893127
3.7670857
15.2133686
15.7500029
2.3326289
9.9484220
4.6742637
8.5560556
6.7836145
11.9302434
7.8467348
16.4143144
3.1392194
4.2364102
6.5624420
2.2044017
9.5835045
9.8294744
8.6900818
15.0987323
2.9741088
7.8817912
3.1996156
2.6770540
23.6327742
7.5600153
5.1103474
3.1891241
9.1076541
13.3192998
31.3027308
16.7326672
11.2863028
32.1607781
5.1823803
4.4367627
19.0690714
7.0186000
8.3280379
7.0496348
5.5523732
7.1413993
10.1224042
7.4837863
8.6285547
2.6242053
13.7027163
2.3326533
15.5921026
2.0483767
7.9472809
1.6680374
3.1335426
18.4729266
3.7693697
7.4892770
0.5972066
3.5323150
10.4817104
1.6578151
3.2493053
6.9127943
6.3545625
4.0575437
4.8427582
14.9272541
2.0905924
2.8138490
1.6004018
9.5668845
13.0093733
1.7046984
2.3736766
1.9837307
0.9265793
2.7298419
2.9339037
7.3323216
1.5415388
4.5290687
4.2277307
1.6059394
2.2912430
2.1557309
9.2229525
0.5827918
5.3433022
16.0444230
11.9841224
8.0966209
11.9374237
9.0572601
21.4086221
5.1335211
10.1410222
2.2091194
9.4324467
3.8892034
7.2766360
6.3758519
15.0265113
19.0344726
16.5392396
4.9537953
3.9062163
1.0926139
0.2201703
3.8547941
17.9788342
0.8868414
3.6170306
12.3375601
8.2359502
12.7516847
16.7825372
26.7664221
7.0414889
5.6961443
2.3917965
2.7774187
1.4208458
10.1617892
8.3482053
8.7643705
2.8927078
8.6976900
26.4480706
4.0686227
15.2112383
3.9396140
5.0617334
10.7170261
12.7317570
2.9742518
12.4392100
8.4710991
5.0258658
4.8559670
12.7606464
12.5216276
6.3498324
11.0188536
5.0744397
11.8686325
2.2064145
11.9235192
22.4996320
5.4918241
8.8032174
7.3658733
2.4091239
5.6112245
16.5964986
6.1833120
2.8630204
8.3436705
0.8871777
8.2969646
7.5060491
11.5076610
7.0457349
6.3113856
12.3126629
4.6857805
8.2244134
19.7224302
22.6578616
3.1217069
12.8953757
1.2376373
3.1280928
6.5273790
6.2752274
8.6546575
4.7544602
0.1234806
6.0631953
7.0280090
6.2439339
4.1045273
8.9297235
0.7538276
9.3584363
2.7302807
4.8963021
16.1220496
7.2775104
6.7644661
11.2532898
2.3628718
5.1600487
0.7560374
5.7811007
6.2345007
9.5534289
2.6707431
11.5306387
4.5483794
6.0401206
18.4489096
14.6113783
4.2348030
7.7630770
17.5949658
3.8844203
33.9728888
22.4457604
8.5204892
2.3164967
19.6596839
27.5107734
11.5454443
22.4353687
10.5513046
17.1388747
8.3091877
17.7719300
30.4363924
11.9763483
6.4314104
26.0510104
30.7934535
24.9613692
12.1133087
9.8614116
19.3990271
3.6277918
1.7747005
3.5296029
1.3525081
3.3676238
3.7429423
3.9854468
7.3199188
22.7963353
3.8018088
4.8345322
4.4711053
4.7267161
2.8916461
7.9982037
5.0755910
5.8902909
1.2574270
3.0468384
4.4591284
9.7930226
9.0000034
15.7614314
17.1233155
2.0717704
2.7263257
9.3826538
4.3760444
11.8629162
20.2836905
14.6650224
2.2053337
15.4464815
1.0086757
2.0320535
10.7629995
12.5704808
16.0076599
5.8671364
18.5200893
17.9744689
11.5510703
12.8029025
10.3012527
5.8538818
14.5330608
18.1951208
12.5740828
10.4765130
1.8882042
28.6997323
22.1131861
8.4264857
6.4844755
6.4768358
11.4381490
4.2323612
3.4472114
1.8601821
3.4165255
3.2962861
3.2078301
8.3252823
1.5703943
5.9225510
2.9452276
1.5085185
4.4192767
4.9535007
5.1471493
5.3884233
4.9326325
3.4160563
12.1817110
9.7049985
7.8228308
5.5447685
8.7494334
4.5087601
2.4428585
4.2939354
4.0632744
2.7404850
3.3745566
5.7863362
4.7734058
10.8591017
7.0821593
9.0967561
6.4759528
1.3798644
10.3748686
2.6394576
5.8205711
7.8148055
8.6195180
8.9230228
5.3339236
4.5211078
6.2288919
7.0127123
3.0900001
9.6629172
15.8639767
18.5760738
26.1352187
26.3900563
38.2829237
38.1225816
17.9292762
15.4676176
5.1767995
11.2313248
8.4314147
9.4286306
1.7428111
3.0667418
5.1621155
4.4195029
11.2990175
22.8004785
9.1346940
10.4509458
6.8102025
19.0934626
11.6197696
9.3603072
5.3132782
3.8949633
6.3453243
4.7430883
7.8121993
19.6586693
5.8502167
5.6758758
7.2576228
8.6844075
13.2217333
14.2345986
15.7240171
10.2358737
5.3502903
19.0466080
19.2850522
10.2857177
26.4553904
26.0984180
10.8201454
12.4636342
9.5265746
24.8540318
13.0652779
32.2585332
40.0468200
45.5454724
15.2972997
24.1732684
15.0886171
52.1799316
25.5575902
22.9532523
26.8813256
14.7579332
6.6599376
20.3651067
19.4532763
42.9212329
39.6269736
53.1436145
18.7010708
12.8619852
3.7477454
22.5855513
30.5266740
5.5755446
7.2662986
26.8754344
7.6668915
7.2485788
6.1370366
10.2889744
6.2569735
4.2907246
17.2003738
4.4441568
4.5039763
5.8897859
5.5708117
4.3701434
6.9826176
4.1710902
3.8135959
3.9260804
6.4887739
8.5099194
6.8882151
7.1876361
6.8256571
41.4482203
10.8236946
21.2401987
3.0894617
4.8699624
5.1835245
10.1168202
13.9099365
7.0369019
6.0671345
7.1385106
6.7583331
6.5625569
6.2336235
6.0375841
11.7401121
4.6551491
6.3305677
3.9238410
3.6431870
2.5536909
3.2433241
1.4545845
2.0989531
3.9269479
6.4855034
4.1691228
5.6758139
4.9022652
4.1004282
7.0058464
2.1098463
4.2255761
4.0815347
7.0167121
9.9534550
4.2099123
2.6827850
7.8975901
9.9931554
8.7087688
5.9646255
19.6877415
37.8815156
5.9098780
8.1710175
19.9805402
7.7123969
5.4392362
8.0729832
31.1777144
29.5482658
31.0604642
24.1170056
33.9363969
4.0581528
22.7556573
27.3178537
40.1832855
5.0009745
12.4091869
27.3196357
10.1335098
22.3148639
17.4036236
16.1020598
23.1048084
24.5480018
14.0769551
12.8697049
13.2638050
6.5572663
11.0176509
20.6812872
17.1054093
17.1958863
22.1038610
1.2503135
8.9064708
20.8736119
11.5431282
17.4544808
7.8034315
24.4792289
4.4269789
35.2407341
3.1592439
1.5307896
8.6402779
13.9321606
23.3295435
18.9015026
15.9475539
28.2666023
7.6660145
5.9323403
9.3297348
17.1678532
9.5726066
2.8562316
1.9093937
11.6732390
9.9267126
1.6099656
14.7645852
1.9033724
6.5369598
8.0772546
2.4681312
2.5594967
15.0635582
9.1446086
4.6159444
5.6938169
33.1146314
1.3295566
19.1852793
8.0241286
3.0733195
7.1986738
8.9092754
13.8827130
13.6780418
8.2507924
17.6642680
3.3989035
4.7085135
10.4477209
11.6630062
5.5132726
14.6386509
8.5969262
4.4500777
10.3495501
10.1368278
3.3044317
17.0415294
9.5483285
2.1653731
9.4543527
2.7829225
1.3328423
2.2127883
11.1334645
12.3395846
4.0750642
9.1203145
5.5878690
11.3486937
2.9031491
5.6275646
2.6342907
10.8763132
8.0488112
12.6953898
3.2686763
15.0989297
4.2131296
5.1722136
2.3510647
3.9693940
22.8113171
14.5519178
29.2282496
11.1464620
8.6279819
22.9194715
6.6796131
9.2479772
8.4426307
9.8020708
23.9908983
10.7093657
10.5992072
7.7112614
16.2966238
15.2835170
12.1042502
8.8056747
10.9172883
7.4465471
22.4107597
6.6608682
10.2961206
19.3070153
90.1465724
80.6200557
15.6787056
7.8266258
22.3306095
23.9732793
16.4088070
30.1417094
21.7995806
18.9199773
25.6432431
32.7855265
19.3076603
10.6188147
59.5048451
46.1510256
5.1171438
15.0587076
24.9082406
7.8365745
7.4095208
11.8072304
25.0764980
14.3283331
15.2093399
18.4206556
74.9118027
57.7083693
24.0622792
17.3953247
15.1192413
28.6621457
27.4175070
35.1330319
491.8072107
27.8457673
52.9653690
415.0908075
68.1331486
14.0921249
381.6126301
17.9587812
24.4805326
12.6819155
8.5222994
60.5987645
7.2519511
40.6289719
7.0487721
7.8743487
28.6974408
47.8115810
80.1673192
125.0912320
102.6836810
4.1025890
54.9991025
11.7714320
11.1552479
16.5916684
5.7746843
22.3340757
12.9009824
12.1381681
9.0190660
11.7837824
11.8125738
14.7599347
21.3510798
12.3699880
75.7874924
6.9248970
5.5347732
1.9081367
9.2246257
17.4599158
14.9659995
4.0654367
1.7117867
5.3234052
3.2885580
135.0101336
114.3925132
115.8338987
11.7093550
15.0663869
3.0481411
6.7364789
1.5854828
14.1762132
82.0110077
115.1566780
91.2826659
295.6940616
47.9758862
29.8336005
5.1962355
23.2408064
3.5582187
3.3607222
10.6989612
52.7220963
18.6457043
10.6609575
21.2440404
25.8171773
4.2500407
22.1077828
6.1543623
31.5240925
7.5860028
2.5065748
5.2770234
27.5639106
17.4870428
17.3220180
11.0575346
12.9951723
29.5705627
45.6191604
19.8684422
6.9880226
25.8952598
10.5438628
20.2392240
14.5606124
5.9082590
7.3258013
14.0139949
1.9881318
10.5750505
18.5389960
6.8028468
2.8361227
1.6239856
17.1679468
14.6950780
4.2899310
3.3914380
2.9673862
17.3895628
8.5409921
4.8483025
27.7548557
23.6073802
9.3316290
6.7090125
11.8243713
5.9128853
3.2914804
4.0068007
7.6901050
14.1674656
10.5052983
6.4923596
1.9900148
27.6805664
6.0209914
4.8721848
12.7001430
9.1761276
5.3015544
2.1732468
4.4608690
14.3925485
12.3494094
1.9646395
11.6042562
4.5375122
1.7029117
27.5379886
7.3841409
9.9128875
16.0410994
6.8323306
12.9245437
2.0393319
60.2800364
11.9978258
17.9392879
14.9307133
20.2992966
9.8274851
22.0765670
4.1186782
11.5294997
20.7017862
25.8102600
14.4048785
17.7316786
17.1885236
20.7257783
2.6265195
7.4102131
14.1953832
2.1658448
31.2323274
3.0746468
19.0520330
6.8363325
4.4395996
2.0226913
11.0420624
3.7320728
3.7463452
6.0014074
14.2628161
7.8079939
11.8680530
3.6439992
11.3631808
6.9350176
14.6540640
2.0452851
15.3165222
17.3573444
4.8383375
4.2443351
24.5009541
27.8554447
32.3544929
6.2970669
6.6740936
3.7208911
3.9960033
8.3210730
4.2459427
8.7765493
7.0221337
10.4011040
8.0618768
3.4014507
12.5845454
11.6581299
11.3848829
7.0069614
3.6330409
24.0834109
26.5779866
1.1854371
29.1861533
1.2808476
2.9084938
5.1793452
21.7017187
16.1571396
4.6100169
2.8744042
19.8092814
11.7969065
3.0932654
25.4851013
17.2583674
10.7789262
26.5057913
28.3901113
32.8813687
23.8652160
34.8548710
27.2538743
18.7332076
41.0812755
19.5777549
21.5705382
21.4478486
11.8401993
11.7824178
13.8737667
42.8998037
38.1330544
26.5530417
42.9240798
40.3184768
25.6173385
37.1850857
3.4228883
35.0329009
20.9313272
150.6504321
22.5582772
15.5623293
15.9758618
9.2238318
48.0376008
17.0729897
42.1020665
38.7035571
27.5548775
8.3576210
28.3114905
24.6915587
36.8060658
87.7691204
12.7108909
17.9521633
26.5623173
23.0253936
23.6910689
4.3718764
42.0833854
37.0799254
37.3314997
23.6349503
15.8696807
25.0166492
5.1895423
2.8068003
21.7276031
101.8744209
78.0613155
12.4953427
40.2449703
20.0428793
95.5561152
38.9624616
13.2461952
29.4446720
27.6242713
19.6096727
41.8740589
55.3186609
57.3888430
50.8471810
23.3417961
123.4879912
61.6146972
21.8753098
25.0174452
119.3950820
12.0569567
3.3092718
54.7678748
65.7518428
119.5093793
115.5713069
7.1219741
128.4650902
4.0696940
15.9732811
15.0036813
3.1701203
12.5764230
35.2039129
10.7967513
12.7462272
36.6389590
7.5576016
10.1767713
3.7648772
16.6582438
22.1745855
1.7289272
6.6968786
1.7747057
21.5101247
10.4099344
19.3679589
9.0273142
8.6347938
10.9504754
7.4327591
17.8940606
8.1163203
17.4654690
9.6440898
11.1990138
8.8978416
13.2162207
5.7382035
3.7435902
2.3857327
8.6823423
15.6317697
7.0479178
5.0449746
12.8588610
8.6289266
11.2477860
10.1326083
4.8834687
1.7028928
6.0808630
16.9347440
14.6561237
6.0299752
4.2748205
6.7767383
5.0671447
4.5773023
2.2290513
21.1021837
14.3825326
11.7708053
7.8265082
11.7002747
6.2925261
2.1188597
7.9557637
1.3444895
3.0005033
2.8849413
3.4529234
2.2246147
6.2624913
12.2486860
4.5271681
14.5766841
19.6830544
4.1136839
6.2171773
14.0860462
6.4188556
2.1592345
12.9502830
3.0558552
2.7837370
20.2985744
18.3870550
8.9440294
75.6459049
23.7136390
2.9297879
11.7060809
5.2854112
5.2724651
8.9785322
0.8608996
3.7334298
96.2167895
1.8724179
10.1165246
51.3966005
87.8463202
145.6831657
20.2792644
10.5125975
139.2126659
4.3404494
85.6218291
52.2442753
91.0896347
104.3402356
3.2432829
11.1432036
60.3118794
5.0484263
69.8538489
3.7642018
65.9613491
4.8154425
63.0602453
6.5838018
1.9470578
3.2257339
56.0873179
59.0835557
23.5814761
10.7981712
4.3565029
1.8191605
6.0604017
6.4872105
6.0573354
5.5137010
2.3306104
5.1516833
1.9767685
2.8740206
2.1122444
2.2794605
2.2280711
4.7150092
6.8271475
1.6908559
2.7347200
5.8441203
1.7849388
4.6298086
6.2619557
18.1749541
10.1986728
1.8503008
5.4069495
5.1952864
5.8482192
8.9352446
5.0074391
4.1447173
3.6595726
8.7227593
11.9883977
2.7351794
2.0290575
13.5721299
5.9452398
15.1872374
8.6774757
2.4140550
7.7904311
1.9850519
2.7427896
7.8281582
16.6601970
3.5518222
4.8432592
3.6975104
7.3703089
7.8967714
9.1034321
3.4470534
5.5964515
8.0842896
10.3020064
6.1823552
16.8551535
23.8051792
24.7988165
34.1070362
21.7676533
26.1751198
24.1111702
19.2275874
24.8447695
38.2893321
112.0220221
8.0884929
108.2507929
54.2576157
13.6562630
8.0630624
72.4705106
25.2216725
3.2762003
11.2098127
12.2370013
9.5980213
5.9841004
1.3169720
4.2783392
1.6072448
3.1903352
7.0439682
9.6530580
6.4281974
41.9827967
9.1484327
14.2597358
9.7608428
10.6085810
408.6149631
53.9298291
271.9303510
49.5257128
17.1702207
50.8297065
55.6410605
318.1912431
5.7654873
414.1753674
52.3970653
4.5023021
6.3157730
70.4921355
86.0170982
45.1133376
12.6237005
40.7649555
30.4416266
122.5185976
1.4628712
5.7863759
10.0845394
39.2525079
70.7820674
71.4294408
337.3313133
38.2656486
45.7404011
55.4364970
42.2117555
6.1996789
14.8268532
11.0616062
13.7686865
77.0919491
34.2472258
21.3729432
26.2026446
14.3313375
195.6345381
162.0908138
5.2499440
4.9334992
6.3625131
15.3957966
5.9021923
9.2850453
27.6555940
11.1369396
1.8983494
6.1464535
2.4677123
4.4881427
5.2558325
10.2449705
33.9102361
15.1257549
18.6562086
13.0816128
36.8345810
92.4649032
85.9916378
60.9683012
10.4748993
8.4252772
7.8471364
12.0710080
8.4505993
5.2057851
4.9628680
80.5727993
20.3977219
17.1930067
12.1971985
24.4702211
14.3495331
47.3167008
20.2462329
14.3078653
22.9205002
8.1066716
3.5617280
12.7593576
8.0260472
23.2213386
25.2882113
22.7084915
16.5571146
52.3929336
25.7607391
7.8707374
15.2946321
16.2463529
11.0171520
22.9233769
20.1855820
18.6161916
7.6366587
4.0618244
2.2196943
6.7251622
8.1512787
27.2272323
19.1497421
18.1067847
10.4201669
18.1602966
5.6469491
16.1282211
4.6664889
15.5121843
7.5403931
2.6158975
16.3553206
5.3927538
7.0841855
6.6219349
9.0369607
3.2625724
2.2140660
7.8325819
9.8047067
6.8120552
5.4905838
16.1832219
13.2116756
6.9939541
14.4296872
4.2909972
5.0557448
4.3760403
4.3489409
14.1445169
7.4411157
6.9154606
4.2814760
11.1375140
3.7179752
9.9761655
2.0371431
11.1804125
2.5879217
2.0766643
6.4590249
9.1443775
2.4131047
8.2371815
3.6040086
1.4667099
7.1483050
7.5398610
59.9251861
10.3313709
5.7435937
6.0195906
3.1515027
3.5917469
8.5679544
8.2113997
31.8391140
39.7248718
9.6622947
115.5852192
2.8341120
7.7880693
60.7671161
7.2936623
27.0381565
4.4304584
8.4022359
8.7420750
13.5053017
7.7204901
13.6171227
10.5432316
21.9544662
9.4163227
13.4382922
2.3663324
85.1679658
7.6176585
2.1699911
20.5127375
14.8137699
4.8618721
9.4237160
7.4736986
10.1445258
9.5024442
20.9728123
1.4229326
22.8522947
2.9456110
4.7269536
17.0631202
7.5651601
1.8450074
49.1255310
22.2965360
15.0280561
4.4404570
16.1690315
3.4125143
4.2348813
3.2385104
4.7515280
15.6545607
0.5081205
7.4618802
2.6685552
27.7291337
4.6818206
5.5275387
7.0196467
8.7858182
8.0721609
1.5273916
2.7179313
2.4223585
6.4031321
1.3657579
2.1298944
2.6409748
3.7637237
34.3992853
5.5632047
7.0881320
1.3380112
4.4516034
0.7456871
5.7757827
1.3617930
2.7435276
5.1153448
11.7668299
3.2536306
34.0053819
1.6151469
2.2220880
5.0535861
3.5709834
10.5403081
7.7978843
1.5227365
8.8862572
6.7386328
28.2919422
10.8194151
4.3502951
16.3773857
13.0782969
20.9751192
26.1220241
20.0693973
11.8110851
7.2579274
13.9395971
13.4283280
26.6896194
13.1182352
13.1742912
9.6089303
5.8202568
63.3717763
21.8062678
28.4234568
14.8917859
24.5673031
169.8292295
320.6411615
378.9699846
175.0328184
14.7153888
57.0245674
34.2539016
42.5431632
18.8767280
18.4552386
7.1079893
15.4204316
243.8722780
63.4470181
8.6386938
8.4792157
16.1125336
38.0395411
59.8546838
12.8394583
36.4952341
25.0261777
1.1421442
26.4986477
20.5867509
27.6147415
17.7306195
53.4540516
20.3876396
73.2425110
20.6964778
6.4912743
37.8138935
25.3322377
80.8810527
8.3160649
4.8129368
4.1969987
5.4971397
9.7260426
3.1195820
4.3266032
13.4828710
179.3788388
135.6519193
3.5911223
5.5435953
28.4200607
5.8455804
3.6464838
22.1537871
89.5932947
60.8712734
29.1906020
3.6316581
11.0018804
8.8746773
9.2549270
18.1434644
2.4858385
7.3446449
7.8956714
7.0211796
4.5264500
10.1051599
11.9567935
1.8728842
1.7130103
6.4056684
13.5171910
2.4992025
13.9498720
2.6306983
9.3797047
5.1229197
9.3133928
6.1361325
2.6431444
5.1599549
5.2194394
5.6646462
15.5616074
6.5804505
15.2666885
8.7616281
7.5188759
12.5191478
11.8274063
3.8683357
6.4103695
4.8634106
0.4786568
14.3837784
16.2152281
1.6844528
14.5037403
5.5057234
13.0943625
10.8771036
2.9478843
6.7444231
20.4412095
4.3731982
2.4246397
1.0225268
3.8316896
15.8689043
5.8103738
20.2627296
22.2022163
16.3874329
7.5812907
7.5441750
11.3102419
14.2305963
14.6453630
10.2645251
9.6634758
9.5574330
7.3976528
6.3460527
8.9846110
11.1042373
17.1756179
12.6318761
36.6673383
10.3159595
10.2738422
13.8173130
21.3313052
15.9220456
15.5039851
24.2007155
7.6440116
11.5014016
14.1623334
10.1113207
8.9840444
11.1671173
12.2684429
7.7035250
11.0119751
13.8728650
17.5704346
12.3902254
7.5423053
7.7814787
13.1502131
28.6531812
17.0872977
8.8335492
5.8192366
10.6587738
9.1858807
23.2080154
19.2751754
1.6844447
8.0829029
7.0706752
4.9118795
2.2292395
11.0748528
9.7988847
7.5671453
5.4449360
4.8801069
8.5498711
6.7371198
5.5514472
6.2639634
6.6823678
6.5737349
5.0876982
3.8401980
7.3951455
1.8718953
13.2654322
9.0852458
17.1050345
6.3676084
20.7536887
16.8352392
7.1215990
145.0859904
81.6926138
24.7877339
79.1115496
32.1157264
349.8993196
64.2985001
379.1534686
79.8084365
18.3510782
23.4236789
30.1326509
59.7615554
9.9586072
6.0195264
1.4189981
3.2836034
367.4789472
22.9854459
131.8133930
383.1179499
141.5088156
28.3225054
16.3930102
7.9190000
8.9308886
15.9692263
28.0161197
10.5725917
12.1554228
20.0875376
11.5878418
7.0068574
9.1329394
17.1904881
20.7937552
18.1479753
9.2517599
14.7625583
7.5037537
6.3216499
6.3691466
3.6617484
9.5608156
7.7489257
3.8940942
2.7534088
7.5810760
9.3659518
4.8235507
4.5148911
15.0360704
7.6200423
5.4490379
5.9724266
3.0692703
4.3792843
1.7207063
4.3572262
2.8220495
8.3413626
5.2457824
5.5918111
4.3423232
9.7381240
6.7141734
291.0447142
14.4553235
4.8977262
264.8775895
30.5448722
8.9718039
29.8126451
35.1126264
1.9730735
7.7061666
7.8230315
4.6895082
4.5063241
52.1478632
39.9479165
5.6444483
4.8737994
5.1850037
5.5037272
5.3148375
3.3341465
3.2000954
4.1996238
17.5686817
16.2982814
9.6967513
26.4189563
10.1681790
18.2266841
29.0572588
34.1349569
13.8467110
47.9383709
14.0763977
20.1398633
26.1490651
10.2945483
5.0883548
3.1565214
15.1581100
9.3990560
26.4925360
10.9885572
14.9163323
26.5614066
25.5975416
25.1969001
37.4667857
7.2571156
19.9161438
10.9237058
33.5194855
73.0381122
36.3155944
3.6903401
4.1282499
23.4132444
1.5243268
28.9415272
37.0935258
16.3571493
14.5321049
3.4283750
23.0470558
5.8010731
11.9535105
11.5892674
14.9343755
1.3308817
2.4679610
1.4125177
13.4640478
3.9260430
5.6079323
3.6754131
6.3707958
4.0006630
17.0678101
8.0924362
5.2812329
50.4937762
18.3405623
3.1127092
3.9016400
9.3017043
4.3731153
8.5367465
9.0139793
13.2868418
13.1921026
18.0216938
3.8372792
17.5505549
10.4205152
4.9643601
22.6907470
1.4466266
22.1164915
6.9538579
3.1373718
3.0457987
7.3087603
11.8356150
5.2029133
16.7215363
18.5270805
7.3432519
0.8795823
17.8005603
16.3231028
2.1448336
21.5410536
7.3532509
3.3690168
2.8813968
9.5816950
20.8304557
2.7642969
1.0130144
7.5997805
11.8532210
1.7705024
10.5064299
18.9880440
8.9034319
5.0147047
3.2904768
6.1767592
10.4539203
1.8218077
7.2975788
5.8762495
3.6736981
11.4371813
7.9534766
5.0318376
3.5182264
3.7260906
0.9927291
1.0521864
5.8799918
24.6466198
1.8777711
18.5782849
4.4783639
4.8106063
1.8381580
8.1380845
16.5403430
12.7258019
8.4879020
5.7865164
2.0693933
10.5762930
0.2963179
4.8505210
7.5193093
3.9223712
5.9533757
3.4337625
7.2308849
2.0124357
13.9048519
25.1659125
21.3818262
13.2497947
2.6636760
1.5447035
2.4728590
1.3372227
6.3503518
26.7202077
34.1180302
40.0396009
43.5879229
6.1877209
1.5914033
11.7707785
19.1462815
2.3149060
1.5364028
1.0315177
8.8030476
2.2417916
2.5355416
6.7260565
2.6319411
3.1627316
9.5248722
0.9482865
10.6118702
8.5586721
6.6064823
3.9326178
3.7686701
8.1589620
7.3635999
14.5951935
1.5958834
8.2632590
2.8478399
8.5868877
5.5711552
0.8721305
2.4113747
3.7989139
4.5132642
27.3658886
8.0256275
7.2781386
11.7146586
55.5423233
4.3263134
3.1483751
8.3882209
6.3291712
5.4577249
2.1333025
3.2563727
11.1886724
7.9422383
1.2806420
1.5262552
12.6976759
8.7579322
10.4780812
12.1049494
12.9563567
4.1223132
3.4820476
4.6780252
8.9869309
0.1481338
14.0193483
4.1390662
5.0424847
8.5202442
4.4721122
2.9711236
10.6106768
17.1248209
10.3710891
25.8239284
15.4685927
7.8636078
4.9221119
7.2712049
18.2788150
4.3897347
12.5441198
29.1248031
6.2543516
32.0083088
6.7471572
19.1432055
3.2818706
29.0903923
18.1712277
12.8292580
33.5437515
20.5091768
7.8831268
10.1315108
24.2790804
7.7315113
10.6397391
15.9512987
9.2839000
28.7476671
41.7183248
11.4010690
11.1218913
7.3336757
7.0077432
8.2481347
42.7645069
2.6028339
4.3164315
2.6136231
6.5708936
3.1724082
5.0070849
16.6042774
15.8215664
19.2748171
4.3049863
1.5150684
12.4435729
17.9665380
18.4738198
1.8261314
22.4940520
5.1481649
9.7840633
3.1655768
0.3963281
20.2396784
29.4395995
12.5105420
13.3707609
19.5657009
10.0747272
45.2794954
28.4980415
39.7074312
6.3659280
22.4876188
8.7103214
1.1149100
6.9708399
39.7637242
6.9978132
4.8704297
19.3257478
7.1647917
8.0240890
21.7125580
1.8029213
3.1800392
1.5422673
15.0016080
25.4421772
93.7179265
8.2427224
12.7307111
1.1509266
5.5261866
35.2544162
3.1824086
7.9126074
4.6527873
69.1745970
2.6328089
52.8961655
3.2063649
2.9287149
31.2269201
8.4545861
6.3626002
15.4300589
10.1589220
27.5754448
7.3119569
61.7962292
27.3316028
17.8497171
6.2352664
14.7331817
6.6715827
19.6483315
7.4443359
9.2824195
14.3513435
461.1400909
41.8458597
17.6455148
16.6357498
17.4680052
23.3826115
2.1616745
10.2665516
14.4863885
15.7632976
18.6097406
4.6552337
19.0361138
17.8493571
28.3418331
20.8001472
50.3793248
42.0883978
43.8927243
33.8153717
15.9366039
476.9507393
21.8041417
25.3131459
9.5368154
5.9813168
18.9465854
59.5171769
13.8558400
12.9075699
51.4237571
41.2959735
13.1476390
59.4405321
23.6367993
22.5041772
44.9814812
13.9002659
11.2023829
11.6494182
47.3925740
8.4462121
7.3828646
12.8995917
130.4517098
46.6851868
20.9580513
73.2380437
17.9868467
31.0122852
68.6073818
28.8516033
16.7863477
4.0528904
15.5400795
87.4257060
3.0987269
8.7124905
14.6389071
7.3985183
2.0071771
8.3582284
8.5330307
11.2111928
7.6455824
7.5836710
2.0082267
5.3906598
7.5351814
9.8634983
4.3413989
14.0516428
4.4271749
7.5016852
1.2049888
1.1704189
8.6051109
9.1468218
23.2494694
5.4509979
8.7578836
2.2075116
3.6726539
5.6380375
10.6234706
12.5742914
10.7424882
2.9960746
9.6278987
4.0777417
1.4962347
2.8432772
1.3107691
12.0677584
2.2200193
6.9779598
2.1007349
9.6153650
8.8047643
20.8009346
4.4084894
9.2438863
0.6332117
6.9087417
19.2913392
1.3855756
4.4441555
12.7940889
8.4571877
3.2413557
7.4411313
2.4769624
1.6097553
3.2599765
4.7255212
3.7568402
2.3054921
1.6369459
4.9657066
1.7929781
7.8028040
3.3735471
3.3920144
468.0324866
541.9196964
5.6096554
3.9380350
45.9938433
579.7392399
606.4888351
73.4328718
69.9386204
70.2068622
35.3703556
9.8829975
15.9524282
10.2459162
13.4984877
34.0280987
17.4271541
8.0190066
28.2820181
20.3021301
10.3542931
12.4681700
22.8113382
12.9920744
79.4879344
82.4997710
140.2130744
25.7052732
89.8480114
77.3074217
88.5135839
86.2850657
81.4874983
86.6157096
59.0757901
97.4289845
101.2855550
14.7849808
16.9934080
16.4889969
21.6055788
45.4548622
17.6899626
6.1258850
23.6793854
17.9546838
32.2386285
161.1627938
52.4977029
24.7114036
16.9903553
524.1393313
8.6141803
40.0838356
14.1484005
11.4185455
21.7866999
17.3145818
22.6392304
31.3095347
26.0120116
11.9196851
11.8855032
8.6775809
5.0750748
5.0952231
29.3948155
19.8554660
7.2943023
6.4597849
21.9370651
21.0210685
10.9775884
74.5370158
10.0052646
73.7296615
67.9240782
23.9128808
8.1354843
10.1579989
12.4578145
12.0210651
26.7567194
10.8196174
8.1100114
14.8505113
16.7001366
8.0375258
13.6903506
6.7283519
5.2522063
6.5427144
4.0438682
8.2076346
3.8831642
5.7338328
9.9029375
5.6057794
1.7339118
10.3593061
9.9961104
10.2467030
6.9265189
7.5401548
6.0119380
4.3081668
6.7733987
4.7209388
26.1094094
4.3720362
13.1379993
13.7875567
8.8404209
23.4951114
7.8979827
12.5789141
281.1568180
510.1190654
163.5246828
469.3005401
25.2149175
39.4446862
20.5763510
272.4480868
318.5433607
33.5441309
53.0305477
578.9996771
584.3642991
569.9208023
11.3695487
9.6736375
16.1079632
6.6283731
18.6252792
38.7796642
7.2201644
21.6592031
11.2706909
10.1118082
9.8065174
17.9623382
14.3369330
37.5416335
19.9153874
11.3953175
4.9610805
5.4170543
13.8240391
5.5704438
4.5768404
4.1469473
6.6804280
5.1642880
12.0160190
4.2913260
6.5752968
8.3040371
11.6335388
11.7278257
10.7200625
28.6297177
6.7112943
15.0185261
7.6507231
6.5357062
7.4719516
10.4663120
8.3637296
10.6050468
7.1293960
7.5563270
8.0281065
7.5436470
5.7960160
4.6560537
8.9254325
11.5479127
7.4677007
12.4961738
9.4981679
7.6343713
8.3491701
11.1490811
5.6903591
6.4500700
5.2938280
7.0336693
7.9928867
7.6938928
15.3658159
24.9614698
6.4189470
11.7675468
8.6393610
5.4838208
8.4501421
5.9856676
3.7014691
5.1517337
7.7066457
5.7769409
9.1348215
4.1444616
11.4355109
25.8378257
7.1173218
9.2141442
7.6921698
5.4504695
21.0862930
603.6613208
14.2877148
6.7882204
11.4732773
10.5002126
8.7845519
16.8115429
13.7643255
2.6777914
16.5550278
11.3301658
7.1818264
15.6053459
10.4664554
19.7598317
4.0598769
2.0713002
1.8642281
10.7264822
4.0606825
7.2560496
2.7007210
1.3277948
3.7863165
25.2331796
29.8103070
9.3861257
15.4963939
16.2492162
4.3017446
9.7769375
579.0255566
29.9268900
11.9127337
4.7240675
22.9444869
406.0439136
25.0939172
2.3456220
189.1128548
60.4850923
24.2440181
16.6133473
19.6224883
15.4627223
506.7691316
11.6069493
7.6245302
169.2772542
301.3525732
13.7805914
534.6466526
566.3196045
13.4738072
589.8664076
490.7664464
592.3738743
17.7849954
3.5503999
7.8233923
17.0208989
0.9501439
4.7009751
4.8781895
12.2196639
5.9652023
10.4219555
5.5213005
1.5421850
5.9257596
13.4182152
15.2232471
4.2976875
4.2037427
3.7025650
2.3733040
8.7412125
2.7783084
2.0582090
9.8096326
1.1208468
8.3263973
8.5564448
3.0299623
4.1325200
3.6986837
5.9827806
4.1072332
4.5909407
5.9205909
3.9514936
8.6496026
5.0887827
17.4843397
3.4305644
6.9710889
3.3928117
2.7486402
9.8897949
4.4100234
4.5731408
11.7531564
8.2634999
8.0288204
8.2091711
266.4655786
70.8263343
23.6865947
7.8910403
2.2292938
2.4860049
6.6704435
15.9813234
4.7960936
6.0357701
5.2499880
6.3344699
12.9544285
5.2969205
5.0265374
4.2684764
9.9800891
28.4387230
85.8262050
124.2898453
9.1086855
64.9959881
72.4435538
3.5384635
2.3337125
4.2051541
1.8584311
5.0586820
7.1823579
10.4772272
11.1035569
43.7746254
5.9821249
9.4597558
8.6658276
4.8111430
5.6185017
4.1358098
6.8266998
6.0217924
42.0088118
5.9093555
13.1854815
8.8316742
31.9757710
6.8853187
8.7994538
15.5011877
11.3997579
8.1928243
24.5427201
19.9045378
22.0984988
9.4842277
6.4830893
8.0259797
7.5796133
11.9887844
116.4247586
461.0166068
46.8128863
22.7115720
68.0711409
66.9669397
59.8681982
14.1517568
9.5937558
34.6354773
97.7284130
72.5907883
44.6788280
96.3973100
89.3290117
68.0479527
25.6873501
62.8066222
18.6750307
24.1458383
31.4008956
56.3307723
24.1978747
15.2580756
9.2544596
23.5500854
40.2555907
5.1248748
105.9275559
4.3883425
61.8226028
86.4252046
7.0587056
37.8440374
3.9610089
30.9544556
3.3298224
1.5356771
25.1633155
10.8197784
5.7758698
70.5542733
7.3870122
82.4031126
51.9715504
19.3888189
34.7152016
2.1119900
46.8582062
3.6326517
4.9998829
54.6391860
49.6874169
16.6227878
87.1206100
26.9978957
3.7886972
3.5173567
19.5644444
29.1112798
4.9215066
15.0298119
14.4563717
5.8627765
13.1414005
8.7728370
9.0646392
2.3424358
2.2208798
22.5028140
32.9849982
4.1169340
9.9720897
7.3705374
5.3896519
22.1825096
22.1884463
5.2624058
5.4235237
7.5410403
21.3769825
14.6807062
8.7978525
14.6807837
5.8189903
5.5250716
3.7030016
2.7921615
6.1312696
7.1288367
2.5628213
5.2104857
23.4439439
9.3115857
14.9940525
19.9186086
5.5102555
8.7985126
6.4230572
4.6825907
5.1994983
5.4874498
9.0361880
31.2781189
14.6831320
9.6232442
2.6887670
5.3301276
5.0736458
5.4770546
7.5441524
16.0312479
35.3142435
34.6814976
6.0929610
8.9606522
5.3206813
7.9024480
8.6927606
6.3466610
5.6537430
4.6690368
86.1755783
8.7033536
4.3725896
13.9784910
14.8401048
1.0803238
4.5344449
22.1882499
9.3110825
5.1966010
35.4558830
16.4794710
39.0582491
6.2172990
4.6019797
19.2137062
6.0522152
8.4451372
5.2576088
4.4241039
20.3570605
98.2397545
5.8645791
9.5682546
3.4115248
