4.6782178
2.7011334
3.1133462
4.2274299
13.5812771
4.5543077
6.6130969
4.3347430
4.0354671
7.4603547
5.0646902
1.5968907
4.2825482
4.7244416
2.0883049
4.4948064
4.8683996
5.6015286
4.8914565
11.5040376
4.3776927
4.2965844
3.9773972
2.9089414
4.7334945
11.1551081
2.9275093
5.4853883
4.4791894
3.2618648
10.3937449
2.8830469
5.0456730
13.4369764
4.9452435
3.1704923
3.4671076
3.0653076
4.4140434
4.4544946
11.6267409
4.1917520
2.1961884
4.6077602
5.9137842
5.2817312
6.6116798
12.6335788
3.0466249
3.7299910
4.6970770
13.7935554
3.3696036
2.7201241
14.1636499
13.3019427
3.4404092
5.0336003
4.2947835
2.5848632
3.8846528
4.5885275
4.2146139
4.3897545
4.5719864
2.4523989
4.5026855
4.1188772
3.9199961
4.5882336
1.8193924
4.7918887
3.5004767
4.6639397
14.3620903
4.9614377
4.3200507
4.0587317
3.4344377
5.1547309
2.6343489
4.6645016
5.1202093
4.9529511
1.2920981
2.3014169
2.2964229
0.4054691
2.4902090
2.3109312
1.5460612
0.9107624
2.0450403
0.6508162
1.3727864
1.9807947
3.4446491
1.5680887
1.6068102
1.7627718
3.6253986
0.7565806
1.3097638
0.4849502
3.1792722
2.0744478
1.1260059
3.4576468
2.1517367
2.9738335
1.6461570
2.2092859
2.4891674
2.9792493
1.6725392
2.3841839
4.5646642
2.5098601
3.4803244
4.2020442
5.0776910
4.5658358
4.0972470
3.2437684
2.9361867
5.1071204
4.2268086
2.3112355
3.3058112
2.6544929
2.4632740
0.7664849
4.6642512
3.2078385
4.9514651
2.2284063
4.6535010
4.3824692
3.0204563
3.7374653
4.0880010
5.8618078
3.9979204
10.1767101
2.2299996
3.5225867
2.7450681
1.7171865
3.5497795
1.8971791
1.5726907
2.8344231
3.3231549
2.1636157
2.5038415
1.9952350
0.6907153
1.2949391
4.0713085
1.7066548
1.5220259
1.9757240
2.7496050
1.8351352
2.1882699
3.1068715
0.5918493
1.1506266
1.6601110
1.1763767
2.4267078
0.7568791
0.3710121
1.5920079
0.9352521
0.9145541
1.2720131
0.9172590
2.1347354
1.7628699
1.6978172
0.7307104
1.2748357
5.3634772
0.2287136
1.5472568
1.4638358
0.4429911
1.3765587
1.1816220
1.5179298
1.4953547
2.5867508
1.9631857
2.6228649
1.3027606
0.9824583
0.1809947
3.4537183
1.0591061
2.3076115
1.8105155
2.0388296
0.7773936
1.0696292
0.7762618
2.2591718
3.1542576
0.8182960
0.9570158
2.7857508
2.8482775
1.4725034
1.0211366
1.5257637
1.2486946
0.8122413
2.8797638
1.1534047
1.2269990
1.5994354
0.7327183
4.3922638
6.6060327
1.9734212
1.6663891
1.6311011
2.9052268
2.0554784
2.2753004
3.8759429
0.7590392
5.4633999
1.5587125
7.7975202
3.7715769
0.9334394
1.6589615
1.5426569
4.5174977
2.4791934
2.8562004
1.5326841
3.0482257
4.3131713
3.3542872
2.1614933
7.5435191
5.8120426
0.4297422
3.6999930
1.3513362
5.1564580
4.2552959
6.3164438
3.3045585
7.0471392
0.4243751
1.0961479
3.8249208
5.6390582
3.8858352
2.6771365
4.6379593
2.5002079
6.7222987
0.7875935
2.5419046
5.8886326
6.9698613
179.9029813
26.5964309
9.2098886
2.1840202
3.4176412
3.4111615
40.8601015
8.4811607
14.1198103
6.1685198
1.3714523
2.5102784
9.3200313
3.1030775
7.3620951
8.1373809
4.5362201
1.6778999
0.4508011
0.8039173
9.5928085
14.5542516
6.1295731
40.0720052
15.0657876
12.0536899
1.2050879
3.9826933
4.1472689
8.9993310
12.8706908
10.4984037
4.6093393
144.3502889
165.2476580
1.8598949
1.5387490
5.0083944
18.4131887
4.8850958
16.1687430
6.3209634
30.9325480
37.7403824
177.6465053
116.8554256
165.8352437
99.2556085
167.4577068
4.9866144
6.2631263
14.9153383
16.8737520
75.6377006
21.6202447
16.5718729
29.8001719
4.7972047
24.1543589
169.1986609
99.1543321
25.1048380
49.1310740
65.1779355
80.6976918
114.9026137
87.7029755
55.8304432
9.9918429
37.1652774
35.2181552
119.7151927
30.0709184
13.5866473
14.3477717
69.3919449
179.8073638
57.4497225
179.6891965
36.3775533
178.0204081
145.0944133
40.7282802
21.7519492
22.7064121
10.8952218
17.2316641
39.7357040
31.4806147
12.0615369
39.4242297
124.4230088
1.9913086
84.5485958
53.2009981
65.7372587
43.9675639
106.0716439
23.1691041
9.0796159
20.0551174
21.8039373
9.6431939
5.1732573
7.3189945
3.6900606
5.4754662
21.4754873
18.7195150
24.0515351
1.3924353
29.4859641
12.6008096
179.6803583
21.0488465
22.9415032
14.5626183
22.0153065
8.4268106
15.5648680
5.3456221
31.3973259
141.9184007
8.2206948
9.5278667
176.2118047
12.8054930
157.8553731
39.6990203
11.3022095
6.1786903
17.2439284
21.6654026
4.9918621
31.7132290
114.2560390
170.4966894
171.7319143
48.6183902
6.8402093
95.1649951
59.5436489
70.7727783
38.3779070
20.7953553
23.5361703
31.2636487
66.8272078
161.7659754
43.0099345
86.6498836
71.2642752
77.4815063
43.4323738
175.2378640
22.0612963
57.2302083
162.7488270
47.6317146
29.9208063
26.9956322
23.4208626
19.4118001
32.9299179
27.0503713
30.8309426
174.7269874
32.0113582
47.2499625
42.1275258
173.8036907
86.2959318
111.6421991
61.7064571
149.6269534
137.2278743
33.7586282
49.0580363
77.9132986
152.8619167
23.5698675
33.5209754
24.7535446
6.4661747
53.9270441
57.6559250
11.2520379
11.1351271
28.3126526
17.3243715
99.6250530
146.6189542
166.8502888
179.4119804
125.1663772
89.1860494
55.8736069
174.5532391
17.3073011
5.2824031
51.9365170
82.1458128
61.1782984
158.7609721
136.6413299
166.8788116
170.4266619
19.7349779
177.8585162
23.3892457
35.5781369
109.7605467
21.8007071
25.5853994
22.9483063
5.1598708
149.8920855
56.1265864
9.5384536
9.3070108
120.5939424
176.5760882
5.6082212
42.2323164
27.8109370
96.1796757
165.8878609
59.2172928
142.7837045
173.0598620
137.5788261
22.7234180
114.8141056
153.1114342
105.7920623
117.7212210
30.6165716
179.6004544
172.8267478
24.9332472
69.8431173
83.5261035
156.4548017
158.2724251
91.9926709
26.1806370
45.7210334
60.2617198
38.3767973
113.9192330
18.9099597
13.5434184
17.9760044
34.7500900
71.7937474
68.8137106
47.4738875
7.9750585
19.5189488
48.8909284
25.3986820
175.0946732
32.3808488
30.8461626
37.6373441
6.5703316
19.9131686
57.7284145
15.3761287
18.8255090
20.1494187
1.2324058
17.0070127
23.2112543
121.8592399
29.0744271
140.4809412
179.5282663
151.8129052
39.3149241
145.2949159
118.5043028
120.8052795
32.8526004
16.2914753
35.6713987
178.2653322
141.1930825
58.6270126
175.2267791
66.8227263
109.0915100
2.8261611
3.7036371
71.0133616
16.0372220
75.5797799
32.5759050
52.6929428
94.8097846
128.2895510
23.5365876
30.6224803
178.2954380
22.3782904
90.0425805
157.0633474
171.7708235
159.5498167
18.9212336
45.0209924
46.1938916
153.1816601
43.1616550
120.9839815
103.9711148
167.3498096
2.9359572
4.7591152
3.8028399
12.4385671
14.4385319
21.5265757
30.5817153
12.1737375
176.3409403
7.7537857
173.9233742
17.6220698
20.6295793
55.5322145
57.2837339
168.1706715
69.4043286
11.6827683
22.2245435
158.4463654
57.7235117
20.4196331
32.9581389
27.9644693
174.5073401
118.1290519
172.1850070
161.6521979
163.9284734
156.4564017
126.2529422
10.1025064
155.6136105
142.3830256
10.8892142
83.6496511
85.1191683
32.0840888
75.4463919
24.9161320
115.0814480
28.4664205
31.7935423
4.7853063
3.8846189
26.1267912
29.8181826
175.4068980
17.7442569
14.6074907
11.1920035
8.9668623
2.1726050
52.4745893
101.1737920
68.0918496
8.2332120
88.3886879
24.0643272
5.9324019
9.5229369
116.7332671
3.9830248
4.3459093
7.2933047
40.1290388
33.3944873
11.2389124
1.4804169
8.6273321
175.2814791
18.2986426
3.4257853
43.5048504
38.7165349
16.2890524
39.3058924
17.1656763
16.6285390
17.0634736
17.9730498
6.3849268
2.0267728
16.0313568
4.9710365
116.7174508
2.1498314
149.0175071
18.7217535
99.6955152
22.8942639
5.8527119
13.2152772
9.8582088
128.9076887
97.9952840
12.1267219
98.0384796
61.0367379
23.6681006
58.9939491
36.4443069
13.8512691
39.6680993
179.7426779
52.1694940
102.5289420
129.1673189
161.5537458
158.6674123
158.3080859
154.2368412
175.2579960
141.3873609
161.8014519
140.7749006
12.1083012
104.5708774
109.7703899
7.7460125
4.7780323
6.7322062
9.1140869
9.7427893
8.0831470
18.0297300
18.3044227
154.0505451
160.2433029
179.8054652
6.6133009
2.7387573
1.1594803
13.1735987
4.1806898
129.3008843
10.5459989
8.7155561
6.1000701
2.5936242
2.0296644
2.0804060
15.9216001
7.9223978
4.7852618
17.3147305
9.8959735
21.3626152
7.8196789
1.8722394
3.1850758
0.4325715
171.1688919
178.0955461
178.9413310
171.5002138
177.2815800
176.5126821
2.9211620
4.2128413
2.9463896
2.0962136
4.0999090
2.6503504
1.4306208
5.0724513
7.9961319
2.5605008
4.6639904
2.2789061
1.6736957
0.6730630
9.4496217
7.5845380
5.5334343
3.1027176
8.6087702
5.1376756
8.3754413
6.1539611
9.7840184
3.3150624
8.7481069
5.8811710
5.5079819
4.5350778
4.3202858
5.9526818
10.4624728
105.6655110
121.8477447
5.3104322
4.2726511
2.6415482
5.3683640
6.7915470
8.6227123
3.5091444
14.4169197
5.1086582
2.0365139
4.9465563
4.5268222
7.2782248
4.5696473
5.3434265
6.6622926
7.3615554
4.6075088
7.4411926
16.0416188
11.4551486
1.1094156
9.3065411
17.2753454
7.5068042
10.2504281
11.6497803
4.7361864
4.9224766
14.2356818
8.6348251
5.8492016
11.4940339
8.3394604
4.8475314
10.5660500
1.9659833
15.3058216
13.8965916
37.4830899
9.3485677
4.6682447
15.0262862
4.3830231
10.3462539
2.2775608
0.2829826
3.1027312
12.5395490
2.9324423
9.1057115
1.1211816
15.4485412
6.1150100
19.4853905
6.9326735
2.7555526
33.4827099
11.1215814
4.3063639
7.7784933
90.3186997
12.3768233
11.6895458
7.6380349
15.0113113
8.2699033
10.6778704
4.8571439
172.7207052
3.1730017
3.2997882
5.9937597
6.8533238
65.6074672
38.2444655
7.4713300
12.7353725
4.6217922
9.0666771
27.1810436
15.1621672
9.0119176
15.6875906
12.7590993
2.4085684
8.5675692
12.9441420
11.2978030
7.9467524
15.8388538
1.0618497
169.9933085
118.6290986
57.2091046
40.4191554
25.9246418
6.1259361
162.6171524
152.4275195
4.7502875
165.5473688
31.2438748
3.0437354
174.4782012
52.2353878
152.5957509
156.7927931
25.1320911
37.1754965
158.7662092
157.9715374
171.5704486
6.3816378
10.9400198
9.4808549
12.2348540
30.6413008
150.8764707
5.8363066
7.6020085
7.2985709
6.1076711
173.3515761
15.0230641
177.2019769
175.2396161
6.8509048
175.5387109
32.5290081
42.9687857
4.6086226
10.6289956
7.1856896
2.3396659
3.5678784
16.8224283
14.8917922
6.2880568
4.6930123
1.6666970
19.6411881
30.6396561
24.9297164
12.7561442
13.6448240
24.6660817
5.2063949
7.2318198
13.8310297
2.4320838
18.2433631
11.2405914
165.7468644
1.1662866
163.1167104
5.9977063
7.8444841
23.1913206
14.2895087
137.7622242
2.1346932
6.3279867
20.1414817
133.9534873
17.2499803
21.9176442
24.5420529
11.3543471
2.7006925
20.3189763
176.8109296
5.4391174
14.7001461
38.3865039
13.5651770
4.2648372
0.6290733
13.7174556
171.3949073
8.5634280
16.3042624
170.9880112
2.3465064
18.1069170
177.1486315
14.6885523
172.6618728
7.5044343
2.9285879
170.9589217
7.5028790
17.7786254
6.4741449
12.5292390
15.1169466
177.5586194
15.4358119
9.7866514
6.2794476
2.6354428
24.4369146
18.9285908
14.4810079
6.8744192
12.0782170
20.3835359
2.7344858
5.3550064
24.4452204
9.3221304
8.8289887
22.0092640
10.3242683
10.1349472
2.4725117
29.5340675
1.6748551
2.6522859
31.4365209
7.3306569
9.9014095
7.4533930
4.8970947
10.6824992
5.8013811
20.5750200
14.4392082
13.0981056
3.1720388
1.3208935
7.7228133
18.6749864
23.3153638
8.8745626
9.2593292
3.3403219
15.7128336
7.0787907
2.4308354
16.4102966
3.2915778
8.0681638
4.3689122
5.5229316
4.1738213
5.3268305
4.7787785
13.1908100
10.9929865
17.9013722
6.6949891
2.8794235
18.3273224
17.9045953
8.4628122
7.6428668
4.9490280
25.8921006
16.2622087
10.6311145
3.6332757
20.2770222
24.4717871
179.5371471
20.5408094
15.8599063
22.8729467
13.2806345
3.7280200
3.7975093
4.9473871
19.3070815
14.6543829
10.4843504
7.0169408
1.7386775
13.0588542
26.7696369
3.0410797
167.2294618
14.2235991
6.2393235
22.7366478
15.2447671
25.8411423
27.3552670
23.7431720
18.0601356
12.8428773
16.6089564
16.4255560
27.6064419
26.3699205
9.8495222
12.3486841
9.1898922
8.6816450
8.1291928
7.1170461
8.5941037
3.6204710
4.5629451
5.1922910
5.0606807
10.8652856
16.3547775
10.8179241
16.6420418
20.7741426
12.0095511
21.0772648
7.7238083
9.5387837
4.4435613
19.3993074
5.0213790
16.4818891
165.3384719
9.1217403
2.4359211
174.4906914
12.5952524
13.3315341
11.1547414
13.6618588
19.7325646
6.5245893
16.5122113
25.7767701
5.0317458
6.1260195
8.0892418
3.2233363
6.8349265
6.4436167
3.0550964
5.2737122
7.9640750
7.6880157
2.8953854
1.8555114
33.3408610
3.1789969
5.0263537
2.9149954
28.1292467
5.4819954
8.4166077
14.2243042
20.0945807
4.2006191
2.6790353
9.2504643
3.4947309
3.2410679
22.4067898
6.7331493
6.5096778
1.8784648
23.8329359
152.2859501
16.8186094
10.8262503
3.9513387
17.3297703
4.3712982
22.1002392
3.7214534
11.7576019
3.6206312
0.8256611
46.7575276
14.3415305
18.9638062
10.5052409
6.2879208
4.6928487
24.5535113
23.1887664
3.0736604
1.6636791
5.6664241
7.7326470
6.1095968
4.9754846
2.8084239
2.1861006
1.4243473
6.9902968
5.1608514
3.1638599
11.4950886
12.5409350
3.3241108
9.7792347
10.5831024
4.3122297
3.5058705
5.5300349
15.4553085
4.8557060
1.1289114
6.5545395
6.6292574
16.1581074
11.4410565
9.4865724
5.7507463
28.4445598
3.3831625
15.7004955
2.3321268
8.9006723
3.7776422
10.2247122
5.8228352
9.6474883
12.5269536
3.1989813
12.1932481
3.8600657
58.9775168
3.3427799
1.6646506
12.7084331
3.0658276
7.8279486
15.2046060
4.5007622
4.0069198
29.8734921
18.7041782
4.6371393
1.8031183
5.9081267
14.0964005
5.6862930
26.3895015
5.3194628
6.8131011
7.3282581
4.8788519
9.8884206
1.2593821
9.9175652
7.6018391
15.6667513
9.1534369
7.5301395
1.9814935
21.9642290
6.0564340
2.2451963
14.7270985
3.3625747
5.3548888
15.4386031
4.9790508
55.2929011
11.9035198
12.4916106
30.7199651
4.8451258
3.5130199
17.6036367
29.3941847
3.8512861
2.5432237
16.5020096
13.6476592
13.0295429
1.8473997
26.4372983
0.7370485
1.1920685
1.8243684
7.1315165
20.5895451
5.6906944
142.5466431
4.4550797
18.4552282
26.5264781
3.3399771
13.3251127
19.2820388
4.8346355
13.3423215
3.7568193
4.3384402
3.1850851
1.1055765
1.1180113
3.7725860
6.2787186
8.0537382
9.0186285
4.5102740
5.1227950
1.5139163
2.2262038
0.7005943
1.3740838
3.4481143
5.4784335
1.4853249
4.6161800
5.6843677
5.1086508
11.0385431
2.2743445
6.8137420
6.8590402
22.4701535
6.1873598
3.4184025
3.1670533
8.7784870
7.0636919
6.9418434
7.1680576
12.8342102
9.8334609
5.1215898
150.7290990
126.5275167
12.0394545
3.4881703
10.2162546
11.6914196
8.6312537
12.9512393
147.3808835
9.8817940
4.6195244
4.8388008
5.9415074
5.9195309
3.5832040
6.6848513
4.8093611
4.1448800
1.1983223
1.9544724
7.3260135
8.1112667
0.1417056
4.7502419
1.1380319
2.1808077
5.0784633
7.2701830
0.3134752
1.9563836
1.8418600
2.4424714
4.0708036
6.4547778
2.5055155
2.9506040
2.5104229
1.4007554
2.1887988
1.3767654
1.2564331
1.6800735
1.2326567
2.4759116
3.2624100
2.2583975
6.3662651
12.3965665
1.9909041
2.2809247
1.5187365
2.6676170
3.4172558
2.9992768
1.2065128
2.1680056
3.8128055
1.7511524
1.3078253
2.2893388
1.2163001
1.1232765
2.2223596
2.1480815
1.2444225
3.2126681
0.4277620
1.0864984
6.0082726
6.1079137
0.5842460
2.6374644
4.6810106
3.0568548
0.3249890
1.3642100
4.2299350
2.7068996
1.8849021
1.8098293
3.6537868
0.7363325
8.6556695
6.6565477
15.1240156
10.8482244
12.3539922
16.8020230
3.3843025
4.7454508
0.8235650
1.1963151
0.7315148
11.0189469
13.5624080
9.8460518
7.3910492
3.8198865
6.7386355
5.5049628
5.1404860
0.4182144
8.0332369
8.8219205
5.6791163
12.5504745
10.4667375
2.3431637
9.4507176
0.9446223
5.9886605
5.5596195
5.9420354
3.2566209
1.4661762
3.3689470
8.3968603
5.1389119
9.3503530
4.7699343
9.6102406
5.2812876
15.4978874
9.0392348
17.7340250
8.5851372
10.1210818
17.5274962
21.1711760
8.8349643
7.5408905
18.0044656
12.2237112
9.4628004
11.9172085
10.8025304
16.1014830
24.5470525
13.5808729
0.6159572
18.6444276
5.2493409
10.8037088
0.7745729
3.2351706
0.1058497
1.9390336
2.7452634
3.6165238
4.8504504
5.8939142
2.2437659
7.6118266
2.5811801
23.1164943
6.6603052
9.5997411
16.7037325
9.1739546
13.4337263
11.9813825
3.1983426
7.1212036
21.1276240
4.7514979
28.6320787
18.4832258
20.4501414
39.0099618
20.9873935
17.5733896
22.7434874
47.0370030
57.0423043
10.5037046
44.6500318
40.9190889
27.2370041
29.9848270
11.3732516
12.4845414
24.8510724
15.0268757
3.6792669
12.1080186
3.2180571
13.7341842
48.1010687
4.3808522
4.9755638
18.8405008
7.7551522
8.2059771
3.8440683
4.6219103
8.9029762
1.8875547
3.5632140
7.5111272
20.2378010
14.9828743
7.5838845
8.4705492
20.3240187
10.7466901
7.8927947
13.3922578
2.4135822
13.9033008
5.0409898
9.4622251
10.8821279
6.4143041
5.9104944
4.6456920
22.5851472
12.5683915
11.9964347
8.1844951
3.2302048
4.3854821
1.4053484
2.4354221
3.5224567
8.9895786
13.3371101
20.8866203
5.4462898
14.4768077
6.1940552
1.9279798
7.6733451
10.0501541
6.0317683
5.6699930
2.9729242
0.6016165
3.8491870
1.1072971
3.5799895
10.4081302
3.7346351
0.9687500
16.1794748
18.1293314
3.0522342
2.7668272
6.0420330
4.4591108
3.9514106
3.3769284
1.8640945
1.5865306
12.5199317
3.4447691
4.7478578
2.8059489
1.5590990
5.8810828
3.8678945
5.8858684
6.8340062
13.8737313
14.9365154
0.8365949
5.2204150
1.5303670
8.9508293
7.7010411
5.4487834
4.8023477
3.4547692
7.0278691
9.7494410
4.2150186
5.7812113
3.6650802
16.1537968
3.3173022
2.0928713
0.9114554
1.6742935
23.1783143
19.1644930
8.7998774
7.9427991
5.6171401
11.9406959
6.4671860
1.2329947
11.2564374
8.8191800
1.6196447
5.9512895
13.5049715
6.3479292
1.1770545
1.2713678
4.4664059
2.0887841
4.8405133
20.5827694
8.3809562
14.0524078
6.4489229
9.3330892
16.2112496
11.8826279
9.8622445
18.5702847
3.1859462
11.1475762
13.6404858
7.8627606
6.9069326
11.8702484
8.4007495
20.1385956
26.4129679
16.8506212
16.1323567
76.2818548
44.4072575
44.0912539
19.8601183
117.3455037
39.1904171
179.2146289
29.0322516
18.4385904
33.7501404
53.0982061
176.7642369
40.6902098
166.7740089
10.6915378
35.2758409
64.6514868
126.4027825
91.5994626
19.5195322
73.3469528
22.0056140
15.1128151
39.6627914
108.0251652
5.0502039
10.6472674
15.3626068
178.9152060
35.1404385
5.3561548
24.5545018
173.8918278
146.2653021
20.0557156
27.2060686
122.1134248
6.3660873
4.4112763
4.8809461
34.4196923
49.9557564
53.7114404
8.3647007
6.9422933
36.4294796
12.0747983
11.6012609
1.1773069
25.1686615
18.6555117
5.3328459
18.1107427
177.2196762
77.5461358
51.4159152
29.9730103
1.7135708
5.0901862
26.1812250
10.3522943
2.5766317
7.7149189
4.3494825
0.5956637
4.0422283
9.8629783
9.6620676
9.0530419
1.5838177
6.1344496
2.6222852
8.4867122
4.7984454
15.7437174
3.9792765
11.1827191
12.2619590
4.9970686
0.7708455
2.9644077
3.6195995
3.8748800
4.5323382
3.6874850
0.9036327
2.6985449
1.0846756
1.5538738
8.7290778
28.1156886
156.9214072
122.0549468
53.2359869
68.3307258
153.8564987
156.6210282
24.1210437
94.6450043
5.9049373
30.2786141
25.9316113
50.6084112
177.7559814
71.8794226
73.7157900
8.2316339
8.4007210
32.1377417
13.1790652
13.2735327
51.0535946
6.0576671
12.8229473
14.4864480
19.1142169
7.8388770
4.4886845
2.5700875
27.6003532
11.4264810
37.9062903
4.9363272
21.8428663
16.5352633
9.4304718
4.5701529
33.9509035
12.9149096
8.3087141
0.8850450
6.5952280
24.3666384
21.5971360
14.2279742
3.3117733
3.6404080
22.4485342
28.4250797
50.4958333
16.3850790
20.9291232
16.7922326
1.9359349
0.8670818
7.8145839
9.3122395
12.5732818
10.9851061
2.7673731
6.1977216
0.9920003
15.4677474
3.0571466
0.7209733
15.5239675
7.9037166
9.4273630
6.2763594
3.2974225
4.7139911
4.9622915
4.2243010
25.5624924
8.7823240
20.1208953
19.2928342
6.2992924
2.6009228
13.2776913
6.3597521
2.8653823
9.4468141
13.6230382
10.3902615
4.4927770
19.0091866
2.2158837
9.8744258
10.1956358
6.9911612
16.6896908
6.0058773
5.2538987
5.5985436
20.0900107
3.7134058
6.0090888
7.9630801
10.4083192
3.8634273
5.9140890
8.4538566
22.4072095
11.8475450
0.5041080
13.0248669
11.0835855
9.7377291
19.4684521
2.3549917
3.5704368
4.8056781
11.8724656
7.3470669
11.7118965
2.1407934
16.8754248
8.3857924
3.2487363
10.6105047
5.5636892
2.8293352
5.4332393
5.1977922
2.5959045
5.5765333
6.6662335
14.4726243
9.4509455
5.4441157
11.8245518
14.9797562
5.7826973
13.2446893
15.7404628
13.2032623
25.9146296
3.5475467
10.5942783
7.0254761
7.1366750
4.2565977
3.5960782
26.2702606
2.2714556
15.9218304
5.7145309
5.3914150
1.3728459
11.0792102
4.1266863
7.3618995
2.5754237
11.6799821
3.2706966
3.1332378
4.4474407
5.3420255
8.2260167
9.8946333
16.0389012
16.9920486
2.5418995
3.1952498
11.3834856
11.7550395
7.5120178
5.5533618
12.0490837
19.4422474
13.1759215
8.4132500
7.0997212
4.0128856
17.7866808
2.7529003
12.5538283
7.8270763
13.6573961
1.3661295
7.5734330
5.6198461
4.1508546
7.9388130
1.3495337
9.1733065
5.8786737
11.9223158
1.8531303
19.3674103
6.1476013
7.9495334
4.0216255
1.1648201
2.8428459
17.3465819
4.1098639
11.5997538
5.7634713
0.6672624
6.7129006
32.1573416
24.5324138
4.2031482
41.7628055
4.1580367
2.6509174
14.2754621
3.9251530
5.1004599
15.0576932
2.5829698
6.7560397
3.5089080
7.9068344
1.9098130
5.8408136
2.5478738
2.9213761
8.1857054
8.0885403
3.1535000
6.4139868
8.6445411
21.9338863
4.2973931
2.0693552
5.0025638
2.5384796
20.2878703
11.4341357
7.6298206
6.3663428
2.7358695
16.4571109
8.8304633
6.8290552
5.3545018
6.3678073
3.3116948
17.9846671
22.5255868
7.7721035
8.0704284
1.2937515
3.4133574
3.1155088
4.8205490
17.1540600
6.7445543
1.6746432
7.0348157
11.0883372
4.2017119
3.0171694
1.6742964
1.7972666
13.4210836
13.2894094
7.3339352
6.1485393
6.2136092
12.2917855
3.7524485
1.2190081
6.3258649
1.3570554
24.1199322
3.9234040
1.4060676
4.1104649
4.0800543
5.7113194
4.1497286
5.5603972
3.8918520
5.3106708
3.5052967
2.1882221
1.9741197
2.2214857
4.2528257
8.9411795
16.1134464
8.2695656
2.2109644
23.1978610
1.6906369
11.2064609
0.9418894
8.6457255
2.1856231
1.6053815
1.2247703
1.4302040
0.5401529
6.7072664
3.0881816
2.4521616
3.9922767
9.4239843
4.2258125
0.6211286
14.3399542
5.5123332
11.1294367
6.0700011
2.7148615
2.4941352
15.9976666
6.3372604
9.7714881
10.5226570
6.7171876
0.4389256
0.7560210
5.6332045
3.2003851
4.7164376
1.3225939
5.9797978
1.6668783
2.8022283
0.8867632
4.9490928
2.9741190
6.7529720
2.3523417
10.4779791
7.3948154
1.0528698
1.9618276
13.4636296
28.3325182
0.3823698
16.9034818
41.3925199
3.0749530
5.7733378
32.3360258
2.0184063
3.3636092
2.9618241
19.8532783
5.0216054
17.2179351
16.0930206
26.8662927
21.4804740
25.4425243
7.3896371
5.4820597
6.5010254
3.7085264
12.3229951
11.4028907
39.2326384
4.3969281
5.6837514
0.7195937
16.2643777
6.4253982
10.8084442
19.9757340
4.0415340
26.2206440
2.6495446
1.6022432
3.3269462
20.7146065
12.5859393
2.1780777
7.6613450
0.9624778
4.2942280
18.3613550
24.1660010
8.1752877
1.8742905
14.0364748
8.6136246
20.6977112
8.0236609
15.4359701
2.1365533
13.8371448
16.9093418
8.3786462
26.9445717
7.0154304
6.4832523
14.9810971
40.1109401
13.2593703
10.6841315
9.4966843
21.4203282
6.9147989
6.1514590
0.3859216
6.3391724
1.5305884
7.0011212
4.7422924
1.0487715
21.9405278
6.1749447
6.7572941
4.7008630
3.5955169
11.4950874
8.2818823
11.8452975
1.6912690
3.3911261
0.7962308
12.5919438
13.9854623
19.2663943
21.4410807
23.2490808
1.1443020
0.3661290
5.1614265
7.6508328
22.8792044
16.0975220
21.7502180
6.6930473
9.5614167
1.5718812
6.8383579
12.4850087
14.6498687
6.9218488
2.1659578
16.1202025
14.4678711
6.2349101
7.8066492
8.2087342
3.3140249
8.9693231
4.3414758
9.1801244
3.8511772
1.8893287
18.7500855
15.2842739
14.1153833
9.1819748
10.5440708
12.8083339
1.0797242
8.8567583
4.8188817
2.6479755
6.9590594
2.0263703
9.8675267
4.1746351
7.8832855
2.3116953
2.8779976
2.6055917
5.3328901
9.1315424
9.9265506
8.7330274
6.2153409
2.2808827
7.9393112
4.3146696
4.3745026
7.1860771
6.5280138
1.7743424
1.4896881
9.5195807
3.6230894
1.9998841
13.1575138
4.3223261
4.7957934
7.0438264
6.6798954
10.0424876
0.8432678
10.4817061
7.7350638
4.9139850
2.5887893
2.6807575
2.1179137
13.9206346
5.5713384
9.0725257
3.8165675
3.6523472
29.6093849
15.3529567
30.0098331
23.9555903
24.7748121
52.0267359
52.6892250
21.4259534
15.5375176
3.0985214
5.4104661
4.0538627
8.1477948
3.0407274
5.6978046
1.7214472
3.8351416
8.3736699
24.9485845
2.5546141
9.5691046
4.8538123
23.4886531
9.6869926
9.1134366
5.1570680
4.6546032
3.1497817
9.5673455
1.4953457
14.3735392
9.7665824
14.6489130
12.4902520
3.0198724
14.5139875
15.1156194
18.5034648
6.9336047
3.1005310
13.0393741
17.0200673
7.4154454
30.3914384
21.8160062
6.2530102
10.1581326
18.1202343
13.5433011
12.3522175
8.1635485
16.8722429
56.3945431
8.0834844
16.3318029
5.2583408
14.8559109
8.0237002
31.6089697
48.4768249
10.7797477
4.7472580
20.6560200
4.9892426
62.5883170
56.6914585
83.9845530
13.2893102
12.3434282
2.2809401
27.7532244
45.7801414
6.2900086
6.2418827
44.2994359
4.9599108
13.3979918
5.9761261
12.0116639
9.9796669
7.3869852
31.7594711
1.4620247
0.6727214
7.0579084
4.7795682
10.0499266
6.5934582
1.5382903
3.0417607
3.4835671
10.5058893
10.3773236
6.5177404
3.8744433
5.6346141
79.7309079
29.4913826
40.8077063
1.4691313
9.0335954
11.1721218
16.8920349
22.3080591
15.5034813
3.9194469
18.5464351
9.1047580
10.3778736
16.5856749
8.0158616
40.0031484
3.3031040
9.9711679
6.8855832
9.9381727
9.3023711
0.9875727
10.9369066
6.7460161
13.1923857
7.5083076
8.7515811
9.2309660
13.2871834
5.5256841
15.0747141
10.3443821
16.0546200
11.8944492
16.9427995
21.0795924
16.0270541
16.0808187
8.0320831
8.9123683
8.2060021
11.9289733
4.3958411
18.5910014
3.9325833
4.7146785
2.7062021
5.1278717
5.4723131
11.4431632
16.9542455
13.7567643
12.5812992
7.0497822
16.8630600
6.2425756
6.9935321
7.8797894
22.7149979
8.2853217
23.2229143
4.9402443
1.3494232
9.4869011
1.9115505
1.1897126
13.1607084
5.7142065
1.2658669
1.4061822
1.0446173
22.4510055
4.0450575
12.8613748
5.8605882
6.5550064
10.7245873
2.0706071
5.7309553
10.7203823
1.3555108
11.8829978
4.8236202
7.1759637
0.5574160
23.2120873
6.7263538
1.3353097
5.0767238
9.7235880
17.9186724
6.6905574
10.8533777
20.0477437
16.8264632
4.3625833
3.0219949
10.7125280
6.6925585
1.7256314
1.9071494
12.3415987
4.9255210
2.2094337
11.5661254
4.8470034
6.5055432
9.7046903
1.9494701
2.4593433
13.0824138
9.7924723
5.5615928
6.7880455
26.9414119
0.9526566
14.6841042
2.1028977
4.8125897
2.6187895
11.2172518
10.9571836
10.1509602
8.5849403
12.5199620
3.9320676
5.2036778
5.8350607
8.4580802
3.4931083
9.7399759
5.4234393
6.8749538
10.2111932
7.1280227
0.5031398
13.3796415
7.3203258
3.1750785
10.6268738
1.8922753
4.2685920
3.3621154
12.2910810
6.0987223
4.4662859
9.0496730
6.2419180
10.2561163
4.1489257
3.4486166
2.6380608
13.3518170
11.0154493
14.3722260
3.8702269
12.4940495
3.9299748
4.8945147
0.6538350
2.5580944
32.2457095
15.8039494
36.7656980
8.7037797
7.1578954
24.4660946
5.6847837
6.6106807
9.9196446
12.3958413
29.9280168
12.4106436
2.1544374
6.6357765
27.9920966
11.9028124
7.4905883
9.2572243
9.5095608
11.4502390
28.7707762
7.5391178
11.1887776
29.2475507
77.8435049
73.6886549
13.7024374
9.3649132
18.2339215
18.4026822
14.1964581
44.7633116
31.0660329
18.9462319
30.8419357
45.9731086
17.6445787
11.0280674
92.6311341
63.4866513
4.2714907
17.0218512
41.7461788
10.3054131
8.0649815
7.2830936
47.8565682
23.3001748
13.0527852
24.1550038
92.9876494
96.3015320
16.0967487
24.2196401
23.9940927
37.9832662
56.0667496
50.5195456
64.6428321
15.7357422
144.4753174
54.0448715
51.1862967
10.2464634
156.0779336
11.3312756
34.4848853
9.4512973
2.4357435
179.4476653
5.1876094
10.6706807
6.6469519
4.5758925
20.0136582
55.7425631
82.7930371
137.6548783
95.1420297
18.6536287
77.5484882
45.2638047
7.1716090
52.0117081
18.3118060
9.8611310
5.4392580
4.5720392
2.6223391
4.6876159
3.7327607
4.9470608
4.0394361
5.8275520
47.1950302
1.1170606
4.3992168
4.4565462
5.5554978
10.7100147
17.3740732
1.3347887
1.0962297
27.6597405
1.4994040
159.3880339
148.0718835
139.5758155
1.1427490
8.2879719
1.8403347
34.7667645
1.9364453
20.2106759
162.4502538
144.3384069
62.8845837
119.6091268
8.3357494
59.8670976
3.7103515
2.3333490
6.0590784
1.6387264
5.8427691
87.3546975
25.0829009
31.2194687
34.8633323
44.4787750
4.1679237
44.9067143
4.0979096
45.4114251
13.8216336
2.1913594
3.5454953
37.0953575
31.0455438
31.0306575
24.5669593
22.5829372
46.4129315
62.6868176
7.0517342
21.9503340
3.4341187
22.3356435
27.8636877
21.1701094
20.5422543
15.1465153
9.8569503
17.7258102
9.2559347
4.2413079
12.8024300
11.4521396
8.1987845
32.4904334
23.1810744
18.8800555
6.8717793
3.3512922
12.2653017
9.1244963
1.8507941
8.8181136
22.3025508
7.3727702
4.4081095
5.1053176
3.1919711
5.8989446
7.6860631
11.0716033
19.0068947
17.3534338
4.7058780
1.6298209
24.2330440
2.9315552
12.5511035
1.6528646
14.3344596
9.7259735
3.8771453
2.8420015
9.6497195
5.3968239
1.4492060
1.9176550
5.9497421
1.5813820
7.9809454
3.3064448
6.9681326
15.4027367
27.6404454
1.9849384
1.3456281
35.8775988
2.9037856
46.2857662
3.9356725
9.4018803
1.3245324
5.3101096
7.7808128
11.6486955
5.0989747
11.2375200
5.4944730
10.1805116
9.1562025
9.8019492
7.4471518
17.3197256
8.4927815
5.0977060
4.3917215
6.4621517
9.8817990
31.4210479
1.4956330
9.9961800
1.1878073
0.9920033
1.9837602
2.6756079
11.6225310
8.8344134
4.7015229
1.7679314
7.4255467
1.0548114
7.9457713
4.2836813
3.8860385
40.6962396
3.2452811
0.9228650
65.6466646
57.0181711
62.3802464
13.4761557
4.1177460
9.2353107
2.3831784
8.7307776
1.5927862
1.9573827
6.5738152
3.9011722
3.4697846
2.3197734
20.2105468
2.4117097
21.3869063
3.0167820
2.1861742
3.1960752
6.2828289
13.1511640
13.7165964
3.7681266
1.6225724
1.0182294
5.9488853
5.5533173
3.2216361
18.4880337
0.6943829
37.3762865
5.2507401
0.7837278
1.4871483
3.7938933
6.5895070
12.1797013
2.0925216
5.4659916
15.6296457
6.4031539
12.7973585
2.7998926
15.5038753
0.7289667
2.2220273
2.1185526
2.6868338
13.6260254
63.1697607
3.1526007
6.2880791
6.7900181
14.0200249
4.5931219
4.8457226
8.6270322
9.9234545
0.5720760
45.3767927
2.9271242
2.1556512
26.9059364
5.3289611
65.8535871
3.8346082
12.2945811
15.5935469
6.4120019
42.5379524
1.0910634
12.9645527
58.2135085
100.7315651
45.8886915
6.0038914
25.0309647
13.4096423
13.1969784
3.3556442
14.0100955
8.0034925
6.3845987
1.9131222
3.8014553
19.9050392
3.4232985
4.1356314
9.2629396
99.9996774
69.3823325
4.9483963
38.8199107
89.7225064
91.8386754
20.0694136
31.7248683
13.5404670
7.4683534
1.6415128
9.2660443
31.5230518
8.1007383
19.5615282
3.3348044
145.9952025
33.9450308
3.3468558
9.5860247
167.2257519
5.3202404
2.6683714
11.8746816
76.9770554
66.5760144
61.5283967
4.0702854
148.3171514
0.2777857
7.0511794
6.5968990
6.6574914
5.5728662
5.7570415
12.0183019
6.2621114
17.3536556
4.5370542
3.7981397
1.5002800
27.6470765
16.3173215
1.0327582
2.1247521
0.7271537
2.1648776
1.0115967
2.6077366
0.9616229
2.1901935
2.0941916
1.6265368
10.6896601
5.9063632
4.2668458
4.0059956
2.6315325
13.0951720
2.0507235
1.7921568
2.3409127
0.7433759
0.4441127
1.9213025
3.0896615
1.6841295
0.5632913
0.7341792
1.1327961
6.1703962
0.8068865
0.4870933
1.7431858
1.7440493
1.2355732
3.3423674
0.1654041
1.9303711
3.0796460
1.4775581
1.3740962
4.9602713
35.1966623
1.8134321
2.1487571
1.5046537
1.2382996
0.9588409
1.7075843
0.9081839
1.7682769
0.6582822
0.5242512
1.7484396
0.7630958
0.7599399
1.8811855
6.4151638
9.7664878
1.1572070
1.3397795
4.0429194
1.4817747
1.0255825
3.7114003
1.9547999
0.6725702
1.6131146
1.5528665
5.2618844
3.8289646
11.7685323
1.8885429
1.3508786
1.2340840
1.1788295
2.5883787
1.4673490
1.5824082
5.5653688
1.1745301
1.4048655
133.9496011
89.0365479
161.7956690
5.8515566
7.1295144
179.7611016
23.6148148
108.3336458
20.6196552
129.2250319
146.8936331
5.0264276
4.5136947
4.3024778
2.0703628
23.3292883
1.5720991
8.8781934
3.2101898
11.6975224
13.3938502
0.5092336
3.8776545
6.0864965
21.5663178
6.1951144
1.5902073
0.5426026
1.0612524
8.7781396
2.0908872
1.7339251
2.1179977
4.7780436
6.1370197
0.8838667
0.2672995
1.1123235
0.7582528
1.7972722
5.2470516
3.6210916
2.3586912
1.8269635
5.9233364
1.9082065
2.1670545
3.0704203
9.8686611
7.1777599
1.2396549
4.5406764
1.8996512
2.3040778
5.1908746
1.7785292
7.0980644
1.5400414
3.3162035
9.4774037
3.1223487
4.7102236
13.5545267
2.5019436
9.3379875
4.6806671
1.1447293
3.7552463
2.0270311
1.4200836
3.8334223
11.5119478
2.5045160
6.7713721
0.7297323
2.7395958
4.6687719
5.5295877
4.9888179
1.6011877
4.7857738
7.9058621
3.9949162
5.1020145
21.2700204
18.6143824
26.0109407
17.8227438
19.6758418
24.5591999
15.7029320
17.7315724
27.8180223
171.8879243
4.3348455
121.2828251
70.2233217
36.8075515
6.4400793
179.5592990
22.3645285
9.3460879
21.9013882
4.5940958
23.2264916
14.8034134
10.7237503
37.3742372
11.6376125
14.7656128
1.9024281
6.1007891
9.3684128
179.2853365
9.3384691
17.6174161
23.3590377
22.7230509
136.8611831
89.2945356
96.3679352
165.5116815
24.4325537
150.0094225
135.9608906
158.0068857
4.8352174
92.5130757
69.7898298
10.5161940
9.8907365
162.9637894
117.6914077
63.4764766
179.7940915
94.0821221
86.0402945
152.3781043
11.0092217
8.2713852
38.0413282
61.0382474
172.6909632
117.2921294
75.2062300
19.1212263
132.3758533
101.7691570
73.7442572
2.0570228
9.6978346
3.6394723
6.7943786
16.0248523
20.3212359
6.9236402
12.0355773
1.2337584
68.7423590
8.4785674
8.4586024
18.9623256
21.6229777
4.9276911
5.8828980
13.6002377
14.4625271
151.3793848
9.2697879
6.3026859
17.5106734
7.7239280
11.0041916
9.5200076
18.6540864
63.8099607
14.7645256
45.2067728
75.7922755
179.4441931
8.1209578
57.8857935
5.4653138
3.0690460
31.7533349
4.7102464
8.3629350
13.4074144
7.3541151
12.6412205
14.4037117
13.8623642
5.3640069
9.6550075
5.7433218
30.2978114
8.8962514
16.3816150
13.0802855
12.4182202
11.5177172
13.8407776
11.6054866
20.3043427
30.1157509
22.2215250
13.1788981
20.0967947
13.5334367
1.6073624
8.3480918
9.4264273
10.4780277
4.7624989
9.3118382
12.4683311
5.4483246
7.4732994
11.5392112
1.0333803
0.2692267
4.8063424
13.9456653
4.2331812
3.7211167
7.3111189
6.2060938
8.5516430
5.9197439
12.9464321
9.3045856
3.6019683
9.8323503
3.3802830
4.1401393
11.9268301
5.1746024
9.5687767
7.5202556
2.6524460
1.7345393
4.2387822
0.5751521
7.3056161
9.8805984
7.6587569
29.8351070
6.7732727
3.8152343
3.7574682
5.2152471
14.9236435
13.7372643
7.2105736
7.6385581
4.6666625
3.9946838
12.2115375
8.9490085
13.0603595
3.0920686
0.6129353
10.2452014
9.9071315
3.0588181
23.6617195
3.1236963
2.4210550
17.0895398
20.2730023
95.4860163
7.9767537
14.1284728
9.0330856
3.6362078
2.8932955
13.0995607
11.2167565
14.0341141
168.1690551
129.6807993
171.0604510
10.3058455
176.9730659
29.3555034
17.6709901
169.3646685
14.5796417
13.6318224
43.7131796
34.4249705
42.4592072
2.2778250
1.4915574
29.7398003
6.1865644
12.5560629
140.7787890
60.7883211
3.1722835
9.5313592
12.5292700
9.5855735
2.4537032
15.4151947
9.1957735
5.0256861
2.3949119
43.1881895
14.7193423
32.9578074
5.7533546
10.3386637
9.4200860
1.8433947
2.3325246
23.4308457
6.6233745
20.8680262
7.0113879
13.0778339
6.5117085
8.3956758
2.2856058
10.3756403
20.4304161
7.5725458
6.9338211
8.8773311
6.4822623
7.7665228
9.9509871
2.3684057
12.3016331
7.3692472
3.4549847
5.0480061
11.5995956
10.8693715
8.7544107
3.8769576
13.0545681
2.3350479
12.2875881
0.8243644
4.0999371
8.9306869
5.4221565
8.9115406
12.0474678
4.5632018
7.9902059
9.8491978
2.7306576
4.7118710
14.7761308
4.9025459
3.6877493
8.8560137
2.6410993
5.0320178
8.1496991
15.6197487
11.0134464
17.6317868
13.2277494
10.7384780
16.0412292
7.4296769
9.4359761
19.9762454
9.5677075
9.5808079
7.3901661
13.5640920
13.3351710
9.6216466
24.8424860
3.1019682
2.2799691
7.3907554
1.9555925
84.7561767
20.5131204
4.5372140
11.3723556
20.4605539
82.1920538
103.1887854
104.7299694
138.9968996
174.9589504
121.9033627
177.1456650
175.0015779
177.9235160
138.5652241
145.3634061
14.8191368
97.6658845
116.5663524
23.5793128
2.6051600
20.0081563
10.2761435
6.8677429
135.8523793
120.7154156
171.9572677
30.0125550
176.6895074
171.0661107
177.3007388
22.4526363
51.8811676
176.0881644
41.5010140
179.0198105
109.3359217
179.6403285
30.2247848
14.6856176
7.9775320
5.0295731
9.3469841
11.2213213
39.5355429
7.8426244
11.5775860
44.7071595
94.2165626
3.8757764
155.4116336
14.1604879
25.9918861
15.9033152
13.6054498
30.1426773
147.9606513
68.4563273
57.7425653
18.6285574
3.4065789
3.0326661
13.0745131
2.1313841
8.8465564
12.0721487
1.0828971
2.9622528
5.5254993
6.1644914
16.1704108
0.6167201
2.2521984
0.1467846
5.1864178
3.3636465
2.2999562
7.1952595
15.8385617
6.6177447
2.5964591
7.0446241
3.0468228
4.7227917
2.6975632
8.1414626
41.3993949
7.1186267
23.2488243
12.3169632
5.3712028
4.6790610
2.2507078
4.1444076
1.7739225
9.7305994
6.5177866
18.1970278
9.5850778
8.4107860
11.7152240
1.6353490
5.2097445
1.3116935
11.8764594
3.1888766
14.9770349
2.1896415
10.0434946
5.6415888
3.1995640
4.3655861
1.8545579
7.3598213
10.6343530
8.5057000
12.8223938
2.5011653
1.9720632
4.0523685
1.8218778
3.9489574
0.7985994
8.1723320
8.1925132
8.7901563
0.8784092
1.1126677
18.6332422
9.5570908
160.4700454
1.4924799
5.8504719
0.8929359
4.2965739
13.9417107
13.8927579
38.1888101
1.3562998
0.5751873
8.9930941
3.1172745
3.9971081
5.0083427
1.1283686
3.4947177
2.3421655
1.7831454
2.6099861
0.5425277
12.1122136
12.0737863
8.4475793
36.2279485
5.8355742
2.4483393
2.2575127
2.7688447
5.0304463
5.5816133
3.2325113
1.3128476
10.5138323
0.8422438
2.1075555
3.1215262
0.6909252
11.4963805
11.5840853
7.5350018
8.5592968
5.1647481
9.4326429
8.3473623
3.1588165
16.8260140
14.1834321
4.9249956
1.6874556
15.5081602
3.8734474
90.3082395
105.0678765
6.1939638
3.7431055
20.8294452
11.2021074
157.3897708
106.6310485
177.1272332
17.3058979
94.2448494
10.7179676
161.5305054
24.0898430
58.6066735
158.4280015
165.1962717
25.8619178
172.4030497
177.6653607
156.2041548
156.0915701
152.4310030
153.6843777
165.0402416
155.0525206
174.1957375
33.8480705
144.9661645
168.6913870
29.4034641
37.1239723
48.3846616
43.0646451
30.9010001
6.0019181
10.9106963
53.6569470
16.5924102
28.1471258
5.8858431
19.1092396
33.0906895
26.2166841
14.8330752
14.0258013
8.3869774
8.6632115
3.7481361
13.0339565
15.9195729
11.2206531
8.6369727
3.3311381
12.3614710
11.7892062
5.9846006
0.8577198
13.9756980
8.8259999
4.5605110
19.0845105
5.1405095
4.3394634
178.4819464
176.4977256
176.0959063
172.4352361
175.5774880
169.4715264
172.9185813
161.7592491
5.2805806
151.3817323
162.1243493
173.6128824
93.6661796
171.0004632
176.5738429
79.8053139
79.6385346
178.9513628
171.9349038
172.9489420
175.9396614
177.9151301
16.9539509
31.2136869
176.2472171
172.9101212
173.0466974
175.6787304
175.1018671
174.0550568
177.7820437
172.2829893
172.2837569
178.9424278
174.8304337
96.4942725
178.0534769
162.1601597
4.4247843
23.8228392
46.4409908
140.5540972
174.4603624
167.8213303
154.0790579
178.8327557
173.6165034
162.9992814
173.3339274
164.9951019
169.4470486
136.7984756
178.6988798
44.2066701
20.4127971
25.6788883
156.5371770
24.8274456
131.1945191
175.2473913
67.5500275
66.7575071
71.3643671
31.4565496
37.8727404
18.2358936
12.3565285
32.8752740
175.6223830
89.7985901
21.8467200
16.8023218
36.3028467
4.9369129
12.7669125
20.0677927
26.4043922
10.7931905
5.7177021
6.0514761
8.8293354
10.0101319
12.9599013
13.6754540
9.4391368
7.3611663
24.6400441
13.1579889
19.0028637
39.6919672
30.1906015
12.1389506
11.0084137
16.9381976
18.9602511
8.0518187
17.8709088
26.7192319
22.0971486
27.6988594
0.8327554
22.8027023
15.8145170
19.2122320
33.1252610
2.9737791
34.8500315
5.3754383
3.6559073
2.9170113
13.3379869
18.4618373
8.3230740
14.0635106
16.5597991
1.9972968
7.7491640
13.8901323
13.5491470
3.1174987
14.3296989
9.2522967
10.0472512
1.4104013
11.3954328
15.6306242
6.7137735
2.4495380
5.3656141
5.6454265
27.4302407
10.0823193
12.1060701
7.6967087
3.2160984
2.2423846
6.6896459
9.2446984
4.0390633
7.1677517
6.5401954
4.0446195
15.6885689
9.3461183
6.8514912
5.8479395
5.4633720
3.7525326
4.1047469
4.8968638
16.9160886
8.7106877
9.8339468
13.1264555
2.2491085
5.4110274
11.2091234
17.3823995
6.3613963
2.6347667
9.2627919
8.6153210
3.0996520
6.3252803
1.1683896
6.1282416
2.0174189
3.0847578
14.8489986
15.5357035
13.9730534
22.0719870
50.5152597
18.7831168
21.6554959
8.1754360
12.6223463
14.2205560
8.6283119
17.2304638
1.7017389
12.7480123
140.3617305
31.6027747
5.8432997
7.2909664
0.8025490
5.0240917
8.7687373
15.9570273
2.5245006
7.0528878
1.8047550
7.4385099
7.8757315
2.6777943
13.0545746
9.5833156
4.6541846
8.5309781
5.3056001
8.9071371
4.1372341
14.9203713
2.7868881
3.2132845
11.7239818
2.7178573
8.3952047
20.0889966
8.2461795
2.9543946
4.5103731
5.1759131
1.5769709
2.2246585
18.1295799
2.8508390
3.7640968
13.0648977
72.4101117
5.0245093
12.2588633
9.9786965
4.2185963
3.5653998
7.7042717
2.7416006
7.1465403
9.4451060
7.4477544
5.9158448
12.1989151
8.6689005
3.5367998
8.6601594
11.4446247
4.5648260
7.5938605
11.6453889
8.0659644
2.9125381
15.5980661
10.5626481
6.7699591
4.7152658
11.2090139
15.6647827
7.1065864
7.2394255
18.5654109
43.7832535
8.7906295
1.4919890
6.4282329
7.5853516
10.0283257
1.1898913
11.7276104
16.7287257
7.4173648
23.1824892
10.9037755
3.6960526
4.7614349
19.5837871
4.7078674
7.5485641
30.6500794
14.6886775
4.1656915
3.5297550
13.7771834
5.8786360
4.4070603
10.2952781
8.1330349
20.1380120
179.5588476
6.6854454
1.4102605
3.0856660
3.0816422
4.0135278
29.5609812
2.1619999
1.2102745
2.7536391
1.0545353
7.4229441
5.5435870
8.4512527
23.7631496
4.4811060
5.5415069
4.9424267
10.4333858
5.6254203
9.5628527
3.7568714
10.9007683
2.9702155
1.1815364
4.1154072
3.1671650
29.7956600
12.8479596
1.7894601
3.8349247
11.2726651
106.9662401
97.8001980
96.4541513
101.5859800
23.9250852
4.0281761
5.8581029
5.6589722
26.9347556
9.9607114
5.9679964
6.0271467
2.7203021
3.4915450
5.8972273
10.0180537
2.5019686
8.5639829
0.6855968
10.8359003
9.2197396
53.1693552
2.7459637
10.9775534
2.2753931
4.0897895
31.1666826
4.8953762
1.6105294
1.5039582
46.0335779
5.1245360
98.6592598
11.9771231
2.5580194
55.8691084
1.2345452
1.2346784
11.6817246
2.1731808
36.2270577
3.5598665
90.4375999
28.0237346
8.9600225
2.3626868
8.8734302
1.6036718
9.4128017
3.0097905
0.6433974
5.3005462
149.4096127
87.4591467
6.9935766
4.2639686
5.2614763
7.3823308
6.7791678
2.0900554
5.8081306
4.9707719
8.6859631
4.0358256
7.9438315
7.4271931
8.0377394
2.5517685
10.9255241
24.9975599
40.2209914
27.4253784
6.4275512
152.1177574
5.2673138
5.4052303
0.9179212
1.4870112
12.6091179
13.5166253
4.4438308
3.2371187
1.3956190
17.5988539
6.0662953
32.1627152
8.8946460
11.7330045
5.4726641
7.0701447
6.3053309
1.3412520
6.1560719
14.7962761
4.5765536
3.1088572
59.5222569
42.5452683
5.1199433
136.4273884
2.8169998
19.4753901
164.5842849
17.9916355
9.5141422
0.9645714
0.9069855
74.6776945
1.3968761
2.5211656
2.7887587
5.1192254
5.4636595
4.8370922
3.0582230
2.0800990
7.6025621
21.8889155
6.9354062
5.9237547
20.1276666
17.6256218
2.2718434
0.5057149
2.5747595
1.5955733
4.4982206
8.7813334
12.3787984
13.7235783
40.8713662
4.2326251
3.5122067
10.5737888
2.8616682
9.7717638
5.6933855
2.0293726
7.5312408
3.2557749
1.3774489
6.8945491
8.9277183
7.4137913
5.4402001
6.1141977
8.9946452
5.0057461
9.0665853
2.9831053
27.4419632
11.2602015
21.0300941
9.5538208
17.3386606
5.4761628
2.3437391
11.3754795
5.0322422
3.4760062
2.8387022
14.5441115
7.7531176
9.9938267
5.2147867
5.8208309
1.9657827
8.7977225
7.6993498
7.2298885
3.9742002
13.6651386
17.7588092
13.8227179
11.0500292
177.2687133
120.3067050
50.6001360
5.9863061
171.2009025
146.8219553
63.5435703
125.0044980
156.5658356
173.3345219
58.7286114
8.0077850
31.2393702
11.1364363
12.1164658
51.2889266
26.2130511
11.6997304
48.2863956
35.1147978
17.7856944
24.9219877
31.8599523
22.1870250
177.2043763
146.8209096
16.2775941
179.5713316
170.4419747
177.8086635
142.4422099
169.4215057
171.9605533
172.2232382
126.1799181
113.7191196
129.8467401
13.6346165
174.0358366
155.0113275
8.2867072
178.2530061
1.9359414
27.9181933
43.5509620
48.8436062
79.6488535
165.8399244
112.9876278
37.3261011
171.4349168
128.6748721
28.1086200
7.0185998
18.3687720
35.3471598
53.3172794
33.0246030
53.9159597
136.5777071
46.1336405
11.8524676
22.7623994
15.5627534
6.3286320
10.3326047
55.3663203
23.4655707
8.0453078
5.7626064
55.8565268
36.6876246
15.5885015
159.8813064
10.0317280
174.8236387
86.7359153
18.2894977
7.6298622
25.4529832
2.8925458
177.9304235
165.5507641
11.2581739
135.8347636
35.3941795
67.6938227
1.5566694
27.2093063
3.1137041
3.8299846
5.3204446
39.0401846
16.7404848
20.1138443
40.4559122
27.8620946
25.8506871
10.2991524
21.7572135
37.3258073
19.5629694
10.8542456
32.2961586
5.8461975
7.2951721
11.3602338
30.5420109
164.0375878
37.5243636
22.5321847
2.0026721
4.2553310
62.2043951
7.5617182
5.9517064
25.6703497
159.4820886
15.2658573
92.7971867
9.2441729
41.0225865
9.5069837
65.4047028
179.1841185
11.4179787
139.2090146
179.7163001
4.3734552
89.5526187
26.5898901
73.2485776
56.4979515
3.4835672
25.8793203
51.1980930
43.5849461
17.2342389
5.6021540
39.2169101
10.0753439
13.3792221
21.0811807
26.2563793
30.8706706
2.6416057
9.5238395
9.9529378
7.2538302
3.4512056
6.7789780
1.1896279
5.1622439
7.7806448
14.7248124
15.6364619
10.2791231
13.3568757
8.7348833
6.3249802
5.5021744
52.5570212
4.1227668
29.1715977
45.2371552
27.8745248
2.6831671
3.7170289
5.4389335
13.8909764
6.3520057
1.6382379
2.7877144
1.6174861
1.9213419
1.5089198
2.8974387
4.5221128
4.7420471
4.3544987
3.2659902
7.5989203
2.8256459
8.5324893
5.5988356
5.0531214
7.3289088
9.1746274
5.1292965
3.8113728
3.2028694
5.7803522
1.0892081
7.4192856
10.1310941
10.5858451
22.1107036
1.7876381
10.9259398
16.9998730
10.7754396
3.3264239
1.5262638
7.9909168
23.0749765
159.5692085
4.3645227
2.9557478
2.0424204
3.0210051
21.9368539
23.2949904
3.2412682
9.8532574
14.5755425
2.4508893
1.6832660
4.4657959
4.8875927
2.1095361
11.8410312
8.3405934
3.7044471
29.1258769
42.3509110
6.5495547
16.5337129
18.5466626
18.7829333
57.0507317
32.3454710
7.0521813
12.6606065
14.6195627
12.0796583
48.2206742
45.5227284
2.9796545
1.6417637
15.4247549
3.1522310
23.6451712
173.5310317
29.7646482
9.6665371
16.8026993
42.7278755
97.0136563
42.0362245
26.5995282
73.5124126
82.4541341
70.4612661
171.0980044
38.6924482
82.4967086
26.5934899
79.1380805
0.4898441
158.1139666
88.7128146
35.2209789
168.5863789
153.3960764
158.6517803
2.4077179
35.8826994
98.6216401
57.0925676
9.5140997
12.0041077
2.6831220
2.4357641
5.3455879
1.2773236
3.5620906
2.2488079
0.9736162
2.9625279
3.9104628
1.1351180
2.9838026
1.4650790
1.2886151
0.4954855
1.6903141
3.5699065
4.3000684
1.9972832
0.9211475
0.3209984
0.7012628
6.2141099
0.8234498
0.6492674
4.8304619
0.7042404
5.4927239
6.1677538
0.8746025
4.6415411
5.8071586
0.4749608
1.0048999
10.9174116
4.3676316
12.5338475
2.2855783
0.9539797
11.6210813
4.1389761
4.0940389
3.2025756
9.0713390
1.9326796
9.4596813
80.9285433
178.2618350
103.0782524
25.3069896
2.7445519
2.8793071
4.1725877
52.9730891
1.1230816
4.5202226
7.2490819
13.1426760
10.5583385
5.9542236
7.6407120
3.2709153
3.7611581
22.9196537
80.7215519
150.4088978
8.3534174
62.3886468
58.3386448
1.2282217
1.4143883
4.4368965
0.9327705
0.5596948
12.0603436
13.5270928
16.8959174
115.2709093
1.3946635
13.3490312
3.8329979
0.5443528
1.7969950
6.5734907
5.4120360
4.0951363
86.3270425
0.5611354
12.9745825
3.9545775
36.6693919
5.0282552
4.7932283
9.4622944
5.0915020
5.5484525
22.5147977
17.3459096
14.3695891
7.1026293
3.9719207
4.6036999
5.7806691
4.8161544
62.3548353
126.0830216
30.7469687
95.7819874
174.1865693
99.1459482
168.3202382
177.7711389
179.5147393
89.8981867
176.7904032
48.2101444
75.9470742
128.7151207
114.6146075
50.5353806
77.5049860
26.7994481
75.9121322
101.8079359
90.0111140
12.2245955
52.4553877
67.1975870
69.9766857
36.5718654
68.1557752
10.3362538
29.0939520
70.9791407
4.2624402
25.7736262
30.3015353
53.7307063
16.6081336
47.6998146
54.9324518
12.8820053
17.6509256
36.8731069
11.9577681
21.1955783
3.3818896
115.4709928
31.5263807
31.5456471
21.7947433
41.1753247
5.5000149
38.6526669
12.0323960
7.5966286
2.8427633
20.1720036
44.8509780
42.8919160
9.3208428
14.3324735
8.7213551
21.8501088
15.9264224
0.8000703
11.4029401
7.7926123
7.5683278
3.5297762
2.3966422
4.4278946
5.5763475
2.3315961
13.9434307
3.8096204
2.7834040
7.1922922
0.3414985
179.6174178
6.0399477
1.4645191
1.1584249
1.6184614
7.0831848
6.2501417
6.7270742
6.2453357
5.5545974
1.4957123
3.9392249
3.4954673
6.2045959
176.5038587
3.4235174
0.7602459
179.8241888
5.2727605
6.3947242
8.8062237
1.3173075
6.7467456
9.0560609
1.7714963
1.2587284
0.1291805
21.6675815
19.6526056
6.2416197
5.7116609
3.6708817
4.9252988
1.0310276
2.0915810
1.6211518
6.7949683
17.3195605
17.6948262
2.5313645
3.8854321
1.0746762
11.0982307
4.0256318
3.7014634
1.4027807
0.7596976
177.7196781
2.6904751
1.6631273
12.8502025
6.1141254
2.4968739
1.2572991
6.0051201
5.2511183
1.6233150
18.1554098
6.3965343
10.7278297
3.3624173
0.9554609
3.3582402
1.2520036
5.8249157
1.2598981
3.6188756
5.4918702
71.0574510
1.8557933
2.2664374
2.0015237
