5.4179565
5.0918437
5.5979316
5.2603375
5.3644924
5.2037168
5.5236443
5.5235345
4.9272830
5.4101728
5.5272942
5.6954613
5.2616561
5.5491297
5.4343815
5.9616716
5.3876305
5.4309600
5.4969047
5.1777903
5.5845376
5.6003971
4.9438812
5.8690110
5.6928977
5.5601187
5.3181988
5.2217686
5.4702947
5.3362350
5.3005641
5.4792342
5.5412241
4.9812251
5.1773375
5.2249398
5.3402428
5.5155499
5.6562838
5.1589082
5.2236056
5.2681551
5.3011187
5.5145973
5.3797985
5.4806961
5.5218637
5.6260228
5.2991611
5.5982955
5.0739667
5.4105816
5.5815001
5.3602812
5.6745320
5.3464144
5.2276019
4.9979995
5.1153936
5.2280662
4.9832782
5.0468349
5.1031207
5.3745046
5.3186539
5.4785127
5.4257659
5.2166260
5.3948067
5.4388806
5.1185615
5.2496482
5.1071612
5.4295770
5.2844597
5.4606959
5.4219422
5.5044850
5.4866919
5.1222020
5.1467272
5.4153598
5.3914194
5.1801941
5.2876878
5.1710382
5.1554155
5.9341075
5.2560576
5.3786866
5.7091647
5.4056791
5.2390844
5.4784242
5.4329296
5.5295124
5.4911444
4.9846722
5.8380069
5.0673693
5.6893519
5.4271056
5.7824448
5.0077621
5.1440190
5.4419240
5.1963904
5.3032771
5.5038779
5.5313183
5.1416654
5.2853775
5.6703416
5.6207367
5.3155794
5.5449680
5.7868314
5.5222171
5.1468074
5.4665367
5.4945583
5.3389598
5.2127761
5.7122123
5.3388189
5.0535534
5.2830544
5.7058878
5.5510577
5.5836098
5.4115459
5.5745026
5.6130601
5.4264614
5.5267158
5.1354091
5.3367966
5.3057287
5.3599953
5.4289287
5.8242004
5.4441823
5.5140689
5.5384006
5.3376419
4.9830113
5.1040081
5.2731557
5.3257507
5.5368604
5.7171373
5.0080700
5.5342825
5.1609503
5.3787643
5.7321448
5.4293017
5.8480520
5.6797559
5.2431754
5.7340320
4.6453671
5.3264133
5.6119723
6.0273085
5.4396857
5.6892221
6.3549909
5.8210691
5.2765891
5.3166354
5.2858424
5.7055046
5.6692729
7.1578214
5.4077744
4.8646631
5.8653982
4.9173423
4.8431015
5.4730728
9.0143496
4.6501224
5.1586761
5.3112443
4.7805098
5.0349912
4.9677731
4.8826791
6.0807582
5.4379650
5.1232700
4.9096309
4.8048902
4.8827269
5.2251428
5.4119172
5.7963227
5.1037112
4.9167062
6.7942719
6.4749821
5.5049403
7.5330129
15.6835583
5.7671265
7.2156656
5.8706330
5.4422933
5.1724946
6.1147621
9.4749336
10.6692443
8.6035736
6.8894410
5.8797645
5.7283823
10.1532133
5.7060170
7.0345187
6.5397186
5.8275702
7.8825561
5.4318006
7.7055709
5.8975319
6.5147383
7.6993691
6.7003215
6.3922352
5.3041826
14.5389957
5.6344382
9.4881908
5.0769353
6.0437835
9.5108431
7.7099921
7.0279855
6.0610642
5.8685729
6.3036534
6.9043813
5.5235249
5.2720048
5.9385038
6.4551545
5.9484561
5.5845591
7.9709607
6.4567114
8.9463281
5.5571093
7.8409126
6.2754980
8.1147684
6.0888042
5.7035384
9.4983210
6.6957241
6.6061562
5.0415547
4.8218348
8.5140810
7.1170158
9.2680889
6.9285326
8.0187152
8.5021712
4.7077078
10.4782030
5.5402625
6.3858143
7.4061785
7.0362205
4.0592243
6.7228793
6.7167824
11.7236298
12.4820762
7.0929911
9.0280144
6.0425804
6.4864131
6.4189536
9.6174232
8.2081582
7.2278581
6.6430670
8.1808716
7.1236281
7.8207416
6.9510608
14.5909365
10.5286358
6.8519719
14.1092797
11.9548255
5.9766466
9.8055434
8.7171743
7.2725629
6.7319554
8.0657818
7.5786922
7.1970826
7.8139980
7.9352436
12.1830862
11.2099903
6.6874673
12.9192346
13.4544576
6.8019257
11.1127364
8.5471333
6.9865841
6.5009337
10.6298758
17.8760017
13.7843506
15.7802921
11.2479641
6.5619610
7.3364575
4.3784353
5.5927303
7.7449015
12.3904086
6.2164038
6.3467046
4.6970403
5.5600745
5.7392736
5.5640237
4.2169706
7.9774008
6.8892397
5.6945807
3.4886365
10.0335576
4.8875899
4.3480149
3.9425219
5.0506474
4.6777660
6.0354057
7.9309328
5.2042315
4.3310587
1.3845044
5.1051603
7.6241157
7.1753271
7.5587717
7.2528704
6.1824384
8.5044079
3.9535617
9.1827100
16.7600355
9.0841911
6.9976404
6.9676803
6.7457090
21.2315503
5.3120016
9.6544236
10.7734891
4.1221957
5.7757624
7.0480316
8.4963866
5.8736145
6.2039497
4.5690333
4.5144511
3.6177710
8.0072738
3.8282926
4.0719932
1.7266550
10.4881643
2.3924020
3.5705948
5.4265949
4.0791084
9.8115765
4.3144711
2.4926422
8.3784621
4.7799638
6.0325363
3.7303030
7.3461403
8.6581574
3.8965975
26.3906367
6.7893916
4.3945721
5.6139840
3.2965664
0.9495753
3.6856001
3.2025981
9.4850635
3.4533168
6.3122965
14.1214743
13.3339448
56.4047295
6.6835644
5.7687200
6.9173453
1.7210987
9.1970853
7.9444971
4.4268121
3.7414347
11.7518940
8.1160205
3.4239937
2.8782273
12.8020100
3.4561184
1.0225880
2.0588184
3.2475898
4.1957961
7.3238922
9.5371052
2.9184948
7.6579103
2.2305662
7.1142894
10.9955595
12.3658687
1.9623580
2.6656810
6.2006484
3.8869170
4.8000659
2.0200072
15.2885527
1.3433854
9.8603243
2.0106701
7.6767735
15.6639455
16.1686761
1.3557841
6.9560046
7.6081326
13.5208376
3.8151628
4.7756501
9.4777107
21.0198771
12.2347786
5.6846797
7.1374074
7.4567639
4.0506666
5.1745325
7.0131123
4.3475520
10.9470410
9.3636434
2.2411980
0.7870484
6.9028214
37.8597998
16.3215566
11.3174774
5.2190041
10.5438325
60.2375774
17.6290690
3.8354289
7.2588293
1.8772831
3.7078752
12.9419938
11.3876536
15.6922587
16.0254125
10.6740555
9.3675324
3.2641606
8.3747577
6.0753740
1.2114918
2.7261287
6.0648530
4.3369015
3.7426454
5.4103206
7.6062801
2.0891933
4.7464064
7.2521023
4.4443186
12.1110997
8.0282307
17.5073541
12.2251884
24.6153847
3.6814389
7.4529939
14.9928652
25.8053298
2.7281161
10.5159775
11.9777610
6.0503857
16.1844472
6.5564203
5.4793774
3.8324283
14.9180582
5.3343635
11.0314935
12.0979931
11.0894303
10.5334069
6.5150740
10.5757384
7.5000132
19.8577928
13.2367458
17.5298291
2.5982054
21.0623721
1.4794089
3.8727183
11.6731443
2.2032622
19.4820491
5.7832192
7.6712555
10.1328424
14.3689708
10.3049290
8.1908304
19.5065525
1.9270486
16.4310705
8.9503538
7.1465955
2.5705387
9.6279011
13.2309318
10.5965123
19.4932145
2.1604482
3.3296818
1.6795234
6.5266550
1.1424661
5.3765034
10.8053047
22.1169545
11.2887536
10.3854552
9.6960740
3.2864604
25.8234210
25.5551536
27.8923963
13.9507821
22.3025553
26.9083230
27.6480559
28.4125267
9.5889755
9.0394494
14.9087845
3.9735300
3.3314314
5.2254851
16.0709805
15.1355432
96.0808280
95.4165135
96.9730112
35.2910245
10.1657769
9.0621379
7.3065994
6.6538829
5.3890700
13.8414045
5.8281834
10.0197574
2.5118570
6.3459686
9.4109417
47.4246408
18.7002865
16.5990129
7.2622053
8.9485648
11.3842777
3.6636749
1.5621169
3.1227390
3.3279519
1.3968289
2.2872276
6.1035641
10.2965618
9.5120899
2.6206889
13.6919539
14.2553133
5.6068468
9.4166496
5.6621579
6.8907381
6.9630045
6.8038590
7.2773592
7.9912818
5.6572878
7.1280919
6.4680063
4.9917303
6.3100257
20.6619363
6.6038162
15.9104230
314.4987842
325.6231917
18.1025721
4.5880230
5.0969625
12.7470382
22.7882732
376.9957072
410.0825602
452.5561464
411.8029046
433.1135312
449.2616526
450.6959692
446.2177746
451.1099316
452.7809973
354.8908852
316.5806256
384.9169656
437.4769386
254.9417140
48.3431410
435.3674285
418.9333658
284.5960117
442.1591821
405.5757298
430.0601829
29.7225490
441.2984856
273.5056315
439.4081616
427.2202209
342.3233137
417.8802514
454.6841444
400.4914013
406.4929466
367.4159693
418.4341061
361.1326670
436.7272172
383.8723029
16.2334322
449.8997383
429.9318807
10.7209396
412.3263443
424.3254933
16.9719097
8.5223850
3.8427033
3.7589986
8.7076633
6.9027765
14.9915543
2.6964013
9.2241546
4.9199411
449.0235283
5.0202480
12.4258569
12.2302202
19.4640363
50.3902379
39.8632074
15.0000967
32.1943161
436.9782985
27.4520986
113.2701803
13.4401553
19.5563265
7.2772896
11.6414152
23.0326875
3.6579766
20.5556960
27.6026671
32.3512704
29.5139610
3.6769344
16.2901600
35.8674541
16.7704129
13.1808207
32.4997786
27.8957334
68.5855132
20.2784154
61.9522018
8.5894887
7.3420715
47.4580013
8.9398431
11.8964830
43.4867062
16.8025507
3.6327056
1.5415799
6.3910316
7.8192588
2.0866985
8.9380013
6.6835832
14.6096188
32.7622310
22.1163880
16.4086810
6.3216006
12.6838473
17.1752643
22.2186649
17.5592304
63.2486107
65.9275964
28.2816145
33.0344140
22.6742505
6.9327711
20.6864078
12.8761845
39.4664162
29.1111000
26.6194799
22.5638088
5.0219356
52.0727803
21.2019428
18.1947433
9.3761558
20.3186876
42.0410455
42.0218490
7.2481639
3.6703623
7.3750175
23.9595559
8.5784012
65.4030695
26.0817415
51.5466253
4.5141925
4.2975680
29.1526281
11.7808900
19.0336190
2.7130252
19.4246043
5.8460905
39.0529172
8.0899991
11.0484883
2.2168787
3.8702156
64.1139791
16.0623290
16.4373032
11.4397819
3.1497161
14.4504152
16.5428544
4.1427963
4.3176175
41.1173005
46.7580352
39.6301295
57.9261839
134.0309469
19.8237241
28.0299530
25.1859474
31.3096934
28.6811244
39.1150353
38.8974521
6.9413701
22.7140799
42.2975452
5.8570454
41.5645302
13.9357713
12.9913426
32.6884118
14.8305698
25.0139229
2.8573724
2.1800637
4.3161498
3.3960739
2.7664565
1.5064967
0.8433833
18.0134009
2.1690524
3.2639657
7.1455196
2.7124443
2.2851318
3.6961305
1.1554804
4.3852552
2.6839401
2.6016722
3.0665379
3.8393323
3.9166534
3.3872682
4.8515166
4.1471259
3.3710554
6.5924424
1.6971226
1.8966459
2.9283852
4.1883186
5.7993564
3.2504250
2.8014695
3.2487456
0.4275615
1.1073264
1.3428041
2.0180959
2.5450342
1.9000057
2.0649137
1.7758056
2.8718237
4.4344459
2.3138358
1.3687174
3.6163620
11.5969040
1.2019400
2.6901154
6.2907285
5.6696380
1.3410032
5.5015283
8.5098201
3.0306240
3.8286844
3.4942121
9.4921414
4.1479848
7.6540479
6.4772012
3.1353238
6.0283449
8.8603715
9.1939637
3.2020838
4.9575232
5.0699305
4.1046720
3.0597088
4.4646797
0.4700824
1.8512252
6.7446881
6.8354783
1.9007790
3.9295361
3.2702821
6.5440999
6.2330949
7.7434717
9.8308605
1.4317816
7.5696692
3.9127494
4.7738603
2.5793099
5.3388101
3.2968433
3.7768957
7.0146635
6.9387592
23.9622437
10.1330406
18.6632749
8.7125804
10.8282780
6.8284191
22.5535157
7.5013426
3.2904700
5.9959169
1.7180900
5.6640314
2.6916031
2.5958247
7.3237738
8.5917679
7.3588201
1.5272499
3.5303705
17.0755280
9.5717586
11.9324821
6.8003664
10.8651641
7.1199711
10.1818983
13.8638140
12.7286658
6.7013852
6.0081085
28.0491888
7.8017201
6.1318515
14.4423716
10.2147513
14.2545635
29.3240428
33.7669783
3.5884689
9.4279894
19.0287270
7.1691475
2.6804163
33.3321466
6.1880814
15.8246288
12.3293958
8.4827490
15.5576017
5.4933923
42.7993473
4.6849674
9.1635565
16.2871241
56.7097480
7.0120080
7.0224924
5.4166662
17.6596726
5.6988867
8.2318863
0.9113748
25.3263491
6.2581362
13.7281958
2.1948197
10.7822406
32.3234438
13.2525809
1.5689979
6.2113495
1.9537980
7.7225573
2.3306970
17.3930811
2.9995997
8.4515445
4.4963266
7.8841006
2.9946012
1.0119402
2.0756912
4.5802767
23.2645241
7.6081576
3.3260711
15.8564610
6.9258439
27.8981790
36.8476915
15.4230248
7.0665982
6.0101874
6.4992203
11.0965572
9.4038831
12.7890246
0.8872771
9.3818446
19.1527639
3.0528208
7.0536653
9.9584203
3.6344837
5.0441064
2.3324977
13.3091370
6.5828995
11.2970132
31.9273367
161.3356577
249.3774019
3.5548151
14.1868677
185.2412494
3.6352531
1.9361038
3.6992406
5.5281243
4.7502489
20.0030131
4.6743754
9.7864228
10.2587013
14.2997910
6.0860166
16.2833933
16.8221927
5.8323166
16.6964810
4.0652135
7.9450661
5.8171387
11.7219440
6.0293231
2.5409250
4.8122365
2.7090630
7.1637568
3.8927182
9.1553922
15.3238284
3.7432565
13.5629494
4.8397569
11.4498823
7.2350072
3.9233223
10.2557981
12.5667157
9.9621582
6.8641727
6.4442072
12.7484332
5.9499658
3.5257629
6.6303523
29.0419969
25.6328228
4.3173216
17.8715913
18.0372340
15.8289470
6.7843303
7.7091726
30.6903953
17.6325669
20.9492082
17.2365708
17.7977881
149.6149461
4.4066533
56.4297920
178.6518524
211.4413148
260.4198169
141.3022461
69.5999613
77.8783395
76.0708416
35.0862441
28.3669161
129.8916198
218.1556517
233.3308536
233.9249050
204.6002783
236.8782684
226.8912533
179.8127164
32.9893512
6.3120848
4.5468527
8.7787146
8.6033537
30.9164793
38.1709346
14.9401658
7.8871733
11.3153052
25.4858385
6.8094459
12.2409273
12.4726512
13.3615047
24.4989686
18.3608421
28.6170365
11.6965314
3.1094018
2.4122760
13.2382738
15.2739475
7.1830280
13.1435611
2.5128345
3.0267872
74.2734852
22.3481502
86.1354226
189.7922032
291.5176542
9.2145329
10.2566992
33.8565551
16.1430993
5.3384258
12.9480604
16.1021361
321.3272564
337.1578934
265.3689313
18.9913883
50.1558958
307.8023410
7.7440078
13.7904641
11.2005863
64.9252784
6.1131236
15.8611201
15.7335385
5.0554428
4.8437363
13.2155861
178.5686408
7.1039468
24.0507327
214.4979923
245.5121651
317.9556317
42.8374823
246.3405236
9.5844697
6.5395625
5.2211448
17.5227832
7.7168400
8.4392533
5.7308823
6.7116714
10.8851061
11.4326897
283.3698656
10.5114061
24.2126269
18.2572715
9.0135559
9.0160669
6.2875436
7.7824673
6.2840106
26.0905555
2.2207932
3.3120065
1.9406691
27.7715063
271.5512515
258.9610188
12.6684441
6.0453319
13.8996947
225.9625727
16.5921740
21.3784393
12.3545475
25.8766871
27.2977746
26.8914877
46.7762470
6.8684219
14.8146612
8.2720305
9.8450283
32.0108787
1.2175779
4.9991829
15.8865246
9.5493364
2.2805381
10.6163033
5.6065652
72.6499159
25.9467562
28.6394283
19.3073484
28.1557291
15.8823160
47.6561354
15.9563524
39.4694391
8.4462882
21.4828254
28.7957852
25.9930520
28.2872959
3.9593478
7.1627836
10.9860002
11.5924252
9.6404618
3.9197506
14.0686606
24.8116714
7.0695454
9.5774176
15.1991524
7.2408424
15.6075751
18.7645793
5.6314925
2.6753115
8.2647818
18.8415100
0.5779175
7.5460081
14.7244497
3.2094750
11.1075762
1.6701258
8.4562678
13.2610650
1.5170610
12.2109345
21.4632083
21.4818825
15.5492871
16.8012711
7.3685073
6.3259830
10.1064643
19.5793458
29.5101771
12.2958250
16.8996730
10.9509277
11.1718035
33.0269353
8.8131282
4.3635929
8.1421077
5.5083303
5.2103270
7.5543323
5.3967681
13.3360280
6.4650763
5.5753103
6.9301275
32.5611873
7.1509411
8.8082243
14.9796495
31.9049397
2.4009820
12.6878209
16.6867567
49.4977245
1.2568211
7.5812034
5.8145779
2.1414254
33.7877217
5.7857684
13.8009723
4.4277486
19.0394191
21.8715843
6.3551095
13.8103325
8.4502244
14.6824350
5.9936753
8.1249052
7.3728699
1.5282605
4.6889320
10.8889784
7.1627958
6.0416583
5.4314956
14.1038928
2.5490369
6.7496077
2.8941928
1.3162029
14.4857876
9.5973934
10.6205797
10.4588084
5.3745752
1.5149765
24.1292670
4.2927278
8.8604492
2.3955690
10.6834329
10.9588294
0.7992869
12.2314935
6.7372431
9.3131950
4.5178665
7.5832913
5.0778136
7.2495646
4.2411724
2.2728089
14.2867915
13.7289537
6.4509226
2.1068031
3.8262542
7.4450190
17.9474527
12.9403957
10.9371318
4.3837856
9.8873487
6.5249300
5.8256567
4.4239821
4.2286783
1.9106245
6.5112863
20.5802439
7.5269157
2.8864786
2.2567518
0.7838014
10.7604727
3.2880888
5.0137216
13.0975631
4.2384633
8.4463496
3.8446974
2.2744622
14.6606054
1.9095262
6.4717561
3.6264571
28.5104498
20.0288830
15.7768506
11.2969267
26.3055922
2.1046294
10.0326261
15.1720346
2.9563610
8.7040877
4.1223113
1.3444955
1.8857472
7.5103953
4.5299508
2.8449521
2.8865579
2.8474309
16.3851688
3.9202602
2.4458484
6.7918764
3.3016865
3.6242598
8.6961453
1.7657853
2.9005252
1.3929083
9.6918951
27.7549344
25.8285255
3.4384091
8.4146631
20.0245295
11.0137764
18.2906066
9.6904910
15.5259712
24.4951074
15.0758568
19.1382747
6.5336479
7.8948660
15.6662708
6.3647484
30.8001144
18.4776088
18.7996639
16.4063843
6.6433199
16.5522277
13.3499368
4.7612200
14.6234511
15.5960731
27.6113712
16.7615850
37.6585396
18.4419763
6.1916244
46.7992973
13.5651194
19.2754061
16.5397983
14.4659037
16.8502289
10.1605708
22.6071321
9.8730353
1.4788893
8.9298197
4.3283808
15.2092352
1.4717849
12.4909426
15.0799989
25.7634872
15.0002357
9.6225649
34.7210212
13.6004278
9.7154512
5.8945672
2.9531365
2.2942563
15.1370426
1.3466706
14.7197916
14.0914027
2.3348910
29.4610951
2.5304736
8.7543467
4.5926173
16.8611373
17.9260054
1.7186957
17.3245444
9.5929380
7.2502266
9.4863540
3.9043603
2.3727162
5.0852444
1.7789061
2.0278923
2.3498987
2.4388373
13.9654086
9.4577145
6.1116427
8.3644260
31.5553823
26.2768640
1.7461044
8.1311538
12.7121624
1.7133814
4.2536644
8.3605483
10.2361651
4.6351455
8.7889849
4.3471226
2.2920856
4.1338643
16.8693262
12.4495313
6.7973571
7.8412050
4.6519966
5.4645008
5.5214452
8.8791106
5.2566923
1.3830055
0.8929417
5.7140676
0.8165040
1.5852264
1.7662540
4.2251905
3.4283055
3.5818791
1.0109950
1.3216614
4.4674427
3.5690226
1.2435258
2.4704203
5.7294036
3.5818667
1.2420513
1.7465527
3.9737584
3.3514829
3.2731214
6.3551068
1.1470933
1.1350064
4.0720551
2.8555505
0.9208341
1.0276582
14.1767963
1.0209244
8.3270206
1.9934074
3.1659225
6.3837277
2.7760221
2.9088366
1.2283052
4.2749899
9.3996580
5.2388550
6.4401604
1.1462733
2.7159973
2.4158297
3.9762639
1.2899283
0.6944042
2.9041838
2.6698082
0.7651980
1.3506247
1.1918979
1.0266110
0.8662596
3.6204084
4.0516105
1.1490856
0.8603770
1.0447125
2.7616933
1.3823323
1.2141989
0.5958547
5.1195673
5.3743937
5.4597743
1.6528298
2.3723575
9.9670998
5.8376082
2.6222340
3.4492215
4.7389611
6.6660853
4.1788929
1.4774856
5.6212431
3.8977768
2.5309611
4.0528670
4.3357619
0.7300071
3.2202751
2.5201397
1.6778622
1.0440990
1.6572952
1.6595259
0.7724570
1.2453348
1.7556875
1.1975075
1.8855214
1.5856974
1.7836741
3.8635740
1.8766085
1.7523061
2.1187953
2.2233354
1.9186904
0.7030712
2.4665119
1.5005114
2.1254818
2.9911827
3.2211238
5.4527800
6.2343472
0.1869454
7.8684480
12.3401650
1.4199546
3.0293168
9.4279500
16.8816803
4.1874908
6.3710030
15.9426402
4.4849327
16.6842828
6.7585118
11.8764225
16.1449576
4.4032665
11.0205590
1.2488503
6.2466987
8.4966549
2.4641126
2.0703380
5.6021309
7.2854929
11.5283467
4.0047258
9.2825974
10.9565480
11.6976323
8.4837996
3.2740061
10.7678245
5.7599646
5.1142319
13.6928134
2.5549310
2.3260076
1.6030738
3.2679602
1.9953125
2.2435106
2.8818750
1.0709866
1.4866964
6.1101589
6.7218450
2.1928170
3.2924730
5.0353163
3.1913520
2.6350571
2.2923880
4.3720419
2.6757195
2.7187616
3.5000464
1.4547153
1.9058341
1.5486259
2.3459354
1.6245211
0.9981284
1.1833711
3.1930288
2.4704057
2.9462436
1.5077641
1.1381903
2.0164611
3.7860579
1.9628962
3.1167370
2.6465978
1.4289317
2.6662786
3.9295262
2.6932689
4.2736143
3.2195554
2.2736206
5.1013754
3.1174468
1.3309907
2.6451891
1.1260369
1.4701170
2.3236045
9.1383383
7.2580052
33.5908979
9.5299318
125.6558805
20.1689937
0.6502433
11.6096810
22.4284789
24.5222285
8.8370240
10.7777959
11.1850906
2.1064340
5.7498704
4.3720328
5.8709728
0.7770577
1.4095227
1.4979014
1.9815028
2.7672728
7.8038161
6.0063882
4.5737564
6.0843464
2.3999489
7.4158635
3.4791768
5.5486277
3.2113896
10.7645757
5.3347361
3.3593037
3.3242385
8.6601710
12.1907180
3.6117959
1.5969807
4.3124138
4.5353596
1.4402365
8.8948632
6.3804062
1.3858499
1.7841437
6.9906299
4.3027998
2.3149605
4.7410694
2.5943155
3.0352513
0.8033094
6.1949529
4.6300351
11.1455418
6.8287615
4.8634825
6.9667535
10.5693883
12.2548534
1.6644662
13.8437218
9.2688631
5.5049758
2.9633172
22.5889506
6.7600043
6.6891561
4.0022459
7.2542722
5.5321035
2.0065742
1.3718652
2.0954640
2.8761498
21.8119861
6.6870957
13.8192285
2.5679160
6.7111854
6.2392947
3.5483913
5.6910496
3.1099143
2.5366480
3.7555507
13.4887247
2.7396271
3.8345897
1.8839967
2.3871400
3.9596026
6.0512031
3.7417066
15.6323989
13.6594666
2.3264264
11.8919839
22.9696765
20.2288200
12.3414749
15.6357664
10.1732518
1.4988978
1.6841517
10.4621104
5.0612284
5.5895504
1.0734630
2.5105560
7.2529382
9.1933489
7.8963855
8.8851050
1.5523089
2.5884343
4.1092403
4.1707925
3.8729672
9.0770889
2.8313975
6.3100316
13.0715501
13.5856509
14.2246859
8.4157946
1.7429193
5.7042941
3.1341306
3.7282806
2.5122578
1.9016397
7.0480705
7.6647469
13.2397668
6.5509107
8.0009475
4.0048887
5.5791024
15.0357129
7.8536199
8.8746500
5.7924362
7.7112692
12.1731452
7.4465497
7.3222354
11.0203592
11.3549721
12.0358760
9.4252746
11.7626869
15.7424615
12.1851350
16.1596147
10.5624706
10.4010705
12.0056967
17.0481730
18.9689277
18.4048443
7.8726504
16.4429059
7.2280037
6.6592192
24.4559985
8.2673482
8.5433861
7.9998858
9.7349132
4.2311821
8.6063424
9.4335734
11.6854669
11.1480538
8.0070097
25.8000588
15.1125682
11.2700825
2.5287389
12.0612799
8.4871041
6.4704100
10.7290435
11.8797911
13.6216201
10.4641940
6.2873334
9.9322795
1.4930827
7.9045127
4.6167807
8.4718676
8.1371924
4.8225224
5.7705090
9.0013962
4.6938857
5.4998623
4.9599160
6.2956311
5.1086943
4.7410404
6.2393839
6.7379976
3.0977616
5.1303456
5.2241996
6.0363065
1.2995297
8.6841633
1.4865500
2.3657523
4.0289639
2.9208053
2.6426390
44.1852777
26.5690628
40.8695745
1.7693096
5.8580271
6.2955790
9.0344970
10.1979456
5.2927123
1.9912171
7.1440729
12.4040376
3.2015527
5.2838852
1.3664622
6.1499545
6.3862208
4.5630946
3.5233654
8.3395678
20.9504241
248.0619761
10.4771896
7.6521570
4.8829133
6.8755959
5.7146560
3.1251251
4.6019671
6.9804004
8.1529922
4.2142865
2.1058236
2.2316433
6.6404849
13.1515268
8.5215196
152.8261309
37.6047737
127.9795685
32.6311529
78.0645778
132.6064446
38.5142543
17.5552621
14.0530251
102.9798734
97.9439326
11.8190166
6.4505028
75.9573256
15.3598862
7.8640574
40.4043611
130.9323934
13.0221368
11.4627011
25.3334544
29.8210953
5.5283216
4.8751812
10.0563323
13.2636744
9.6479217
13.5484168
5.4641301
3.2144578
7.5999572
14.7886278
6.8135322
11.6559581
27.8300177
16.3585256
17.0081745
9.0964439
17.2294848
10.2224796
27.7590456
5.8592582
4.2666020
21.9094413
15.7468409
4.1203575
11.3322083
16.8023101
12.5526643
11.5058415
4.1009982
9.6942037
6.5669198
9.1265004
7.8424857
4.5269238
6.1503118
7.0595846
5.2800901
2.5091173
6.2900052
3.9586705
2.5555906
5.2841312
7.9974075
6.8072969
5.8371312
3.4964543
11.2379250
10.9574537
9.8619224
13.6496634
24.0841557
7.2352667
14.3906711
4.5194700
7.4653937
3.9693790
14.7338129
6.4293834
13.4690162
3.7333159
2.4425158
18.6459023
9.8262448
28.1147023
5.5058228
5.3635131
26.0929770
3.8713320
9.3334185
24.0719233
9.0996726
11.1952464
6.4634470
32.1727178
4.1420137
8.5225792
4.4891439
4.7403907
5.7307890
13.7734091
7.4012547
10.0858967
16.6428807
4.7353903
8.4259033
6.3013658
14.4238720
12.5550854
10.5783894
3.2020867
8.1047660
13.0371579
3.9490929
14.8713123
17.9102063
22.8522196
9.1756766
22.9794665
7.9840710
12.5483356
6.5030348
18.0976365
5.6718902
2.4585952
5.0696752
11.6114260
4.7960635
4.2080124
5.7101810
5.8045033
7.2368452
17.2829052
29.7689911
7.1472211
1.9431681
3.8599637
9.3971707
5.3677361
2.7337189
4.8074008
4.4659694
23.6801136
11.8809238
9.1275188
4.1926450
7.4186075
7.4826247
3.5675342
7.6177715
6.5347889
5.0661996
26.4996105
13.2386459
6.0936150
2.8582872
6.0263570
6.4775018
6.8287616
9.0643384
2.2316840
12.7875485
16.1334487
4.0934232
11.0249196
15.5002279
11.6871861
12.3028269
3.5728887
5.8978275
11.9324805
7.8845672
6.4579169
11.0472355
8.1805210
2.9000789
2.5276840
4.6504146
3.8838680
5.0131642
13.3180450
3.4469983
2.3162125
9.6762061
10.3167477
6.4335286
14.0985809
2.8415705
10.2656458
17.3366787
15.7667459
3.5337346
9.5327566
4.1533211
3.6045364
4.1004474
23.9481140
2.8185975
4.4757192
3.4858633
15.7980716
9.3785761
3.7740589
13.7938899
7.3713988
4.3230617
5.3154812
3.9812991
7.2352473
3.2335800
5.4839813
8.7026932
6.5494671
4.1697168
3.9645164
4.4743139
3.6734079
9.0958157
6.8318216
3.5340675
4.3757441
3.5120683
3.3429705
9.3214266
24.0706387
6.5830450
3.4005092
14.0476562
5.2475753
5.8612829
6.4773879
3.4603213
4.3904378
3.3981959
3.5616547
3.1897187
18.4804422
3.5757675
9.6033644
3.3932050
7.0936041
4.0950356
4.2124836
5.6555724
3.7806391
3.9460651
17.7165528
3.4410106
9.1702789
4.6911761
9.3280675
4.1738759
2.7101047
7.1809070
6.1505331
6.0969802
8.5618353
6.0753092
3.0414723
11.7391244
16.7377224
5.5958005
3.3396928
9.2388756
5.4895604
8.2973985
16.9263988
7.9975777
2.1724601
22.8877762
5.7053285
3.1853785
4.0825328
14.3456805
2.4144218
13.1209948
2.6801211
6.7723905
7.8757421
3.6924266
16.2066936
2.5616870
4.1970648
12.4857211
4.6684265
3.9086020
3.9456145
11.5762080
5.6639723
4.8509589
2.2880130
9.6015761
6.0650040
11.7032109
4.9541056
4.7003893
4.9960625
22.1469727
3.4908692
2.0428892
15.6904443
21.6038659
13.3322123
8.0808228
7.3680913
14.9972153
7.9629501
12.8578141
5.9691988
4.4215214
3.7209246
4.8707666
14.6257303
5.0997623
3.9080811
8.2736126
3.6584978
7.9902162
5.8781922
7.1381360
7.6879541
2.6585466
3.7651795
18.8872777
13.1033315
3.3289946
8.4936166
5.8368177
7.3548861
5.5699414
11.8894146
1.9812174
3.3316464
6.1899231
3.8030534
6.8173532
3.9860522
4.3256195
6.1167263
3.5863300
8.2659087
14.1661654
2.6572539
5.1179125
9.0254408
14.9720669
19.6188258
20.5729553
4.8488874
4.4172579
14.6601208
1.5589621
4.8178819
3.7316329
2.9385923
7.4649797
10.0333301
15.1915002
12.0046658
3.6886513
2.9279453
3.4024228
8.2103384
8.0240440
17.0793688
12.9308996
16.3049516
6.6801669
3.3756517
15.4989903
10.1452831
17.4859234
2.9088553
2.6775645
2.3000952
5.6370201
7.8175362
9.6123683
6.7116262
9.7016084
11.1892271
2.9831652
5.7327507
10.1586543
9.1713636
42.7779107
8.1622719
8.6220375
14.6457764
14.5911584
6.2468854
4.0656396
9.0655702
7.6692670
10.7872029
10.3457479
16.0910266
6.6048056
6.5056820
3.7767168
11.2386087
6.5352351
19.2821908
35.3377721
23.9938109
4.9384003
1.9099662
4.1710567
3.9289969
22.8430582
4.8528672
13.6222518
6.6170217
41.4655682
10.0307258
8.6239164
18.8540894
39.7893700
3.8963811
22.6225867
7.4973348
25.7505538
9.8952645
17.0440469
14.6190099
30.2557084
27.9581875
16.3589824
7.1463813
3.0401388
2.7385903
7.1520874
4.9803910
2.2855956
11.9866705
7.6298395
9.0715095
11.8318224
2.6283964
5.4717916
8.3365238
13.0646294
7.9907393
11.8834195
3.1530286
2.2905403
8.7134999
7.0279191
8.1261974
2.6600332
4.1382914
4.6064160
4.2649389
5.2169160
5.3290419
4.7012721
14.0219188
5.4635534
7.9125409
13.9173683
11.5524716
16.6969733
1.7683716
19.4998582
5.3177883
4.5430892
10.1075938
6.1842832
11.6336630
14.4820407
2.4542269
47.2392480
7.3815283
20.3783008
2.1331220
2.6767171
19.2410085
12.6818621
2.5891694
5.7423015
10.3247702
9.8253365
1.0864839
9.8527138
2.8628393
2.2906525
7.0646994
11.2639326
1.7492247
7.4564745
3.5092780
6.7215645
2.7242700
3.2101201
6.5841722
4.5401974
3.2075569
3.4101735
5.3116159
12.5496266
2.5367514
4.9214927
11.9095812
2.3482892
5.1476835
10.2378522
13.0009013
2.2903213
7.7833408
5.6456872
8.3226310
1.7116407
3.2696261
2.7266997
3.2917723
16.9488295
17.6425150
4.5347110
5.4541642
11.8614687
3.5637228
4.2497212
2.9860405
8.6212042
3.9648052
5.9289969
4.4297905
3.7505153
3.8950516
6.3766037
4.3151092
6.9229056
4.3545089
5.6234256
5.3394830
8.1128733
4.9716313
3.4203366
7.3426001
8.0179700
3.5937579
3.3245298
4.1562485
7.5812321
3.8236346
19.2831790
12.4079563
2.2137852
1.8142419
5.7196339
1.9381261
13.2872822
5.4096045
4.3519304
2.3396384
1.3211449
8.7403091
8.5910400
1.2409759
5.3741470
4.8051637
6.2232272
1.6941213
6.3891294
6.1392608
4.8598808
13.3709565
7.0215869
5.2666699
8.0375328
5.8684334
11.9749356
8.2249237
11.5681469
13.3686353
3.1373539
3.2348158
3.6844867
11.6839487
12.3124349
27.2364911
27.3514608
3.7094187
16.6588580
2.3752601
12.0573042
5.2585787
4.1836234
6.3558525
4.0563309
1.6545435
7.3811490
6.9678384
13.7733915
11.0848527
8.7558966
10.0084967
4.6941429
4.5144965
5.6044218
4.3058336
6.3921648
5.6682139
27.2713099
5.4813363
12.1099020
7.5557368
9.7890079
8.3140201
7.3484896
7.3567358
6.4948202
9.0615579
11.0018512
4.9106742
6.9453021
3.2964875
4.5936509
7.0640046
6.1976552
9.2940965
7.2162775
14.8165061
7.8240738
4.6950187
6.3057843
9.3695481
8.5551307
4.5504819
7.9568232
15.3360145
9.8408733
5.1167688
6.3599580
28.2296485
7.5211654
6.2965658
12.8661711
8.3851733
6.2013827
6.2229333
8.5186834
14.2040853
17.8577953
16.1810035
15.7441306
7.9472894
21.2781687
37.4821761
22.7002058
38.7285946
9.5498616
24.1495665
10.1810596
10.1746693
10.4456181
10.0059825
11.6457916
11.6738525
97.7532875
32.5983666
16.9385572
3.4431609
26.6827236
10.5431420
10.4524850
5.2003541
6.6288089
5.3907910
9.2591187
6.1956178
7.5562092
7.2620120
16.2062758
25.1518023
19.0352475
5.2783411
22.0650950
53.9042236
7.8911412
9.0444378
11.6988311
8.9445601
2.9454706
4.9720628
8.0168187
2.4657874
3.3925820
5.1808266
7.2102313
4.6917159
16.4377065
12.6545121
20.4270010
5.4933601
6.4642278
1.7842811
8.1738009
3.7301462
6.3203119
4.4213402
4.5049989
2.4099505
2.2281999
5.0554292
6.8857799
4.9410253
6.2945919
6.9185244
4.8871671
5.3823158
9.3448102
6.4691237
7.0953838
19.6968651
5.6670495
4.9331974
5.2438958
4.1116609
3.7597814
5.5675068
46.3570640
20.8337807
20.5677641
17.2450827
28.3932930
17.2469903
5.6216236
26.2741971
24.1268752
24.6255125
19.6404295
34.9157065
29.4435390
35.6333483
24.0349182
28.7039188
11.9388880
23.1328076
37.7517763
22.3640604
20.4436041
22.4373003
14.6443899
5.1425658
16.0931821
26.2085315
10.3855760
18.2352781
27.4200716
16.0928592
9.8460727
17.8684420
9.8192414
20.1223528
10.7707288
19.4820432
11.9837717
18.0442442
11.8381411
5.4701676
6.1763796
17.3394280
16.4161972
6.2148909
1.5700838
13.4751178
13.4207657
9.8135045
9.9327765
1.3987762
8.5711528
5.2900368
5.4892857
3.6542466
5.2674254
19.7022941
5.2529081
6.0651734
7.0021430
2.7725294
2.3913841
5.6066684
3.5380377
2.2169031
2.0722494
2.7423442
1.2603786
2.9837212
1.5552476
11.6336455
1.1501623
3.1689677
10.4074212
1.3432820
11.8743822
16.7674978
1.7802604
4.2653727
1.6744523
5.5241989
2.3264693
3.5561133
2.8470215
6.2233399
3.1871793
10.2764093
13.7320293
20.3143256
2.1906128
5.6969494
2.0721180
3.5076377
45.3910431
7.2335488
7.0498017
19.1958077
12.3998410
5.1934488
4.5386007
0.9949502
23.2959736
8.6277828
15.2556273
6.2669377
16.2094115
9.1030197
9.0770091
17.1010352
1.0617235
3.6565528
5.4468711
5.0466159
6.0810585
4.1177838
1.6326379
4.4823439
2.1127992
13.0849540
1.5690025
7.5479359
1.2270380
9.7762339
9.5984223
2.2918122
1.9265705
2.1400555
1.2595192
6.9338816
4.3507193
1.7662335
1.7444875
2.5002081
8.6708335
1.6215242
6.9631142
0.7932756
4.1313128
1.9761447
1.9841029
2.7102050
5.3869293
3.1013097
9.0917087
2.6748568
3.5066156
1.8196627
5.5983340
5.3715147
4.6645175
13.5447973
3.1419353
5.4954848
9.6877119
5.8924627
4.3963576
4.3916212
5.8281090
5.5974157
6.6387562
10.4761783
6.0783611
12.9499116
5.9703252
6.1149890
4.3399850
14.9508985
19.6444285
7.8941727
51.8498861
22.9132637
10.1072137
9.1776882
19.4751521
20.0843406
37.6996852
6.8865011
3.2557828
39.5193651
8.4379446
7.7057509
39.3068081
83.8186424
44.3198459
42.1745086
64.0719584
384.3316178
393.2956971
344.9892206
306.1439837
21.4931817
32.3339941
409.4349887
33.9142367
171.9342146
24.0155508
29.1876233
43.0030160
28.3632049
9.9596207
6.7331272
38.5579273
7.1147958
12.5787606
21.6477787
14.6060795
23.6222130
39.6399715
120.6103847
246.0869690
33.8198762
109.7911246
47.5041700
18.3441302
9.2286121
30.4191781
17.1993584
22.0370013
21.2347432
72.9278818
124.7396057
71.5115756
16.6424128
9.8799031
26.6942694
87.4274290
55.9291563
58.6449924
43.4195412
13.0853994
54.1426621
174.4057596
116.1611459
71.3405457
69.3693625
93.1807162
116.3268791
80.5239332
19.5717157
50.0555269
40.5516659
34.0355798
43.4797548
104.5860484
44.1599897
70.0769756
51.4748456
32.6748954
7.3047264
21.2170674
29.3622507
38.0002610
35.2879621
41.3827127
7.5160844
2.7618741
19.7266386
3.9422223
1.9736141
8.9209753
47.7300579
9.2294119
3.7357336
2.5942403
7.1076939
5.1399389
10.4642184
9.7699127
25.4044038
23.2754206
19.5890105
15.9682181
36.3225274
41.3868501
5.0508655
1.6802824
11.0465750
4.3417898
6.6475854
4.2925879
1.3431601
72.4370509
3.2214622
2.3801300
2.7909767
1.6789525
4.1415250
36.7531738
24.8358365
1.4230860
6.0523002
24.3059368
11.5888038
2.2834687
12.1540126
4.4286800
9.1104125
2.7612508
16.3434793
7.2953913
4.5593759
7.9436607
9.5930712
5.1865935
12.4993754
10.3680142
9.2903338
4.7157549
11.5235647
8.5790958
11.9540179
28.5746392
18.4712041
7.3891669
21.2548399
2.5270177
6.4638175
4.8705823
8.1328043
7.0586903
9.9799722
2.7211024
5.2643227
8.4682893
10.3135952
13.2387411
12.9259121
14.1869127
10.5544021
2.9433368
12.0280888
21.0187307
9.8416181
12.0857939
13.9242560
11.5927096
5.5412685
42.7241047
2.6364817
25.4110048
2.9784261
3.1419802
2.8357303
3.9233881
8.7975086
9.9904381
7.4072746
10.8892997
14.8302953
4.8221533
2.1910247
20.4559526
6.5395996
3.4646930
12.8321291
23.3988443
15.4515834
14.5116455
19.8110232
10.7858495
14.8792037
10.7835531
12.3790581
15.8295852
13.9769494
14.8128333
16.2184752
3.1387401
4.2437212
17.3346312
0.9652111
8.1244110
2.5103497
1.8548840
1.4357416
13.3051969
5.5303241
29.7805057
8.5707085
20.3122272
13.5929542
18.0668624
27.0549145
17.9921380
2.4518823
6.3561321
1.1489676
2.8067807
7.3692322
11.8458972
2.2060363
13.9336280
29.0840930
33.4182326
10.3846595
2.0082834
13.7865375
2.5921882
8.0898456
96.3226509
5.9909431
16.7420094
10.8161486
2.4568006
11.6110718
14.8105109
3.0983717
4.5688135
11.2852151
2.8920893
0.2351899
2.5292773
5.8227880
10.4740476
2.4392237
8.6302325
1.2522443
4.0313762
3.7029135
3.9012660
26.9615753
11.0158100
17.9627440
3.7602534
23.3824234
16.2144617
4.9781528
4.1953540
18.7542753
11.0695055
7.6082696
21.4840205
21.1463081
28.6755393
42.0376383
15.6303632
26.4418235
12.0381483
20.5962854
17.2740752
6.7612053
22.7264800
17.1944169
39.1269874
18.3479032
24.3630480
5.1983810
19.6138238
14.5130164
10.1193260
17.4840697
13.9784587
25.5272631
20.2358235
29.7245736
16.9282424
15.1038162
8.0938214
34.9549290
15.8618492
19.7834484
16.4799907
72.2226330
18.7615291
29.9988195
11.8392174
10.1026214
27.3654161
28.3896062
31.6943839
14.6072648
16.7287386
1.5669741
38.9973230
11.8004599
26.4987812
38.3424539
13.1660956
14.5698101
7.4631257
42.4806412
37.7196480
30.2903345
28.0111074
71.2919473
45.1891942
56.3969258
28.1411070
67.4432116
38.9243002
22.0237282
4.6170674
51.7438541
18.4677126
16.3374089
35.1707171
59.5712967
6.1997790
35.1112624
33.5901526
112.8666260
35.7682019
96.2031636
37.5078678
21.0875014
30.5109761
5.8866457
27.7028483
26.3209834
27.9876925
30.1309502
58.4538746
84.6682009
55.7470447
36.8734257
53.7197824
48.1042959
15.4776594
118.5668672
116.9080489
120.4766965
114.2271899
69.5904370
53.4869995
121.0135354
99.1051819
94.1399831
11.6426918
120.0082201
133.5450987
11.3219611
150.0026568
5.8415366
3.7665460
78.6154486
1.4334242
7.4791415
37.7585029
15.6204610
5.7492368
18.7737244
22.9809714
16.9246335
4.5801400
8.4250719
14.2649112
9.4143320
24.4487923
27.2672556
123.3100350
112.8220402
5.7569709
6.4028431
7.5738091
40.1032176
139.1384649
38.1648238
131.4767269
109.7202568
54.0748033
50.0057508
128.7501114
118.0422293
37.1438305
7.8808852
124.4575331
9.4312111
16.9842110
5.2944231
133.3670746
1.5737572
47.7507565
17.0908624
7.8994937
15.7234299
0.9353494
3.5914326
34.4188968
21.8557879
28.2983390
12.0087857
12.6851664
23.1063796
1.7146835
12.2723242
5.4298945
10.2378731
3.7398625
12.5542290
8.6019606
5.3307190
4.8841459
15.0271603
8.6371867
6.5413621
4.2743864
7.8344972
8.3279840
14.3590558
12.5066440
5.3791516
6.4367247
13.0884624
6.4682355
5.4064373
15.8243597
17.2576912
19.3324847
12.4010415
5.6815420
14.4265778
2.2126832
16.7449375
5.1477253
9.8379465
13.9247305
0.7899007
19.9362821
5.0004282
3.1017916
6.6176909
0.6851539
0.9570074
0.5011303
0.4798189
1.0672654
1.1027376
2.7715380
1.1250390
0.7450541
2.2915397
3.8916946
6.3978886
1.9908795
0.8708698
6.7273986
4.6526882
2.2382025
2.2962142
1.9574284
2.3122237
4.6778804
2.3608905
1.7661049
4.5581382
4.0225101
4.6543573
0.7767880
3.3699392
3.5716339
8.3698507
6.3169493
6.1166371
2.9467487
0.8570604
4.0301984
9.0191725
4.7794590
3.8109130
3.5509782
4.0455879
2.1090069
6.9366088
3.1489138
5.2171506
1.8462355
3.9699496
8.1116025
9.5868279
2.0545336
3.4836239
2.7542761
1.4757118
1.4230636
2.2808040
3.2869513
3.2396686
6.5893319
6.6929574
4.5891663
4.2699602
3.0080968
1.4377484
3.1707115
11.5451597
0.2587289
7.1935010
8.6038968
2.6834743
0.9734369
2.4252489
14.6749476
16.6481067
1.1372727
9.4190147
5.4051672
5.3312507
9.7888625
4.7961526
0.7465907
1.8011219
2.2354337
7.7218168
6.3196209
4.6724507
5.4662541
1.2901276
2.8874789
8.7006343
5.1686393
1.9946418
5.0329083
5.2236734
3.9765331
19.0814823
32.3485759
21.4467383
29.4054246
14.2535625
6.1244311
115.7058924
9.4494695
29.9587700
33.5862868
31.9256958
20.7127482
2.9371943
6.3015760
3.0572988
41.7538889
27.5618753
28.1079063
22.6434442
410.1000573
11.5410319
11.7869341
120.8604789
390.6598599
112.7429747
124.7035977
399.3313482
117.5409186
46.8187460
298.4922186
1.8049148
13.5932702
18.6994403
11.8018445
4.3010543
8.5027042
14.0990042
86.6502253
12.5613273
36.9680204
30.2527747
4.9838909
41.2716561
3.6198630
1.6729314
8.3058477
31.8283625
5.2237329
6.3770836
16.1597268
5.8766760
12.3453965
15.3788533
15.3777893
22.4410485
30.8772375
41.3255339
25.8556247
14.5221463
44.2558133
7.4172777
23.5149158
9.7414997
19.0296042
3.2527749
2.6980974
8.6469032
48.0788821
12.2143998
2.9758276
9.3726686
7.5561473
6.3519958
3.6127649
43.4194569
6.4601613
24.4092140
3.1199176
19.9353297
15.5556513
19.0243840
7.7891569
27.7358365
4.4668535
8.4383421
35.9257957
15.1581712
1.6622881
14.8080042
0.6508548
7.2891796
3.5622706
5.4164850
49.8905709
24.3663751
42.3927855
22.4260013
23.8446831
42.9603314
17.7809878
20.6554886
2.9313679
8.2149897
13.2898495
3.7638132
21.0405635
4.4222890
11.3238172
21.6332341
21.2351232
2.5692342
3.8926498
22.6177436
4.1095834
5.5886974
1.1056544
3.3084734
6.3393500
10.6697869
13.9606988
12.0008748
23.7606208
5.2038058
20.7589730
15.5399663
18.6219043
16.5067673
8.5037262
14.3955774
14.2355444
2.5614068
11.6542570
10.0272957
9.0875461
1.8036395
10.2795363
5.2007322
4.2474428
9.5147219
2.4042153
12.3059041
10.5686037
10.7701198
1.9454324
2.9983119
5.1933496
9.7566177
1.0269180
10.3646191
14.6154208
18.8448099
8.3104094
16.4131570
12.3299398
3.8020903
12.7475620
11.4194394
3.0209891
4.2826494
7.0207584
8.7039997
1.4927628
3.9758951
17.5696924
10.8546205
6.6771372
6.8397923
8.0789525
1.3124770
2.9101238
40.1170922
25.4451010
4.1816190
18.8867631
5.6115397
9.0244647
78.8897595
13.9322706
13.2295917
16.3042735
20.0956858
15.9858844
4.3989921
9.8270385
3.0803942
5.1609676
2.2735709
2.1644600
3.1060125
5.6991539
3.0312818
4.5170460
8.8747905
10.1118119
2.3467273
3.5227281
12.7675069
1.5431379
0.7729648
1.4852677
6.1951542
15.2149926
33.0698432
9.8052701
9.1698047
12.5887957
5.5580162
5.7795712
1.7158649
2.5290959
12.6227709
2.1713488
14.3355983
1.0416805
12.5347366
14.3661965
13.9140106
22.2249042
14.8342373
18.3763794
4.8677907
9.8305971
4.9669329
5.3642911
16.7626539
8.4943925
12.2873432
10.8426591
12.9878979
7.9820593
17.9727102
3.2374166
6.2716725
6.9904012
11.6899527
1.8222071
1.0137829
4.4969838
1.3688688
1.1652537
6.0426877
2.5138283
4.6048515
13.9628449
3.3999871
7.1513409
8.9628784
0.3137875
1.0068281
8.4136365
6.8215667
1.4078484
2.1216413
11.5284940
12.3986358
4.2154443
2.1729090
24.4285675
29.6098989
8.6959699
9.4430604
4.4198734
14.0707360
17.9962530
5.6227548
12.8394681
10.1636861
4.3944080
7.8193641
14.0384615
3.2989041
15.3830777
1.0323447
4.9709665
6.8711626
8.6754311
4.1393392
9.3976927
15.1403444
6.7882209
9.6413387
9.8738756
4.2528846
2.4773300
4.8962681
9.1538047
39.4725698
33.0508144
23.1599248
4.9930513
11.4324847
11.6039017
0.9433324
3.7202422
5.0203425
13.3029032
7.2811420
7.5932166
16.0628060
5.4158644
11.2268125
1.5107013
10.9643239
3.9985482
3.2230656
6.6681904
9.5043414
13.5407652
12.2177535
5.4073535
11.5254398
14.0237853
27.4859121
41.3995343
24.8296391
12.4795458
3.5166802
1.7864263
3.3547784
0.6168184
14.4929126
22.2601011
11.2069983
4.8400205
0.3874294
6.6006925
17.2641872
9.8309180
1.3916743
7.3850875
28.6184868
25.1473693
11.7248159
11.8116841
13.6820062
6.9797578
25.3577255
25.5572781
35.2812692
14.6961466
18.0125583
5.1466390
17.3411901
17.6579105
22.9923704
14.3639795
8.5172601
11.7640686
3.9023698
32.8510012
27.0724337
38.4321290
12.5285262
2.4775159
18.5526159
66.5823383
31.7953594
68.2992298
5.3738497
20.2316162
21.5141999
27.4579619
35.2250159
12.5857835
39.6630399
47.9138174
50.7068473
16.7516419
86.0065921
6.9489610
49.9850417
12.5731094
16.4865637
91.8301955
19.0367048
18.0968305
21.2443207
21.7676764
14.9187069
190.8870665
20.5950732
22.2933091
54.7997328
17.7080753
48.7475291
22.3724051
86.3786312
263.6290232
171.5088504
13.8799029
15.1789040
6.8507218
12.2088689
14.6404592
21.1725031
180.6686972
242.1511378
235.6205644
227.9061299
203.5780260
227.5442056
113.3289496
223.7225538
102.8355659
185.1945988
221.7989330
166.4910484
232.4204716
236.8012751
183.6735081
145.5455214
209.5770153
236.1859032
228.4559642
100.5178329
170.3639739
230.3050513
234.9188397
17.4283047
9.4917904
235.6016154
207.6324098
217.1991413
228.8912648
9.0674533
18.4221713
212.1994470
142.6011888
23.4612194
200.3000273
154.1502119
113.3821724
14.4672682
8.8842411
112.1487059
333.3406568
401.1342744
321.8941099
315.8539880
320.8717179
203.3447085
225.4457460
12.6951776
66.8098761
19.8542441
17.6700505
15.1256872
13.2791575
3.9033352
14.2179367
14.1937272
21.5483566
13.3193064
9.2620767
2.6495921
6.6075056
2.8145662
3.2492298
4.6598854
4.5917042
1.2419354
6.8343983
11.6453487
3.9878482
3.8554460
10.9327497
14.0356317
219.9848159
125.6727204
13.3114142
10.1650271
13.0499618
3.9831350
8.5915051
232.5886388
17.6193235
5.8882176
28.8478248
29.8999232
12.0536745
5.9639784
4.3739902
6.7645810
7.5897486
3.8593954
4.6714389
24.6814139
294.8991228
295.8981256
191.3374255
15.5338656
14.1259099
8.4364378
3.4634024
2.1523377
6.5482643
9.8035596
6.6589294
10.0019221
5.2646254
7.5444665
7.6188765
3.0410170
2.3683415
2.9873689
2.3892901
1.2287143
2.1377561
2.5251601
1.7281812
4.8233745
4.8112470
5.4289963
1.0033368
7.0771422
2.8077613
0.6348868
5.7652545
1.1280581
4.0604059
5.5468784
3.3458153
5.2285207
9.2692336
7.6829499
9.6996917
7.6165299
11.4198036
12.7038155
5.3582432
4.7957231
6.7180314
11.0989797
6.7386387
4.5629273
3.7302530
5.6889348
6.5240195
5.3158377
5.0614556
5.8666564
6.0814381
3.1053405
7.2820927
5.8233083
2.4827807
6.5909451
6.5895360
9.9262387
8.7378199
11.0704499
4.3031789
2.0881509
1.0696284
4.7878838
5.4735390
4.4143107
5.0344179
5.4562705
3.3240277
5.5279922
4.6279526
6.9322949
4.1666203
7.8294053
4.8742461
8.0741923
18.9260285
6.2181251
7.8677678
13.3619690
11.6044829
11.5690064
6.0225739
8.0773583
3.1995688
5.5922329
8.6458153
11.0374587
16.1209558
15.5386968
7.6279774
11.5043341
15.5891721
10.1166567
8.6620462
29.9281064
59.7693082
28.8054110
10.4194795
19.8479163
5.8411348
19.0622386
8.2149725
32.4235937
48.5939550
27.7613928
25.7685264
147.1873650
23.2102313
44.7294155
27.6148298
47.8799073
386.9934508
205.4998181
322.4001977
108.4392150
11.1683790
199.3829228
198.6749424
21.3645502
12.9326336
10.9165138
12.9794557
17.6861347
2.2515233
17.2182477
34.7096546
0.4677973
5.7689197
4.7694843
2.3516408
3.4284548
3.4578682
2.6984740
3.3259099
4.7656414
3.9335192
2.3164174
6.3203895
4.0795105
6.6820330
1.0460140
6.1254342
2.2232970
2.6173611
17.4906119
8.4155718
7.2255740
26.0837992
7.8511534
13.8931985
13.1938455
38.2909936
18.9822249
12.1246987
8.4815741
15.0356563
17.8897449
20.9087040
8.4688523
8.9974663
13.4795260
12.6670245
12.3587365
11.4499372
61.5099517
17.1305780
3.1447512
7.1929165
5.1803512
9.9579109
5.9044137
8.0651316
6.7999495
12.0262951
11.2348694
6.1421918
14.9353335
39.7994221
4.2112195
387.5683900
391.4151723
16.2492501
28.4734370
25.1693924
289.1740817
388.8415403
398.6385289
76.7654388
5.2144392
5.3704681
42.6503632
58.8820864
10.5022821
14.2436534
50.0629133
38.0689479
26.6296492
48.0202264
38.4552070
185.9743183
5.9264315
40.4667466
8.6831415
79.0985350
328.9094274
111.9903637
59.9800630
25.3824861
47.1809664
5.5905044
2.0499301
19.7816746
40.3772060
22.2114417
49.5649708
4.5287513
4.9102062
11.6015420
4.0470822
3.6142819
3.6078354
4.3010187
7.7507588
2.0092923
1.4521474
1.3639546
2.1177087
1.5119273
4.4912585
4.0312475
1.1730331
7.2413723
17.7235818
3.9800002
10.2881898
16.3018964
18.5386955
10.2756492
13.9362212
13.1960783
14.3929219
5.5195290
10.3909763
13.3436589
13.0142046
13.7741906
9.2916972
24.9296903
20.7979970
20.5632221
9.4658689
25.9539193
9.6151377
13.8000576
21.7182597
28.5772416
33.4251936
20.1766355
6.1829856
3.7318674
3.0281598
20.9649138
3.0367463
18.1702396
2.7899605
4.7315563
2.3395375
4.1081185
1.9556779
4.4698492
4.7404179
6.9807627
1.5823180
0.9131919
2.9168921
5.1198900
5.6002069
11.3255909
4.5802998
3.2197797
6.5247569
5.2016801
9.0889736
2.9377180
1.8378852
1.8194235
1.7277442
2.3942480
6.7100919
4.3298008
0.7485614
4.0229070
4.6738874
12.5595097
5.1347602
23.0620182
6.2418462
4.4354929
6.1023661
19.9150189
17.1660477
21.0466162
0.1279438
1.1295116
3.4898434
2.7081217
1.5510359
3.0941130
8.4580593
4.9875053
8.4886020
2.4557376
2.5172140
0.5686789
2.2927851
0.3330424
3.5631919
1.5955220
5.8802861
2.5766405
1.8695314
4.0238855
6.2672816
4.1213930
4.1306740
6.6948548
4.7995057
5.2347688
2.5362243
1.0778126
2.8828988
10.6245087
15.3981747
1.6818163
14.6055494
0.6926653
5.9986722
6.5252291
3.4885684
10.3790425
7.5960040
7.1755072
5.5559166
5.4262670
8.3984677
1.9625326
2.8292228
3.3921626
4.8241990
12.1199905
7.5645266
2.0094108
1.3625112
0.6944784
6.3592649
7.5984348
5.5432697
1.1609832
2.0060091
6.9016264
8.9757162
1.7448113
3.1992275
6.8790943
2.3289564
10.7434402
9.9513759
3.8516116
6.7699432
18.1326557
5.3113216
6.4310546
2.0526802
2.4384583
2.9531897
14.1615000
1.9946360
9.4449787
9.3100776
6.3072754
17.1744153
11.4655365
19.9200229
11.1035510
1.8804932
13.0125661
1.8569420
25.4553598
32.1183906
12.5889797
36.1957373
13.9272163
3.1918248
7.0149979
11.6400157
8.9780960
0.7491916
4.8209698
4.3581432
1.8860925
15.0612383
24.3463408
24.3209591
2.2015751
1.7033662
14.6685087
3.7128242
14.5766365
14.7049546
16.4961632
8.7829944
17.0867953
9.9852960
11.4933978
11.4761744
27.1549437
39.5697420
2.9865071
11.0768138
16.5554392
16.2686857
12.4553679
21.0147177
15.8565911
19.9363602
12.9827384
4.6368101
5.7118401
15.6346692
17.6275505
18.5006106
35.9240121
25.2563105
39.2418598
30.3081962
1.8058131
11.6440716
1.3458513
12.1874001
564.8581615
21.6334417
26.6836453
18.0935550
35.8891670
7.8369132
8.7476587
18.0251079
18.9001059
54.0664645
4.1287862
8.7771834
3.3787626
478.5263433
3.9664229
31.6776959
1.9570151
8.3383148
5.5537514
8.2708827
10.6756764
9.0540025
9.5569232
2.4662302
31.4572656
13.4894697
12.3435228
16.3609604
1.2272322
44.2308271
2.9859188
12.1954936
0.2405378
26.6641278
125.7620438
8.8681959
27.7865387
16.0899605
20.2815736
4.2263131
7.8427700
17.8854893
5.0420026
4.9184718
17.9219460
11.7261988
36.8086872
16.2140645
27.6772436
21.1829483
20.1598122
23.2992772
14.2092179
18.8657132
20.8214142
16.3449681
6.5284102
9.6503973
18.9323588
17.1396719
11.8428593
8.6193623
13.3078203
6.8836446
14.1632465
13.9884188
29.3958123
24.8398856
1.1081204
9.4869147
8.9214328
7.9142757
7.0803021
5.7466849
10.0795044
20.4219711
13.1030950
6.5953720
31.1451955
9.2360987
9.7519493
8.3948190
8.9781342
19.7889372
13.1296857
3.7681487
0.7245465
19.2330799
13.8414091
4.7271492
30.8753323
6.3251834
4.0901892
31.4522522
13.6336948
20.1784616
3.8169613
16.4255516
11.6994643
53.1543838
33.0421474
16.4300566
3.8447316
34.3219354
12.2702246
14.7695841
47.1094035
43.4589888
9.9026093
16.5815811
14.4205098
24.6071036
11.2341422
12.1806289
3.6426699
26.4581146
14.6255750
18.9468983
43.1904690
39.2069866
5.4012490
4.6971025
619.0789590
0.9455151
7.9418788
12.8914330
15.1786408
10.5394758
5.6675050
40.5334091
20.1103662
14.4792056
16.0647091
12.1801539
22.1978815
6.6143051
18.3599871
27.5125961
4.3520890
7.8863173
8.5231982
15.3543890
5.5566185
2.7177635
14.4039190
14.0606350
7.6655439
3.0794957
8.7041135
7.2642429
5.8263505
3.8782180
1.1268205
6.4537701
14.0625411
9.7066794
31.2391825
21.1318322
16.7786527
20.7704339
10.7510507
11.6767980
18.2263703
15.2588523
19.6781070
19.1025275
3.2269586
26.1119380
24.6010344
21.6803942
6.7309437
5.8646428
16.4921841
4.3082076
4.1952950
6.4997695
18.2492118
618.4086197
3.7325452
7.8319069
7.5844896
2.9062348
6.3802033
0.3574860
1.2780932
6.6973613
2.3910452
5.0089140
3.0677692
2.0613955
15.7154737
5.8120788
7.6788319
7.9324647
4.6599626
1.0490773
12.2551340
19.7115775
19.4700209
41.3383076
44.4588254
35.2710022
25.0144096
10.7773272
80.2611065
92.1279421
71.2152722
192.5765360
201.2331282
38.2085809
18.2143616
29.5532277
18.5730733
10.6516288
27.3975538
43.7956644
14.1774231
10.9808288
14.7893318
14.1163566
16.7177173
15.3417746
15.3681354
12.7765503
16.2594921
18.2307975
29.2639012
16.6673622
9.4998809
15.1581927
13.2817695
13.0861900
10.5927977
8.2994891
9.0504137
15.4042293
10.0285842
12.0002844
11.6735167
12.1258258
12.7068836
12.1866399
10.0571637
12.7489177
11.6361195
10.2202781
11.6684786
13.5667819
10.6997154
10.9470107
11.0726518
16.9674069
20.8530135
12.8855524
16.9853072
7.5036253
11.0340346
9.8759200
613.1280171
12.8973452
11.3363044
14.1767837
12.9496581
11.7228164
18.5614511
11.5017209
13.5388234
12.4998534
11.5127288
11.3169255
12.5610702
16.4803282
12.0806426
10.4691791
9.7567080
12.1091648
12.1358532
11.6583771
12.4648531
9.7373284
11.0734430
10.1735886
10.0180739
10.4728043
11.3826220
11.4355104
12.0477308
10.2493021
10.4819164
10.4304812
9.7623585
10.5166445
9.1691377
11.9351210
12.5044351
9.8432204
8.7193583
12.7221392
11.6204773
11.1267767
9.4136309
11.4929422
9.4043446
9.6123348
11.1379839
10.8398062
8.1924939
11.9776512
12.9449626
11.1486546
10.2673008
16.1776159
13.6813276
12.4752195
11.4746215
11.3918085
17.4361086
18.8114131
17.5714075
19.5528611
24.7691488
14.7480216
15.5882361
23.8726285
15.0202953
11.8156144
11.3826817
7.7003358
10.2538412
13.3016690
11.8742101
8.2604431
8.6332750
7.7176826
12.2115948
9.6755163
10.0415471
15.3686891
12.2587808
13.8374461
14.3851040
9.4154285
11.7081844
10.8101087
21.7940365
16.8572291
15.9318832
11.9705232
10.4749291
16.6061055
18.4305869
13.0663266
53.3485675
15.8884951
17.5769638
16.1896858
12.5888682
13.4316419
8.5578342
19.1822840
18.4442978
10.3522550
29.8191999
19.8303883
15.9518857
18.6318031
11.1979622
15.1753746
22.2287551
14.6913286
16.5182429
20.8733339
13.0608595
17.8734182
27.6481881
18.2244856
19.6433932
15.3475861
14.7788104
20.2234722
23.8538694
28.2582606
23.6345976
14.1933009
15.9151425
15.6765183
16.0708652
14.1541568
15.0500553
20.0816119
19.0688733
12.1167503
39.6477644
13.6303313
14.8789545
19.2639858
9.6481436
12.0567330
10.4750898
9.8991844
13.8995633
13.7863775
12.7601118
13.5814443
13.2710481
11.3829328
13.3115085
8.4475472
10.9771446
16.3309937
11.9168635
13.6497360
7.8024317
11.3294500
12.5165065
51.2598290
16.4208543
17.2290545
3.5078334
8.1693857
9.1565907
6.5968699
108.3600738
5.3762948
8.3136764
11.5716862
5.2221237
9.1728847
16.4591044
4.0502795
1.4082976
2.7360025
15.0438735
12.8869728
28.6849485
19.7107689
8.3780843
10.9560430
4.7196472
8.5565305
10.0796457
35.9348961
2.6138302
11.8670798
12.6347680
19.2905166
4.3089981
2.9156750
9.6046741
2.6026384
7.6378804
15.0175634
24.8429599
9.1123375
17.4859968
21.9995463
37.2451186
137.8763510
13.0259885
23.7476365
26.1435405
171.7007128
225.9885468
569.2546761
108.7204949
12.6177850
16.9698830
4.7336020
14.0096944
7.1338196
411.0929146
12.0379796
9.4241271
13.7644761
4.1162268
2.3290823
9.4655624
9.0410557
3.5028947
1.5225688
7.0476103
5.2395124
3.4129126
6.1570879
7.8827965
32.7636849
7.8412440
6.9164004
14.5313889
7.6546361
10.2978815
6.5501185
9.0967203
7.1949567
6.6747491
0.8890075
14.8989127
15.9598158
13.1911907
57.0840669
25.5028775
84.3220953
3.4035418
1.8652051
6.2475396
1.1016551
2.8337036
2.3030834
12.9283815
1.4072593
4.0347781
3.2228875
1.2365424
14.6164976
119.0033070
75.5389274
10.3423097
39.8101014
4.3786185
2.1167904
3.0597497
2.7475202
6.3707540
11.4027535
7.1658262
7.7807285
4.2755952
5.6953731
6.3772695
6.1629710
4.4915366
5.7338258
2.9951979
1.6006727
4.7354116
14.2876128
4.8953896
1.9694986
2.2411681
9.8355455
2.4746401
2.2690568
2.8611041
2.3808182
6.1980837
4.5819906
3.7299809
7.9801574
3.7277671
6.6845012
2.0316301
2.4380408
1.1256456
9.1571989
6.1127171
7.1958037
8.2818575
6.0698519
8.1398723
5.9365471
6.7024834
5.1604359
6.0994192
3.2941151
2.7298484
22.5157087
4.2277302
9.9863394
3.3601056
5.2023131
1.0667433
1.8237983
5.6289294
23.7465390
3.9250116
4.5120709
5.4642403
13.8728945
2.5943202
2.6858595
3.5296127
2.7260605
3.8742926
2.5680102
15.8902646
7.3105659
4.9789504
9.6183967
7.7718252
4.6995033
3.1794195
2.5257900
5.1401319
4.8033998
8.4550913
42.8112892
110.1056202
10.0871201
446.6433375
153.3138767
508.6545625
173.1839829
141.1116910
47.1969559
66.1498776
53.8140317
460.1796169
27.8357707
477.3243722
538.8985535
7.6014071
5.1840969
10.3983369
7.6912664
8.8802731
23.3971340
59.2813252
3.9879840
7.1844487
11.8639141
24.8119641
8.3168017
3.6281331
29.5183316
4.3424804
13.1886200
29.5097942
15.4894636
6.9876779
5.5957430
3.3782860
7.1366453
12.6107767
100.0349012
411.3078924
31.8010480
7.4296459
22.1092768
32.4290815
11.1530107
4.2163005
3.5555821
6.2714831
6.9161526
8.3477203
38.0595750
43.1571214
11.0652153
5.4427402
4.1049702
8.8845067
11.2708127
9.6471816
2.1721631
3.5713235
9.2260473
6.9162689
3.3542506
5.8726536
10.2413524
11.9027600
11.7013820
7.7988181
9.6741115
9.2544759
7.1879289
7.3943393
6.2468357
2.1716803
5.0676300
6.3557379
7.9320040
22.3779459
13.3865757
7.0810560
6.7735784
6.7811428
10.0674871
7.0706742
6.4898362
6.5600555
11.5199352
7.1430953
6.4048975
7.7643182
8.3534970
9.1242238
10.4336529
22.2410454
5.8443017
6.8617683
5.5431501
5.7050001
5.7080706
6.1421876
5.7229713
5.6607094
5.8204866
5.1341302
5.3479542
5.5114056
5.7514680
5.6546321
5.3229361
5.4854819
6.4243796
6.0354950
6.0912653
4.9704574
5.6200025
5.9841199
5.8254130
5.7155339
5.6808011
5.6988443
6.1374042
5.7063947
5.4667507
5.7044288
5.8845139
6.2363105
5.7955545
6.3617781
5.6361853
5.7861929
5.4800954
5.6245963
5.5762017
5.5034865
6.0200335
6.0699311
5.6218780
5.3633848
6.4620147
5.7185903
5.8348244
5.4110116
5.7308705
5.6648061
5.5419799
5.6716340
5.6399613
5.6596851
5.6929194
5.5521282
5.5728259
6.0279135
5.5175491
5.4443525
5.7492891
5.5600128
5.5562372
5.6812953
5.4823676
5.3619874
5.6222679
6.2827591
5.8130768
5.4262238
5.5155831
5.7694261
5.4525747
5.8920970
5.5492070
5.6653773
5.7091520
