0.5004945
0.4438387
0.8148259
0.5151112
0.3381690
0.7313427
0.4500341
0.5560055
0.7056727
0.6262135
0.5211320
1.3073840
0.9025982
0.4871532
0.4080709
0.6248432
0.3176341
0.8306422
1.8930786
0.2792268
1.0291832
0.5437466
0.5481009
0.6042980
2.1976245
1.5079275
0.5892277
0.7849415
0.5730730
1.4108694
0.7275405
0.9102030
1.1493355
0.2196142
0.9657881
0.3439959
0.9291890
1.2891799
0.3892340
0.6390989
0.2649843
0.5382052
0.1727995
0.3705448
1.2472233
0.3005755
1.4139998
0.5584116
0.3868172
0.2562343
0.4949191
1.3903180
0.7585962
0.3926728
0.8989079
0.4639691
0.4379748
0.1702013
0.4132348
1.2288760
0.1598519
0.3011428
0.3061868
0.5364363
0.8151186
1.3669291
0.5596161
0.1745421
0.8149232
0.7649863
0.5861243
0.4593672
0.5533568
0.7114944
0.3134084
0.1527059
0.7850179
0.5584978
0.5460615
0.5858095
0.4077544
0.5790681
0.8872228
0.8143982
0.9981260
0.4051626
0.4386295
0.6237777
0.2157379
0.7485420
1.3203934
1.3347884
0.5770219
0.7712290
0.9679874
0.8375131
1.8277409
0.3815538
0.6804254
0.3053851
0.7925154
0.4055149
0.5090295
0.3091485
0.1637567
0.4005711
0.4690270
0.9180333
0.8329869
1.1556833
0.6986506
0.2170748
1.7989041
1.0764898
1.1955905
0.7392194
0.6165405
0.8138124
0.6151035
1.0521484
0.4558938
0.5982267
0.4833770
0.5125606
0.6870605
0.4777343
0.6450522
0.4857912
1.0058130
0.4981840
0.4463843
1.7269968
0.9479860
0.8707002
0.5130774
0.4952076
0.8592471
0.4688405
0.9577904
0.8879631
0.8164316
0.2964357
0.8954587
0.7844514
0.6269153
0.5141573
0.8721753
1.0679261
0.3078990
0.6519973
0.4679261
0.6972768
0.6987665
0.4204102
0.6864757
1.2128660
1.1227845
1.5896586
1.2842154
1.0068502
2.7728584
1.1154792
0.8315505
0.8614725
1.0652364
2.2155635
2.1985296
1.3905062
1.1695810
0.7242348
0.7910706
1.5093104
1.0157432
1.4123481
1.5874501
1.7053456
1.1753485
2.0331188
2.0244313
3.6292523
2.4567745
4.3946730
3.2571618
2.1966707
3.3395060
1.8301436
2.0056901
3.4172686
5.2488419
6.2449073
5.8159854
2.8231853
4.5789557
4.2872053
4.8984178
3.9311517
4.1148754
3.6288216
5.3230256
5.0159376
8.4157508
1.8959689
5.8890340
5.8295831
7.0849629
3.1816126
7.8341512
4.7039608
4.7282330
5.6874544
3.7978417
4.8034643
7.2002609
6.0250613
7.5592521
5.4537949
4.9689284
2.1009709
4.8784690
5.4149116
5.8583769
6.7125045
1.0936423
2.3444214
3.8383268
2.3128408
2.2326490
1.9194277
2.8413385
4.6514766
4.0138943
21.5804740
3.8433407
5.0878243
3.1558728
2.5214725
0.9043438
1.6230171
1.4154265
1.9374316
2.7688634
3.1227253
1.4830233
2.8947734
4.0215208
4.1119882
3.6832159
4.5662176
4.8538734
4.8398293
4.1621817
3.0764291
4.9403489
4.7270831
4.8984515
5.3740373
6.6141810
5.1744393
4.1839133
5.0340304
6.5614996
7.2072780
11.8309105
8.0372078
3.2322030
4.3863047
12.7046617
7.4085509
3.0767091
7.1157878
4.3856865
8.0129619
5.5454913
4.6716367
5.1241399
9.4374668
5.6187532
4.6615587
2.9755747
3.8394657
5.1605526
4.3303095
6.4170585
5.6496217
4.2098944
3.1114305
3.4516778
3.7425999
4.9166219
3.9561593
3.0365015
2.0215063
2.0850300
1.3288258
2.9710508
4.6233796
1.6182264
1.4957750
6.4984706
2.1560512
2.6460196
3.9367153
1.7207737
1.5254526
3.2065609
1.1501638
0.7624264
1.3872462
3.7045169
1.6596636
2.9766475
1.8701129
2.6121627
1.2360977
3.6761503
0.8812927
2.2447653
12.3488144
0.8804152
1.6782903
2.4624210
2.7408317
2.8182636
2.3963997
4.2712155
5.4764206
5.0850245
1.2514968
2.8112809
6.6450907
6.2980590
3.3012905
2.1591556
0.8043919
2.5284097
3.3309425
4.0792336
4.0305829
4.9519621
1.9878845
5.8023279
2.5993259
0.8170679
3.6031612
3.2365180
6.2062817
2.6557476
6.0492644
8.1943158
1.5814452
9.5150144
7.8759448
7.5037738
11.5798459
5.3475163
14.6798368
5.5533943
3.3033106
3.3517787
12.1528801
15.1972252
6.0173620
5.6518285
4.8340246
8.6406590
25.3275064
4.8076195
6.4418349
7.1704318
2.6999863
1.7014282
2.5043976
3.8204921
2.2280689
1.9115759
2.6402402
2.4400925
8.3999119
7.1984586
9.3008318
3.1437035
5.6057627
6.5732282
10.2918554
6.6327960
4.7894691
7.3176264
162.5670380
22.1170238
9.5779631
32.2998641
15.0179521
4.9362619
5.7060776
24.8708611
2.7636457
9.9367335
9.9435150
10.9893178
9.7789718
7.5131892
7.7462794
9.2217736
12.3071452
6.8351892
1.9092097
12.4903545
5.4613224
0.5285411
1.7585574
106.2632388
168.8725961
4.1129607
4.4214372
14.7262971
1.7019244
1.7691374
3.4682432
5.5633168
7.0021373
2.7619459
3.2397442
10.5376720
3.9275130
3.1327769
9.9713505
3.8963634
4.3891657
1.6737414
2.9496063
0.9715848
6.9324655
1.4193397
5.2844408
7.8386283
3.2278254
3.6430766
2.5507478
3.5682618
8.5092667
12.0457859
2.5655484
2.8916624
7.9118675
7.1530051
4.2058315
7.1648430
2.7289843
11.2619150
6.8224194
2.0536737
5.7602443
18.0704485
10.9519125
2.9008989
18.0960618
7.5611047
15.3715067
15.9712858
3.8387238
6.2038833
6.1992737
4.6210577
3.3484143
4.3340803
5.2455826
7.4054451
7.7519835
2.6624032
3.0291313
7.6390430
22.7786324
12.2130870
4.8761947
3.6381876
11.7180595
33.8693295
21.3646999
16.8914155
3.8900081
0.8021584
11.8425013
6.2263897
5.6213795
8.8711243
10.3935047
8.1572691
7.0394561
5.1680469
5.7833767
22.3460961
4.6545066
1.7999179
4.0636068
6.8709128
3.3217781
5.0757047
5.5954254
1.6920743
4.3905425
6.4028973
3.3362325
6.7807356
7.4678148
10.8325159
11.8486083
17.8981845
7.3878412
10.9966547
3.8898716
5.9811438
6.9829966
15.9288599
1.5507044
22.0623951
25.6431215
11.9812246
11.9591051
13.3054580
12.6976671
8.6213977
14.0356278
25.8500483
16.0570442
15.8460103
4.5012327
16.3189579
2.1610282
18.5336236
20.8145513
14.6208239
1.0885980
26.1123093
12.9521336
33.0346518
8.1387152
9.7769362
18.2104753
1.0102415
10.9221837
7.8624513
17.6989821
8.6217096
12.2206343
22.4298227
13.7904283
3.1108588
4.9833840
7.0799642
10.9268486
7.7595673
7.3654012
1.2777951
9.1356709
8.3998592
12.6529066
19.4713481
19.0999252
8.8348622
14.1266312
7.4953445
31.6359196
10.5562890
11.5348315
11.6761580
5.8283750
16.2322495
16.9979958
14.8101136
3.3509642
5.4356927
11.5603543
23.7855033
18.9951524
8.0831532
8.4651842
17.3737199
19.9889766
20.1855236
2.3366211
21.0409623
16.7063200
96.9170799
95.5022241
96.7020277
44.6141728
16.3744188
15.8241878
11.0916009
4.8023748
3.0006691
40.6098459
1.7163156
1.7467534
9.4417051
7.8078363
12.2703613
39.5774065
11.9435883
7.9118086
154.3898186
174.4869958
26.3917035
1.2396844
2.1749592
4.9085436
9.8307680
13.4387297
16.6445221
9.6478906
13.9879011
10.6334740
7.7237514
19.0912535
19.4863323
9.6725024
24.2977947
6.8639349
20.7833747
10.1178339
8.0171821
9.8367581
10.1867053
3.1023801
6.0583797
5.1286440
2.6965410
3.9527780
13.4354032
31.6148261
162.0803934
72.2268097
55.3999886
173.6010112
25.4853859
171.1461338
27.6264433
78.3991103
144.4211401
41.8499849
171.8678145
15.2524085
144.7557581
76.6055554
85.9338507
89.5001482
140.1324315
135.2764564
116.5610064
104.2266438
24.2871580
104.1968531
133.4778118
75.7949670
120.7388461
150.8221801
61.0114267
76.0512960
174.7021158
161.4752391
32.4220469
156.7359725
168.7530354
168.8207623
122.6993514
18.1339638
131.6377204
119.2750273
158.4873120
146.1109228
41.2895286
77.5007651
24.1118576
74.1972039
11.9454857
12.9975904
105.8229003
69.4589380
169.2750445
70.7790669
55.6562942
18.0644665
17.3149360
48.0881324
7.3854720
53.7680583
13.7229047
11.2406999
7.1175942
2.3740393
9.0960788
76.4159996
132.2228711
156.1704394
135.5663231
11.7766861
6.7312836
142.8590514
3.8332314
27.9810579
73.4050238
35.8027888
178.3082068
11.8660730
9.5920397
2.7201689
6.7157083
24.6014668
34.3706177
165.0663191
9.6471959
51.6845529
87.7835506
5.8356012
9.3406652
60.0553029
7.7926830
32.6448498
9.5410328
70.2873868
68.2118308
172.1496068
173.9475889
13.3335448
9.8440761
176.8348275
10.1950756
2.6220677
60.4993806
41.3957659
1.8135674
3.3079097
5.7213837
14.9376264
2.2746513
6.2031522
5.4717710
19.6294093
150.6268450
22.7082816
29.0688948
7.5412458
11.5316830
21.8894911
119.5628262
132.7815238
142.8759550
98.8773710
109.6095941
151.4883727
129.8098458
97.0393361
126.6122842
3.3653639
61.6436721
29.1025791
177.5344783
72.5347436
2.6330160
163.4021923
159.3377151
153.0537547
23.8201691
30.0913493
176.6973949
175.4461102
10.3098437
5.9954453
6.2497601
177.8859207
9.3216457
140.0295543
179.7363991
164.4050957
1.5319869
8.9246837
175.3659991
174.5780756
23.1612718
45.9910484
179.5013649
8.7341961
152.8857613
7.1179601
5.8819429
3.7562453
5.0238304
178.0061332
19.0075848
17.2046496
13.7240027
4.3893453
17.0214981
11.8279080
0.9667149
1.4495020
176.6454050
175.9255747
172.0953858
146.2829062
14.6244091
179.0758273
179.8408898
167.7419544
171.9716191
175.6886927
176.7495207
179.0128976
3.5483481
178.6943153
176.7958104
2.7218334
171.1163261
16.0927766
15.2244564
179.4001777
172.3394412
175.5281797
3.4044700
3.1923805
2.4972668
6.0081822
3.6239892
2.9741595
3.3002776
171.2117462
7.3164744
2.7072849
9.1984848
9.5166359
5.7871689
5.8061274
1.1043922
160.8291945
7.5460154
3.6518086
4.4243508
1.2159518
1.2699013
3.2060357
1.9744818
2.3128724
2.0507342
3.3385310
5.8253802
3.3910205
3.1894468
2.1820628
4.1161087
8.0424749
4.8422470
1.6808452
7.7350377
3.2177079
16.5223794
5.8546154
6.1685684
11.1060732
12.4589190
5.3904270
7.0434357
2.8503617
15.6748803
14.7973713
3.1803582
24.1183116
13.6082667
13.2117677
6.5053247
3.7272380
20.4283559
10.9402798
2.6283137
16.2866021
6.8265998
5.2950422
14.9569607
20.4165031
17.2869609
6.4116558
25.8821999
18.4156289
9.2610346
18.6019183
9.5574731
20.7445870
21.3951814
15.1888942
6.7142140
1.1929634
10.0644346
10.3337362
15.4789676
6.4683406
16.3933651
15.6984964
15.7947315
1.2188498
36.7391918
18.8980329
4.7129947
5.4800573
2.2655812
12.4716516
11.6712599
25.9573679
14.8150750
9.3934229
10.0810068
3.7021380
1.5139449
5.6523097
2.2541863
31.7980441
35.7721627
1.1603913
26.1703359
72.3712026
20.5291831
16.7368853
1.5584781
16.9280166
21.8163595
29.8587787
8.7186209
14.7943270
14.4341272
21.5837084
4.6724951
23.5271806
30.8103281
6.3916966
18.5380400
3.7938975
22.7432061
23.6190384
12.3190420
24.2602053
19.7039591
20.7125448
32.5967661
11.4325131
3.2780316
13.3943728
25.8883154
8.0800489
18.3469749
37.0433539
6.7581072
10.1651686
2.3486465
25.1474900
12.6674739
6.7154741
42.9341002
16.2652104
1.8368528
9.8340249
27.3671038
49.9049143
4.7608553
47.6609704
22.8040712
9.4627057
18.2450707
20.1214701
5.9447147
3.0319573
3.9349639
15.1520622
8.7326530
9.1588732
11.8414103
178.9430388
4.3493801
154.6460678
2.8639349
11.2846163
68.4134995
29.8557366
6.3718368
4.7622151
2.7477826
3.6052740
2.2867013
3.2102790
2.1023703
16.4418223
173.5169497
4.4268594
13.1636835
1.6389353
9.4309930
4.1496454
129.0294716
175.2706474
13.4850496
89.9285237
10.9101683
59.7138018
70.1697922
20.7803733
19.2567250
2.8356022
12.3930584
15.3563730
168.4573944
168.3252978
8.8715573
22.1099041
2.8622450
6.5173453
20.6388461
171.5963886
3.8926063
165.6059169
170.6274673
165.5370904
170.8994156
164.5869919
120.2921243
95.1446012
176.7010413
179.4368514
174.3831586
152.7724955
173.5254250
173.3968298
7.7925726
10.9302445
9.5348473
1.9690620
26.3405135
3.8071904
5.9957239
12.4134976
0.9041059
10.7669782
23.1523362
3.1578150
15.5479326
5.5579739
12.6888848
9.9066512
10.1568556
9.9924875
1.2221161
7.3754999
0.9476386
3.6681961
1.8685351
5.2109762
10.5617845
4.5967188
11.1962138
6.2600724
0.9633985
18.1989178
174.3792279
178.3185838
171.6604583
5.0249820
159.2891156
167.0531167
4.2543161
171.8370435
170.9701170
156.4291901
141.8141319
160.3062025
154.4899342
148.2617527
80.0245873
4.5154420
160.5681343
18.5538428
21.3078509
13.1699024
126.0441123
10.7375942
179.3678717
2.1336182
158.2687712
178.3102657
14.2926525
137.4873094
177.9004938
69.4517799
70.4381574
79.7642204
74.6277404
43.1149964
8.7213685
26.9451618
145.2066855
159.0205461
85.2071337
36.0344122
88.9764127
179.8598883
22.0457663
24.3909292
1.2812007
12.4689462
154.8627872
14.2534011
9.5505414
34.0436796
18.0114591
6.2537475
11.5981503
40.3526831
16.7255063
13.4962153
2.0059557
178.9529091
8.3657287
21.3626039
36.1657156
18.3339174
11.8771413
9.3670059
6.1161850
60.6653280
1.5041190
14.9037465
6.4329618
2.9993101
27.7558741
19.8836099
47.4747533
133.3619716
79.9496150
7.4338212
1.6440637
11.9413149
15.8918675
9.5174767
9.0292370
23.5869897
148.3109192
139.0315846
136.2357971
179.7313035
150.1339568
175.9030416
23.8997057
133.4493480
95.1865159
159.8607143
31.7607909
131.4292352
177.2325965
18.1623449
12.0743010
155.7027126
11.5498935
165.4089525
178.2529190
3.3454208
117.6769800
167.4609662
100.1378449
45.9961697
152.6940952
165.3620616
138.7683423
177.3662233
173.1166807
108.6276208
12.4737537
171.3473165
80.6142653
20.9980139
69.4534485
19.7012078
107.9838510
177.7936947
30.9400824
20.8223657
25.7376314
5.7133672
17.9805542
25.7664373
5.3924684
37.3108937
10.7828890
177.9039381
63.0321773
41.3832747
108.4690356
32.2295918
52.5755556
48.8846494
179.4283074
172.6403756
178.9015383
162.3715173
176.0773448
173.0285515
166.8623699
30.4260849
12.6292206
1.4819594
15.4933371
29.8227535
17.1591821
5.7146253
7.9759531
25.8264332
8.3225566
16.1570696
7.1943253
6.3902658
140.1705635
23.4147710
13.2607350
20.6040382
174.4238422
18.9941281
13.3636547
91.2827178
177.4678255
26.1587774
31.7312348
29.5112731
36.5328762
8.8759652
158.9205053
16.0638404
5.7512237
2.6286004
1.8083139
13.3089133
27.1322663
8.6609161
5.5712319
14.9991389
4.8108595
3.0911242
15.1149766
4.3165020
5.7847505
20.0097777
8.1436942
6.5119415
4.3076564
34.3863925
14.5835059
4.3272650
8.2826840
11.0073852
7.9268419
2.3205318
24.2788449
145.0229441
13.3261313
28.1500042
135.5043640
6.3764323
4.8568070
11.3430777
21.9392508
32.1729993
168.0379360
20.6856151
9.4802373
17.6972746
30.8904276
2.0232594
11.3528821
6.6898318
7.5338850
7.5837119
8.1257501
3.0469355
22.8518897
2.3150571
2.7214893
2.6265530
42.0028603
4.8903255
9.8722306
5.8217254
28.3568298
1.8738294
21.6061135
9.5448667
61.7025936
7.7704012
1.7057985
8.1113178
7.2152970
62.8348927
8.7427146
11.7460297
4.8650324
17.8970089
22.0929308
17.0312294
13.7562033
4.0669607
15.4879496
148.9780628
16.4823087
2.3530117
5.1980349
1.9139825
0.9253183
9.1542710
11.5693480
2.0139641
29.5854228
3.0940633
4.7928137
3.3166179
1.1925266
27.5852700
9.3191309
20.7248914
19.3909173
7.8443166
12.1085850
49.6958314
4.3845775
12.5406571
4.0462560
8.3920783
35.7634621
5.2829862
3.7105255
1.3983246
16.9957680
1.2667020
1.5965488
16.1706507
7.4832940
4.0677507
13.5074523
8.9999553
9.3086226
4.0594627
3.2900885
12.4239973
2.1477466
10.5872452
27.6633673
2.8129696
18.0389266
4.1901227
2.6851736
11.1693199
5.2462620
2.1215042
1.0221603
1.2019182
9.0748030
4.8670765
5.7666159
2.1388350
0.7665273
1.6543106
4.0230911
4.9557730
4.5437260
8.2727088
11.2348444
1.1538623
10.1549425
5.7377844
4.0629250
29.8046328
6.2844374
125.9674956
110.3193072
16.4876871
22.1430433
133.2644720
10.4276179
34.7848845
19.2550590
9.9079161
2.0695533
0.8581342
2.8152009
2.4913228
30.4935232
15.1075358
3.4484384
1.7721658
0.7978645
4.1761303
6.5543854
7.1188249
10.4469678
3.4101204
13.5834100
2.7800335
3.1302339
10.9645883
16.4439929
4.9740999
11.6904659
33.5500681
13.7782509
9.8642781
4.1874528
4.2388687
12.9129285
1.6828350
5.2940349
1.1734717
6.2024726
7.4179975
22.7565473
3.6788708
16.0271364
5.5629445
9.7320717
8.7440213
8.2726766
11.0906765
1.9230582
12.7795321
9.9641639
0.9534316
6.4539288
9.0377614
57.7791851
7.3453776
27.3637728
18.3262354
19.2946158
10.1427278
12.0834979
14.3775800
10.2187907
8.0621342
3.4014465
5.6373212
17.0569638
14.2181227
21.8724284
0.9937277
8.5731664
25.6635454
20.4851457
9.7123885
5.3468835
24.4931708
9.4661406
10.0724395
36.6721613
5.9696310
7.8589400
6.0412284
1.8570507
4.7676771
18.4239534
4.1697445
17.0690406
17.3842462
2.3536732
31.5181975
2.6970261
9.6768203
2.6777103
10.8230164
21.3472745
9.1795257
17.8862718
13.7405041
4.9356241
8.0113355
3.4288528
4.6135104
4.7853886
6.6942607
2.9109762
2.2890501
3.4746361
17.1518674
12.1803645
5.6004861
15.2708211
28.3162107
13.6756135
9.7320107
15.1479211
14.3305233
6.2371609
4.3271972
1.3095950
12.0002267
8.2816843
5.8962895
5.0118377
8.0995218
7.1377987
8.4203363
8.4773426
4.3967154
2.2246226
4.4857977
2.9172594
2.2604719
5.3265200
3.6154702
4.2235693
2.6829978
2.2453810
6.1001938
4.5920561
2.7859691
2.6033751
2.7140346
1.5530848
3.5432924
2.2371368
2.4582796
4.8429684
2.5180345
0.8172844
4.0637607
3.5675883
4.7845329
2.2966631
5.3310747
6.9377832
9.9557339
2.8316196
3.9203718
2.4878070
1.2593449
2.9811415
1.6793468
1.7690897
13.5803277
1.4974006
9.1527624
4.9621630
5.8624168
2.6278736
0.8958788
5.4840687
1.7099577
4.0103858
4.5567683
2.9049823
3.3775014
2.0562696
7.1633664
5.7524583
9.7578326
3.3542483
1.6495354
3.3358974
0.6410151
3.8242452
1.3404249
3.3257818
1.0782128
4.2126181
5.3004171
5.1608307
1.0459350
0.9464069
0.9625199
4.7026195
2.9315496
5.4315968
6.0366629
4.5900923
6.4393985
6.3507712
5.5005655
8.0505151
10.3413580
6.3166427
2.3839059
4.1046143
0.9234870
5.4299301
4.6225031
1.2928377
2.9527596
1.0305804
2.8242648
4.7651089
4.9062638
3.8686824
8.9916289
2.7262879
4.4652528
4.1768345
5.0239870
2.4636044
3.4591445
5.6362931
6.4661537
1.0738100
2.7694814
13.1673553
6.7572564
3.9066951
6.6753673
8.2122228
7.9657568
14.1733326
5.8966353
12.1362692
8.4285885
17.4637149
18.0734519
8.3755142
2.8180092
2.5766892
3.2511576
6.2891747
1.1793726
2.4646975
8.8457300
10.7454077
1.8333477
3.3253360
12.9212085
18.6551177
2.1202876
6.0492046
1.2374390
0.3962618
1.4747286
4.9855050
1.4662141
7.5430001
8.2617335
3.5748463
0.7634466
2.2737130
11.4974582
0.6951689
1.0462143
2.6600411
4.5963508
0.9841011
0.9021441
1.2258906
2.6420952
4.3569302
0.7697285
1.7487829
3.5854571
5.8939250
3.4964467
4.6133629
5.6513065
4.5919649
12.7855695
5.9345658
4.6290540
10.5091591
6.3166652
0.5019032
1.6594417
6.4289596
3.5318806
1.7981968
4.1480287
3.8856600
8.0071010
2.4867793
6.3892583
5.9789968
7.2965411
7.7635622
12.0747410
10.4058838
2.3965478
5.6160994
9.0094929
4.2401538
10.1511745
1.1184166
4.4657723
5.1030307
5.9445660
3.7579877
2.4553543
0.9726925
1.5826642
1.1096855
4.0717541
1.0332923
7.6229911
6.7192533
3.5728911
4.1307229
2.9698470
5.5922938
3.5814524
4.1775071
2.6232910
5.3338725
3.3514853
2.8968735
20.4636423
19.1717528
44.4049844
18.5461971
118.4959788
39.7095770
6.7815399
8.0453274
33.1878961
26.0690116
28.7356454
37.7612612
29.8180039
10.1414156
4.5865775
8.1847671
1.7786974
4.3739557
9.9825753
5.8398032
15.0008487
9.9252802
12.3093068
8.6287148
7.6616881
10.1903288
11.2175367
10.8254513
15.3713336
5.4350340
7.6918368
6.4829635
3.4087351
0.9788471
3.8321226
14.3704828
6.3358311
6.4817730
7.8037590
7.4587482
8.5980372
2.7640535
18.1786204
11.8132661
5.6368662
1.5960168
1.3087237
13.7630472
5.2953115
3.4835734
1.4403504
1.0638596
5.8303780
4.0164915
1.4074448
7.3876238
7.2269746
4.5047298
16.2442498
9.3436284
8.2906903
5.7844665
8.1924086
2.6546883
1.8938558
4.5511129
15.2670814
10.9062797
11.9618862
5.3315713
7.0604513
4.2538708
1.4618569
0.9539517
1.7102560
2.1387212
19.1773244
5.2411961
15.2028291
3.6343613
6.8831211
3.9166937
4.6376712
1.2238986
6.4297888
4.4315642
2.0644994
7.9447249
1.0955716
4.5333435
2.4146879
4.7840878
1.6641984
4.7742495
3.7289120
10.5248976
21.3950439
4.1977060
8.8522058
17.0776597
13.8475748
7.5731018
7.7324858
5.9694813
4.0360499
3.5260655
14.4476412
7.3956249
11.4639851
7.9868469
4.2223396
4.4409040
7.3644810
6.7910732
3.9209125
6.6201556
5.2543340
4.8061368
3.1518197
2.4249393
7.3929160
2.4274760
5.1090209
10.6166440
11.1552198
11.4714925
11.6101724
5.4200098
9.1014514
4.1151659
2.6397907
8.6214286
7.4039275
4.7901378
7.8111057
17.4304542
7.8301520
9.9870357
8.0932251
2.5085610
13.0572239
4.1107535
7.4902689
3.9684185
6.5847163
18.7227627
4.6371653
1.7620483
14.6711723
10.3337009
11.9772859
6.3198812
9.1485207
16.4359479
13.0884601
15.2060155
21.3293544
16.9352879
7.8971131
16.4641955
15.5121591
14.9525443
9.7772286
5.7959897
2.9191121
5.1516683
25.9349770
8.4659876
1.2361031
7.0966571
8.5196325
2.7133213
8.6461274
12.2135680
8.0912457
11.3842547
7.1459455
23.8353590
12.9337782
13.2580195
6.3189943
9.7216698
2.8144762
2.7693702
5.7357143
11.0941104
8.6246313
13.3720048
5.5296714
2.4978973
5.3653885
9.4572295
2.5830020
6.5578253
2.4961372
6.9250207
6.2292802
7.1711489
2.3687112
5.5831174
3.0058265
5.4812960
9.3337054
8.8735105
4.4015683
4.8940353
7.6733509
2.1316498
3.4554102
9.0030850
9.8110797
12.1800665
19.6986007
8.0974532
22.8642019
4.5420625
12.3452391
23.4231779
9.0839481
42.5780829
8.3094988
1.5297816
7.7365133
6.0837795
14.4457373
8.0700876
0.7315176
4.6218841
2.1776039
14.0437227
5.3445318
2.5431510
11.9913504
3.5073533
6.9010317
13.4306013
22.1864788
19.8820839
18.8852622
9.1365548
3.0132646
3.2109938
10.5392056
2.8196457
3.8645668
2.4268150
10.5817103
5.9202849
5.1844861
1.9557724
2.2936488
5.6336639
18.5798479
11.7962401
170.5046920
81.5365703
167.2578872
58.9767032
52.8465335
155.8858846
179.4784048
39.5650468
14.1453755
94.2058298
92.7737238
7.8195506
15.7601118
85.8760253
34.1012708
26.9175317
53.5959030
158.9606653
9.9721736
10.3785463
8.5209459
23.9110104
19.3539928
10.9344404
4.3912038
35.0436001
14.6821019
12.6609417
1.0904092
3.4028108
1.9118029
16.1496512
2.5367110
6.0125214
2.0301970
1.9713829
4.4502503
26.8249915
13.3633251
24.7914579
20.2434320
5.9391747
10.5447329
20.2788985
15.8894313
2.3467279
21.9536418
12.0688459
8.6276683
15.8979034
4.3270880
34.8278346
8.7057030
5.1991413
4.0497248
14.7703589
1.0834860
5.2095241
9.9329021
13.3386132
27.4987776
12.8667127
13.5159782
6.9993073
5.8257623
7.5661518
21.5570392
30.1373703
32.0616178
4.1289009
11.4623254
1.7339071
7.5512523
6.9239309
4.7810300
0.9356602
7.0786329
1.1716282
17.8927657
7.1128237
32.0755239
6.7018344
5.2282404
5.0178778
3.2691630
7.9758148
10.4716114
10.8466404
9.5319540
10.9549578
11.5153993
7.8634839
5.6448026
8.5949781
13.2905283
15.5602529
11.4305619
17.5048825
5.8686839
6.6518897
10.8207964
3.8157009
10.3595081
12.4087995
4.9157198
11.7756449
2.3513188
8.4110039
3.2980350
6.4669185
6.1770867
8.6075128
3.3092724
5.9655083
20.7561400
8.8184406
3.8560793
4.6019703
4.2476677
5.1395389
1.3147631
5.0323671
13.4069303
3.2016944
2.6125799
6.6883486
6.2157972
0.5154372
3.8822893
8.9003293
1.6061982
2.3732165
4.1885355
21.2251126
21.7468137
3.5880814
0.7641345
3.8213701
9.0285624
3.6480673
5.5278266
1.9219728
4.1721136
14.6095799
6.9101890
11.6580453
1.2914473
1.6240884
1.1618471
1.6767816
10.2080219
3.1287633
3.3293273
27.0242180
5.3793509
14.6896303
6.9393398
1.4009178
0.5927607
3.6683203
4.0427200
6.0262917
7.9058558
9.9862808
6.1130795
36.2470217
7.2074059
6.7774036
1.6475674
0.6476253
1.6704052
3.0498753
2.8328731
6.8842123
4.7339782
8.0829353
2.6524994
8.8846594
2.9305345
4.4829227
0.5859840
13.7817504
1.2436856
2.3451710
16.9014783
14.0987837
2.4710051
1.2125957
4.3326438
8.9860431
11.6367751
5.3942635
6.2961570
9.6006707
4.3744369
7.2807640
13.1187386
10.7002491
9.1354372
1.0617838
12.3229893
7.6143119
10.2420545
1.0159925
0.5217611
2.2611853
1.8832262
3.0079894
5.5529691
6.8374456
6.0857591
4.0709367
8.3204984
4.8404859
2.6195767
5.9814213
1.2304472
14.3814327
3.1290548
7.5893402
3.9653352
2.5575703
5.6682587
4.8390641
15.0221404
14.6350491
1.3890210
3.3696383
9.6906874
6.5115232
9.8768380
2.3547040
2.4171002
15.2114699
1.4510911
4.8266998
4.6619501
22.3400404
2.7484056
6.1887274
1.4123048
2.6303305
2.5695297
5.8180334
3.0365982
2.4064509
4.3725760
26.3666633
8.9103873
6.6365575
0.6306261
13.9773336
1.6061594
3.9685929
2.8516362
3.2155131
9.3631547
2.2113733
10.4027205
1.7165172
3.3379789
6.8955965
5.5275516
5.7253632
1.2036950
5.7195773
9.6809343
1.5792903
5.6910370
7.4867924
28.5565159
7.7054288
3.8560138
0.4412548
15.4155526
3.1339784
1.8163484
2.0598135
5.6332274
9.6825774
8.7247576
9.5547254
1.1255141
3.8577289
26.7688536
18.4908047
1.3707209
6.0086386
12.2431865
5.3684123
12.2403427
1.3780081
2.3193785
6.2860992
5.0200479
0.7561341
10.8548162
2.2193052
13.0346393
1.2321369
2.3465699
13.6755139
10.4547931
8.7629819
2.9139960
3.3761155
4.3596300
18.4006422
5.9577831
15.3468015
5.6171283
3.2882179
2.3610987
5.2459035
18.6947462
14.8261281
5.3145565
10.6583038
6.6349744
2.9084170
11.3835862
8.4341073
5.6683310
1.2543562
12.9595871
1.0602881
16.5659730
9.3256090
3.5277194
1.0454965
3.0201593
5.2359760
3.8678634
1.3488892
0.7888749
1.3938453
0.8434134
1.3176537
4.5825312
1.6043971
1.7046400
3.1449926
1.2701029
3.3613224
2.3275657
11.8528148
6.2349205
5.3710777
6.1020885
2.2903468
2.2682343
2.4467187
2.3432695
2.7565204
3.7823984
6.7291360
0.9604963
10.5838810
8.2292232
1.4896948
0.5925169
3.2828961
2.8885591
3.5060208
9.8833424
3.3811511
19.6577041
1.3194357
15.6276326
2.2908332
29.8250320
23.2648661
1.5918598
4.9312023
15.8878741
5.7952568
2.1881420
23.8996143
33.1218433
22.1574023
4.8041700
4.9466556
6.7693377
6.4052842
6.5610213
1.2186679
67.7365499
18.8565866
9.7261597
2.7887664
13.3511051
0.6438268
15.8561297
8.2236730
1.7999626
12.9991465
4.3554692
4.2557717
5.3618318
3.3794590
19.0628070
0.9969030
3.4109000
7.0710033
11.5917373
8.4534185
1.4941150
30.3177683
22.1851588
15.2826589
3.8273037
1.9887597
7.0222804
1.7169546
32.2950356
3.9769760
3.6528882
0.7068265
25.0443066
7.0909365
6.7904394
1.5896878
20.9565446
7.0059349
3.4529739
5.7205034
25.2984684
18.6879477
6.0298243
7.2309364
3.5068482
6.7831444
3.0170151
4.7509800
2.8714619
5.2092558
4.6202807
0.6518668
11.0145617
1.0553166
6.2590564
1.3811983
7.6534598
10.3211476
9.3699333
2.7736545
2.1088264
10.5809297
5.2784731
15.8017667
11.8330294
3.1084540
2.5188097
6.9655645
4.0797408
4.7547054
1.2260842
17.4501019
1.3446772
4.7955190
21.4769030
6.5395906
8.1131272
2.7127164
17.2025538
1.8796160
5.1099559
7.6011985
12.4197522
9.9014826
17.0777910
3.1580633
43.9402425
13.4701200
9.3010765
4.5611641
2.8194845
12.8067930
5.0852401
4.1997634
3.4059539
4.9282675
7.8392281
1.9186108
11.6821651
0.6864700
0.7122863
8.1462583
13.5791139
4.3409271
9.8155903
6.3214117
11.4447808
1.7367338
7.8867525
2.6887818
11.6251756
2.0465152
6.0952321
3.0582334
13.5791390
3.3136577
2.1169768
18.9522913
1.1692094
7.6981265
12.5778950
12.8148479
7.9344660
2.2215258
7.4091905
7.7906512
1.8208501
7.1655829
1.3174715
5.7749150
28.2814864
24.0127084
6.5566278
4.4480509
17.8878702
2.1668038
3.3566186
6.3427120
16.1564218
2.8245511
8.0545239
10.8903658
11.3713879
2.4176219
1.8450422
4.6359762
12.7606562
1.9215580
6.5983410
10.6238897
14.9430894
15.6379105
9.0113757
20.4355426
14.6051140
4.3323375
4.3138439
1.2999951
23.3139608
16.8664332
5.4778748
28.0054748
7.6458021
1.0315531
16.4777363
3.9809367
29.8218314
11.9682115
6.5362107
7.0050018
3.7442943
20.6097109
9.7189802
2.6924238
6.8391146
6.4238042
0.8779437
1.1998204
5.4262604
6.3008960
2.6092416
7.1737963
7.9327779
6.9225572
7.2351823
3.9815784
10.0153071
7.5609937
8.0566552
12.9738307
3.2752945
4.5259546
4.1318431
15.5802061
18.1083019
21.8471811
22.6562584
9.4746041
15.5022984
3.7680862
2.3892394
1.6938899
3.6804998
4.7663093
2.0734704
1.0967406
7.2837399
6.6131871
19.8604416
14.3768383
0.4742533
5.2846056
8.8430351
0.8534155
3.8561544
1.2604854
10.5536849
8.7807662
27.4137972
13.1865983
9.4247846
11.9249521
13.5611457
8.6223411
6.0219233
9.1739919
10.9402113
12.8110808
20.4846816
3.2950861
1.4661732
5.4895431
3.2391930
5.9400318
14.2528639
29.0683727
14.6434549
19.8914180
14.5188864
3.7655437
1.2324207
6.6721960
4.6172991
2.6909234
10.8984243
14.7386671
4.2440671
1.8740606
5.3841110
26.1573573
7.5735445
0.6098437
15.0527901
5.3604084
2.7944263
7.2423507
7.5993643
23.0234659
16.4271025
14.6415238
19.7600670
1.4580891
16.5451948
60.5151715
61.6141977
50.2100614
4.8111597
43.8529699
5.9439854
1.9606946
3.3666406
21.0050934
21.5223719
7.4996093
79.8279234
82.1448605
13.9734002
32.4750608
55.1683954
32.4269835
28.9084023
2.7201936
2.9455038
20.7817086
3.4140379
6.3796135
11.4931040
10.9192762
32.3872692
64.7767864
58.4620294
10.3650518
76.2737942
88.9505796
2.6637688
2.0412751
1.8611165
37.8519403
2.2265528
6.0213948
20.8249792
8.5734610
6.6535425
12.2776776
13.0426737
15.2123325
42.3390322
46.3110089
57.2038269
10.8638222
17.0837930
11.6111094
10.9940995
8.4897648
29.8643136
17.6584620
9.0156908
4.5890292
2.9088673
8.3207176
9.9151607
9.4039654
4.2224629
3.7145837
10.1196635
8.2680272
18.4501404
7.6831750
7.2603486
3.2304948
21.8224116
14.9948557
11.3677723
7.0779121
4.4239607
5.2571423
25.6915845
9.0204303
5.1859933
5.7081310
9.8589607
3.4122615
18.7187267
11.7397473
9.0875802
7.2714597
3.3766703
12.7377709
7.1835385
17.9618389
10.0176259
13.1103571
1.8031318
7.3257356
20.5877806
6.6300559
29.1558078
6.8507613
11.4132952
13.0089310
5.1924622
8.0774694
2.5976402
4.4447314
9.7592038
1.3787543
3.0619562
5.4827920
3.0258452
5.2376727
4.6237518
9.6867340
14.3733143
8.2311981
3.4246161
7.0432375
18.6415359
9.1006278
9.6988671
0.7611759
0.7417892
5.8433466
3.3121406
4.3427405
5.4902088
13.3400094
3.4508529
2.0605457
1.7470084
2.3885163
6.4354781
30.1925810
8.5475740
2.2130189
3.9838009
2.4498112
2.5693084
2.3528116
5.9711575
0.9670379
1.0459946
1.2384918
3.8111041
0.8509740
2.1478509
7.9816114
3.0453598
1.2221350
14.2378518
1.7548876
4.2140206
16.6284200
0.6264354
5.0317361
3.6179917
9.9636509
7.2862048
1.2380427
5.0534275
5.4331904
0.9371270
7.9835818
10.8764339
21.3077041
4.4976343
2.4866804
0.6241534
5.1833036
40.2266237
1.9830165
4.8459563
14.0329028
7.7860281
1.9742736
3.6655345
0.8998844
10.6213265
5.7522141
15.4122330
6.6171194
10.2042255
7.4267573
5.3296276
14.3231813
2.2453729
5.6142564
6.0248644
3.8122836
4.3590390
2.4768989
1.2612860
2.6585426
1.2213981
12.6698798
3.3744383
5.8435658
2.6361570
7.9618157
1.2399399
3.2643817
1.9433232
4.5393073
1.5334453
7.9979752
0.6487122
1.1200927
0.6929121
2.7168640
14.2018034
4.1977963
6.8879329
2.2973114
9.4432379
4.3487435
2.1823776
3.6961330
7.4965321
5.8819835
9.2375224
1.4169801
4.1190946
0.9374374
8.1570448
9.9798775
5.1350896
7.0278713
17.1241410
0.8639851
14.1912992
6.0620300
5.7263670
6.8738328
8.1581637
6.2404862
20.0315354
14.2418105
7.4090320
19.9947342
3.0630193
5.0961820
7.0490994
37.1477404
33.7042620
10.8380109
95.9678820
37.3794715
4.6434838
9.1471565
30.7602153
23.9792368
2.6859279
20.8535715
6.3797805
42.6542301
15.1677819
10.8518681
38.4421407
96.9125474
84.9611038
90.8411083
84.1985509
87.2138233
174.5594752
58.0213080
76.5300748
13.6803612
3.6040511
130.7225585
60.0112484
175.0175442
25.0493900
2.7845183
44.0004596
17.5159656
7.0795577
2.3328345
43.5322307
9.7844430
5.3748304
16.4207075
9.6865557
32.7238958
39.8288852
93.2204265
74.4606513
24.8085984
136.5374961
23.7918157
0.7845563
49.3285129
27.8359237
46.8833235
60.6272994
29.5899294
16.2419947
150.5628722
84.1117264
76.2859805
38.8308438
15.6864943
6.7519079
4.8019062
9.2109176
18.6906148
63.9060977
5.6641894
23.0753597
89.1705908
41.5141061
3.2484416
6.0655526
17.8143194
4.0556523
26.0838721
1.5476357
4.2912705
120.6573451
4.8129817
46.0885868
9.2694686
5.7898124
1.6651923
93.0552734
4.8352854
9.0549430
5.6492655
2.4769309
20.9176255
1.3666621
1.0376953
6.7600690
15.1304454
4.5664806
16.3136738
19.6522063
9.0716970
2.4123033
14.4140184
7.9264765
5.5618160
12.5098900
2.0368577
1.7457108
12.1301460
0.9533189
5.8782833
7.7545968
15.6544248
5.3433603
8.3082192
3.0945151
1.7333881
8.1436392
4.2588710
2.7341922
1.5836856
2.5438886
2.3899161
13.0004619
5.5213650
0.8173242
1.8774852
9.5331305
20.5615644
1.2394701
16.9777321
37.4405875
4.0379389
1.8583395
2.5663681
16.1821683
18.5463984
5.2240710
31.6363992
7.3911445
11.9868925
4.3500572
4.4283500
15.5414088
18.9213310
17.4946023
3.0862178
6.3329436
10.1166957
5.5438415
12.4044549
8.1932362
11.8629655
3.3531478
15.4803858
3.8483606
13.5928049
10.9781978
2.1262363
10.9427933
8.8360860
2.0524027
11.6032796
8.0880696
1.3983277
4.8967690
3.8898156
9.8438260
8.7632305
8.7807002
3.8339716
9.1714070
3.2308877
12.0749484
1.9050355
12.2956933
18.9175337
25.6102835
6.5973737
13.5582787
9.5259911
5.9629346
10.7221506
6.1903156
6.5638776
7.1853996
5.5006486
0.6978107
7.6784274
8.3309657
0.8421751
3.0469776
5.1214186
20.3748586
2.1575335
8.2509393
4.4481248
6.5791712
4.5985990
10.1699324
1.5757677
6.1398006
4.4722657
3.7837623
1.0516333
6.7731893
8.7889920
9.6874823
2.6203708
5.0325799
14.6282668
30.3029022
12.1168502
15.2087530
15.2582581
4.7986538
1.1089550
22.7502836
3.3400874
50.1022184
11.6416419
11.8424173
2.3424678
3.5696512
3.0118074
4.9144718
4.9692971
7.9661490
5.2695375
42.0355965
11.0551020
6.2803555
14.8323219
12.4492165
8.8829405
1.9931200
29.0146277
10.5184761
5.1143773
136.7164626
2.7195913
11.6516588
20.0646113
7.3771746
12.7403516
33.5461431
8.0659233
16.4020886
9.9393311
2.9881039
8.5851449
1.2601135
9.6533839
175.5490428
7.4270520
6.2462571
5.8821212
3.2657075
3.2201382
17.6597558
9.1001047
17.8363400
4.9413601
9.6392687
7.5626262
1.1422801
25.1427510
0.7178695
3.7769986
13.3912360
3.7955859
2.0349021
2.5783414
5.1814570
7.5135443
1.8858586
3.9585616
1.2425475
4.5909173
9.7828128
3.5701970
1.0551725
2.5222813
5.4474165
2.1344039
13.0229177
8.5735218
4.4249302
6.7586083
6.1411255
21.6602326
57.2163826
3.2585903
13.1763278
25.0490309
6.5735051
20.3940961
32.4419340
5.1142845
4.6326494
4.2559570
6.6403643
87.8036489
51.3435962
18.4203483
15.9054263
3.1255281
19.9737354
16.4163067
6.6413508
9.2376118
1.0676871
10.3784454
35.8520788
4.2176874
3.7333717
31.7601506
8.8987299
6.2664938
58.2097972
9.6826878
7.3880260
7.1090354
2.4422191
7.7432034
15.6324942
8.0757185
23.5950066
3.8746893
1.5348616
5.2827233
18.9259415
16.0358758
160.8339898
85.4340568
4.2876822
46.1444418
10.8817563
11.0565665
4.0307293
147.4364948
5.6517206
124.2525990
13.1517678
0.9983720
4.5032980
19.3864893
4.3315653
37.1506078
4.2908165
7.0580769
2.1559266
5.3592408
7.6402892
17.0738837
7.0045091
69.4717629
8.4898878
156.5058834
164.5150871
175.3893400
163.5460433
53.8913352
60.7044711
170.8708437
134.1973456
121.7522046
5.4853218
172.5879588
166.3332690
7.7629072
175.4061117
13.0137888
3.5087470
66.0592834
3.1210008
4.7757639
58.9661332
6.1479596
4.0268804
7.0904755
15.3892409
10.2525325
2.2775568
4.1477048
2.5505115
4.3024783
1.4247393
13.8553520
125.1258617
171.1593648
2.1556937
2.9404810
2.2681986
26.5767556
166.9596892
19.6192445
169.3140567
137.8249379
179.3761813
62.2006327
161.1377898
162.9890431
29.0584215
3.6037382
174.9224179
5.7512459
2.0782324
1.6440593
160.9846661
11.4136954
45.4866359
4.1978753
1.7500279
5.4090897
0.0871628
0.9065816
6.2248113
1.5849557
16.7679341
1.6497935
1.0390309
2.2029850
4.5295572
1.2712752
2.2573060
1.0417908
3.1820392
1.6106071
2.6835515
2.7967932
0.7739991
2.4273984
0.7111998
1.4192177
0.9040101
1.4257545
1.3969370
0.6958523
2.3431480
1.0080167
1.7589110
4.5666623
3.0982184
11.4106453
0.6611553
2.6963062
4.7863066
1.0452916
2.5131562
5.3741287
0.9333847
8.3295167
0.2560076
1.5313433
18.4655172
0.6041716
5.5393427
2.4429378
0.3832824
2.2037442
0.8972080
0.9839880
0.6788190
0.2574657
0.2910970
1.6131787
13.3855288
0.7907980
2.8447718
0.8087832
0.6037258
1.0283852
1.1921431
1.7527686
2.5217083
0.8712367
0.9711626
2.1358639
0.6721882
3.7600078
0.1905910
1.6865083
1.8467732
1.1507877
0.9984439
1.7755199
2.2653567
0.9400598
0.3841550
5.4460644
0.9285751
1.3601501
2.0430650
2.4262953
2.6197278
8.7506902
1.9058947
2.9015897
4.6485810
7.3454428
2.0918143
2.9731282
2.9319251
1.9526231
4.0921026
5.4059554
4.5396143
8.4189679
0.4854685
1.0548737
1.3194851
1.8981326
6.7851750
1.4944869
0.8039889
2.3042753
2.4252578
4.7995302
1.5370400
3.0916046
2.0609895
2.0402200
1.9292664
2.4468297
1.5999557
5.5137589
7.1017243
2.5933008
0.9041129
0.4168915
6.3385754
11.9815062
1.0438155
7.4454280
3.3799033
2.3129376
5.0679770
4.1853571
1.5855165
0.3716662
2.3240585
4.4605057
6.8217756
8.3393282
3.0687188
1.1374538
2.0240881
8.9219890
2.5176778
2.1194435
5.6122903
2.9922643
2.6862009
21.5995681
23.5559198
24.1532166
27.5053286
11.8331304
6.6236885
120.3395007
8.1107391
28.4496030
27.3460042
52.7662508
17.5842790
10.6605765
16.7039434
20.3557777
162.6932325
140.6656746
92.7650382
152.6475979
177.2988456
84.8295627
98.4018468
162.2945433
31.7679266
89.7602986
128.3558499
129.6658353
170.3055356
173.6585142
179.7405125
42.8410482
94.1348838
162.0295202
92.9207098
18.8521241
118.6878442
42.7535755
178.5251021
69.0768748
61.0059259
101.5689181
41.6484440
107.4101888
18.2400438
5.4768175
17.5453578
103.7048496
14.4816262
4.1490670
5.1306526
4.9540428
6.4003586
17.8487840
1.4487928
15.4043892
38.9019288
6.2856757
7.8662308
2.8756890
31.3134112
15.6441313
4.0227414
2.6091668
8.8702985
8.9652129
21.2705208
12.3225189
46.6333363
54.5933298
6.4863688
11.9053464
7.0643662
8.5544492
13.9529288
14.1765018
11.9290268
23.7840813
13.9057470
0.8131854
6.5080637
4.9398372
9.7371472
13.1006853
3.9616485
44.3722272
113.2460594
9.8871712
31.4638469
1.7618767
4.1807347
16.4517127
7.7736142
4.9560370
8.6351008
5.4120747
6.7539177
31.0139589
2.1655714
28.4100674
0.9462586
2.4749840
0.6599896
11.1186168
2.8199991
13.3320547
4.4678475
11.1031215
2.5577567
3.5340878
5.9938827
10.6252762
13.1969401
3.2217927
5.2042693
0.3739949
3.3282613
7.5882662
10.3211727
4.2826039
2.9792990
5.4348663
16.8818473
6.7293952
2.0662134
5.8585158
6.3413970
7.9109115
7.4185817
5.8038584
8.5209807
4.2398772
6.0452129
5.2257154
12.7500496
2.4066715
18.4119341
7.5325494
3.2761371
14.1759056
2.5683069
15.2952676
4.2943656
22.6810508
2.2877103
15.8740765
9.9675616
2.2629826
0.6851570
35.1911928
20.3163362
84.2098082
7.5791778
25.2019053
169.7480669
17.4058755
15.4376234
20.1515946
14.1518035
13.7476924
22.6451899
4.6396706
4.4368789
6.3498411
17.7513984
10.0779555
14.8589781
8.8743607
5.8500209
5.5740612
4.5654854
55.0714736
27.3237944
4.0612153
52.2716175
25.3173442
12.1382468
62.0580155
31.0348022
14.0702427
15.7530873
18.2622880
4.7519844
2.0226410
9.2573582
7.5731311
12.8933365
4.8479956
5.2719454
0.6693577
7.1146268
2.8068474
4.3400021
5.6973220
10.5993780
3.7464232
10.4194115
30.6715911
7.8704183
1.3672418
8.7545603
3.9244835
5.8133908
21.4093059
4.7029677
11.0458106
7.2162024
4.6729470
3.4081626
2.9910696
4.1400371
8.9490839
2.2023080
15.2620780
5.5975197
10.4443031
1.1328467
18.7289487
22.0206648
3.8286799
31.9346598
7.4397395
13.2733625
14.6020215
4.9649446
22.6754136
7.1214893
33.1872402
2.9524172
35.2132557
12.5116301
20.8614566
16.7107785
15.1856500
15.8020392
18.0927307
7.3101318
5.5486058
10.1681457
9.1587102
5.3375066
7.9930220
5.9937801
4.6531266
7.0061027
19.3811960
5.9689722
5.5138606
8.3276571
14.8780364
10.2768861
19.0202950
3.4796013
6.2743580
22.1211658
17.9813357
3.1688215
8.9877591
64.0577226
64.6069704
3.5039336
22.7948820
4.9689146
5.9323032
22.2493257
7.1649283
8.0062315
18.7462592
10.2723083
6.9384669
9.5987792
4.6064477
16.5898795
7.5249204
5.5396159
13.7189606
10.7378294
4.0997015
13.8370212
31.2489213
23.8911401
23.0157725
20.5282222
17.9829535
1.5953220
18.1336523
4.1854487
17.7137328
15.5830941
25.1215960
9.1242033
20.5097886
5.3432685
4.4554812
16.1154805
3.2289550
2.3495118
0.9507960
6.1029230
8.7643378
7.3330333
3.2942456
6.4955182
6.3916713
5.3045269
16.7528339
17.9152361
3.6659772
2.0582559
1.9833136
17.0569197
5.3153986
8.0602208
4.3876634
30.8681301
14.2709791
6.1319848
7.6562981
8.6881179
3.9141114
6.2410444
4.7347047
8.4823450
7.4288152
6.6826637
6.5185523
28.1922380
47.4081470
35.0262346
11.6294556
19.0283471
10.0132738
20.6048274
9.1026431
6.7727467
15.2301997
11.9046677
13.0057278
3.2350368
16.7663084
8.4298142
10.0053111
5.9038907
6.1124582
9.1544517
5.3061204
4.4405524
6.3539788
7.8289656
5.9954492
13.2744266
8.2148627
32.4660438
56.5981211
173.1973298
22.6291089
136.8693555
25.7282611
175.5416276
38.8139530
5.2300471
3.0573558
3.3651724
91.6993448
123.7915012
164.5603046
167.1926984
76.1561503
5.6001510
130.2042908
111.8617443
65.1405619
10.1728947
2.7086594
43.9667133
11.1253024
5.9657120
11.8027842
15.0745711
12.3327539
23.1403396
35.6500575
122.2200168
133.3293232
147.1596508
175.3845304
167.6388134
154.4568507
174.9323989
33.2820264
18.9426958
9.6418112
20.4609442
17.4939694
7.5591313
101.0130380
113.4333375
90.9769357
106.5072255
60.7386621
149.9629095
178.7138886
116.9331503
113.3590448
119.1390486
175.7139205
113.1279934
170.3086418
103.4292105
85.2323094
155.4100567
164.1789801
130.2762338
86.0088831
95.7529418
133.5132653
126.5004443
93.6942717
85.4837514
159.1564425
169.6045783
61.8093395
114.3837626
113.6692115
93.9703070
112.3714631
174.0996320
116.2264028
178.4426867
166.8235737
143.7737496
25.1745848
156.3822393
139.0366036
98.9330406
89.7730230
73.1867151
9.6505167
109.7035523
175.2459170
97.9380254
80.1840178
170.1515249
18.9726752
99.3763267
38.1985969
15.7727958
34.4115536
21.4695338
16.6957243
27.2690351
13.2103549
5.1833241
32.4014621
5.5800353
8.8612493
28.7481688
7.3088077
7.9139076
6.4967126
5.1416302
9.1887659
9.1010119
7.1212496
22.4956166
15.7020198
3.0568382
3.9188520
80.6677015
11.1521007
8.5357498
9.0669657
6.3788359
2.0428121
6.9432191
76.2334591
179.4145719
17.4097097
69.7910123
16.5108192
7.0821898
7.9278945
155.6563785
177.8835089
169.9130408
179.8733978
2.2391816
4.6989170
108.8335614
78.9247294
19.0864229
1.1632667
8.5892319
6.0019495
2.4595920
5.6066962
7.3396864
24.8652968
12.3168714
31.3259506
6.0427848
0.7843396
23.6504754
14.0893786
5.9962901
0.7792987
1.9653285
4.6788488
4.3487469
9.6452573
7.1852986
4.0239284
1.1228864
0.9655092
7.2839241
3.9544140
2.9222219
7.0394296
2.3790372
11.6776615
7.1148907
5.4088815
12.0161985
3.2010078
2.3602676
5.3256057
4.0984100
1.5873943
5.5870639
3.8857865
5.3302315
5.6424542
2.3593844
0.9183349
5.3103584
8.8166097
8.4072890
2.9187223
3.9327560
6.2724112
3.5892699
5.9365956
4.4061356
8.6242608
1.8773144
5.6326007
13.5020302
0.8651167
2.5008151
4.1286673
10.0275520
17.1020227
0.4425131
16.9923218
14.3809763
20.9301319
22.3792323
20.9816230
14.6156450
14.3033569
17.2592225
22.0452117
23.3523845
24.2597260
18.8524179
16.6027511
20.2752661
16.6391872
13.2096422
26.6293363
29.9227958
8.5574183
10.3450521
8.0836704
14.1347128
0.6462497
25.4833352
11.7696995
11.5276106
8.4295374
4.7517403
12.6418286
20.8037893
19.9709767
46.4525312
29.3243001
5.8683141
120.1276672
55.3771600
85.2849831
7.8495175
51.2551996
5.9204124
11.0459013
12.8076612
18.7347601
48.4432861
51.9534711
34.6352456
88.4543898
173.5126822
10.5300543
121.0154378
16.2110084
103.8998507
74.0140392
153.8299102
9.4576349
64.0795463
179.6229520
47.2200496
13.4678925
36.0680705
16.9429375
18.2692552
15.5690006
154.4690607
8.2017017
178.7137688
153.6755159
3.4342250
158.4807311
154.9600851
156.4488788
156.1275985
156.8858977
156.9528702
161.0094851
160.6994145
153.2266782
18.4143236
6.8628425
8.9404115
160.4998331
155.6311246
171.5061118
171.6201577
6.6893448
45.5547637
8.5983623
21.5721006
10.8360132
25.3095059
15.0770126
176.4246023
9.9617443
24.8325201
164.9884519
15.8305190
33.9343155
8.8547539
25.1928603
49.7842925
54.4095133
39.2885879
28.4491680
140.2557296
175.4776711
38.1765814
21.5646083
17.9919816
10.6919069
47.0523942
13.4186149
25.8348247
13.9443650
38.1076672
24.4810367
6.6572257
59.2952541
111.4838896
8.8877854
13.8701693
29.6576131
76.3580320
103.9484907
179.3945002
173.1077713
66.1985274
45.4593829
175.0303473
2.0024273
2.0265476
179.3709673
150.6362192
15.6392845
10.3564295
151.0106071
122.2310012
179.3366251
176.1908359
138.1573857
160.6973775
19.8322583
55.9260493
7.2381301
110.4387362
113.8566356
171.8022307
42.3999842
179.7914553
179.5778921
21.8761229
27.0140471
32.6571430
7.3907128
22.4757377
116.3410433
6.5915923
7.5060661
49.9773385
21.5964173
12.6732018
25.5641907
9.4502489
24.8103371
12.1003781
8.4984722
18.1433795
15.2126714
21.1105582
14.8638863
6.6738345
9.0483116
16.7177616
25.8158768
10.2606551
16.9870113
22.9913690
25.1724907
17.5424818
7.1495456
16.4473601
18.7839180
15.4765030
19.2011658
26.9055466
24.8985267
26.0210141
27.0934817
34.8194708
28.2442227
9.6104620
11.1465924
46.4237683
6.5767859
21.7681232
34.3656628
46.5278046
51.4801324
32.1528047
4.1567849
3.0984881
25.2821958
7.1846543
9.4533747
21.8709813
9.5288425
6.6710344
4.5618959
21.2930890
5.9252198
25.8792980
5.1458319
4.0924384
2.0334700
6.2108526
9.6319593
7.1129827
8.2540389
19.8750735
5.6142987
12.5822879
11.4659464
11.2369763
11.0968244
4.5227752
23.6830123
5.7843530
1.2565749
2.5050898
9.2719509
4.0056484
1.1683754
5.9451078
2.2687208
6.2437084
7.9730540
28.4820624
2.7682235
3.2645483
3.1251573
7.3225665
15.0036406
16.1534464
3.4877318
2.8615611
8.8680477
4.7432791
8.1275213
7.3575032
12.2978362
6.7787240
13.0419787
10.8129087
8.7409765
4.6947638
8.1018926
5.8506570
8.8122154
7.0528917
1.2186232
5.1581396
7.1414764
3.7703722
13.1981328
0.4479331
3.6054168
2.4429879
2.9789937
5.4023976
7.2930787
8.3695660
6.1655314
4.1475450
19.9038634
8.5891527
25.0085912
6.9745376
6.2981846
0.8038355
8.6439091
6.1057430
7.3552432
2.5787450
4.7849070
6.6327673
9.5354184
3.4044510
4.6117196
13.2199085
12.2739342
1.7014228
14.1915321
12.7859115
14.0014358
14.4065414
20.5658737
4.3096810
3.2521751
8.8588903
6.5176553
3.0942983
11.6528468
9.0406539
16.2946159
20.6017797
12.6746396
32.7040859
35.1092949
17.4775205
6.8480834
61.5631182
36.2559645
25.8334397
14.9292440
4.9456638
12.7687086
6.0618412
17.8235047
6.4982718
6.4213022
8.0641976
5.7498588
8.1390627
3.8749056
0.7461871
7.4536088
6.4647214
29.9949259
5.1165854
14.8313825
4.5889559
13.7370676
8.8134649
12.5405132
7.3917855
3.9645066
7.9843481
14.8070515
8.0327589
6.7112355
7.2159817
6.0001942
8.0050643
3.1287960
3.7177462
2.6384634
6.4577543
4.8452639
5.8378702
5.6045139
11.4254228
171.7600050
7.0752910
4.9387772
7.2443194
5.0038622
11.6164038
10.7785618
3.9367781
6.8982097
3.3972257
5.1957398
4.8226645
10.0752443
3.7415413
6.3515673
4.4598935
6.9441264
2.5648616
6.2386982
4.0787047
8.4402686
14.6456606
3.2869916
25.0970768
33.0024718
11.5192811
9.0821506
9.0286494
7.8880506
30.0870867
18.3864030
21.3348177
17.4376943
23.7946931
6.4008499
4.2025748
0.8792656
32.1931999
37.0346275
38.5595491
12.7440671
26.9182022
41.1866938
7.5241844
47.1594377
2.1820077
3.8128529
11.3300932
24.6010787
23.6567129
33.8349217
20.4198888
12.7197990
44.2359869
7.9934589
12.3270088
31.1547729
7.0038190
47.3098503
2.9302693
2.6132017
9.8337370
7.5971801
96.4033267
3.2637279
25.7555380
9.3462334
7.4327422
4.2652431
2.9892007
5.7990036
5.9928648
3.1286299
3.3513973
4.0123749
25.3809956
4.3939891
22.4300790
8.3480322
5.9745229
8.2954178
9.9535193
7.9858797
74.8136818
5.4321434
6.3453015
9.8039774
6.1373163
3.3591360
2.8465057
3.5363814
4.9430500
12.6462232
2.2960990
16.8029357
111.9945195
30.5053526
13.5008403
4.5083270
7.4802512
12.2454712
3.4815274
7.2769803
5.7237499
1.4818515
7.4393022
3.1022509
10.4884976
3.8343241
6.7103013
3.4825982
34.8833708
5.6542682
0.8428657
9.8370777
31.1020027
1.6456591
5.5012502
8.5865763
8.8093823
4.7434829
8.9362026
9.9197868
3.0611345
2.1848719
7.5096627
5.8592661
0.6705238
23.4858134
13.1867468
0.4244852
6.5897718
21.3216792
1.8757870
8.9224770
27.1794415
5.6956526
2.6086936
5.3189281
2.0843890
13.5611234
2.8314371
2.6560294
0.5051074
5.1328478
3.7452665
15.3146377
25.8199860
10.9469723
3.7336425
1.3312200
61.4301494
13.6108739
3.1760694
1.5865821
7.5864414
6.7564033
7.8002829
15.8898631
3.7721372
1.4557565
1.8824664
2.5971403
5.6804231
3.0713685
3.4391718
6.9144873
7.6348581
6.7278537
5.6722094
1.8590508
4.3371518
18.7837315
1.4935456
2.9515392
3.7860473
15.4293811
7.5464308
9.7619471
10.8996100
27.2855806
22.8221932
11.7531479
5.0750387
13.1193920
15.8166444
2.5029408
2.5720321
8.0072996
20.2281574
5.6889981
0.7176140
1.2670834
24.8912880
6.2873833
9.7887587
7.3502493
8.6757564
14.2390251
17.9621799
18.8773379
3.1681317
8.4649226
3.7528171
6.1169303
19.0769793
81.4756828
15.2999054
0.4672575
4.4689919
18.4815010
5.0546372
13.0722543
10.8546308
27.4584629
8.6828117
17.6461053
14.9661288
13.1089032
9.0447338
22.3308506
13.2860202
6.9469566
8.0331072
11.9246535
0.6990567
5.7181098
3.5954323
28.9835352
31.7143906
128.3774918
179.6621582
173.8226731
178.8347963
170.8090991
177.7575534
36.9710779
22.8787573
167.6744343
18.6151580
178.6053624
7.2454556
5.8714173
47.5286045
20.8223607
20.8068616
0.9842717
31.3976678
1.5305808
10.7210290
1.8069325
5.1959504
12.0367182
13.9964268
17.3372491
32.4424744
19.1044095
20.4321873
3.8581583
11.3668284
3.7990327
18.4875399
14.8480735
27.6090629
3.6015075
5.1811048
11.0298939
13.6233954
5.7453551
21.2518062
6.7138139
5.6449438
23.0541839
13.8570558
14.0695781
14.9741025
22.6945079
16.7083921
5.6035613
19.8867506
40.0215054
35.6642115
11.2598982
24.8644639
17.1621475
17.0642101
14.4048736
37.9422866
16.7342542
6.7890608
18.9784324
2.7296024
11.8293074
30.0274916
18.5323097
21.0274062
8.6619684
9.7133727
3.3411923
11.4214093
18.7601767
7.5429037
12.9846086
2.4428763
1.6544445
13.6447205
3.5923351
5.4569627
1.1287047
1.9171681
3.4606787
2.2942406
6.8819366
1.4198058
13.3771200
8.0166933
3.6239951
5.1194652
12.7793396
4.3295008
7.4164261
33.2620715
6.7724908
4.8256785
9.2991291
1.6603393
19.2860154
13.3991225
14.9127077
2.3995705
9.8796358
13.1684706
13.7815895
17.2714713
23.7123170
22.5193920
11.6375809
26.2560065
4.6923712
16.6342951
2.1377432
24.0643790
12.3851837
12.2676819
3.4358624
172.8446909
18.7065890
2.3487105
58.6441551
24.2684348
150.1027781
34.0090700
64.2602049
178.3532849
13.8056291
9.7063578
5.6202102
38.4272316
34.4124908
4.5054785
26.1415487
18.2671112
7.2211753
2.9729492
1.0283413
1.4796305
21.2877647
2.3422561
6.4204408
10.9592817
3.4525914
4.3491990
7.2704583
26.7889027
12.8324137
1.1854599
22.1284565
1.0162397
8.3474543
19.5208916
12.4798807
172.2124425
37.1972304
3.5403086
24.9340944
171.3219187
9.8545693
10.9791162
28.4119796
18.1887647
3.4553824
28.4779373
22.5781005
34.5380141
25.9538145
14.9289594
26.7181327
31.6757955
26.4153841
27.1296258
20.8142106
9.4212147
6.2372856
16.1284944
6.7984048
10.9673064
3.0678091
2.0656153
2.3528236
5.0056835
14.4517763
2.5089450
3.4939849
2.4003926
9.6328165
12.2733115
2.0644942
5.8192944
12.4129658
4.3869306
7.4325801
12.9537114
7.2721801
18.0279940
1.2757223
10.9323673
2.0756630
2.8017252
9.3481757
6.2720420
9.5891041
8.2120257
1.9271761
6.2679603
4.8829138
2.0908431
15.4159256
4.6922569
16.0305976
3.3862976
2.9243539
2.8100879
8.7987833
2.2751210
176.9955675
16.0081640
19.6286540
12.8047252
3.0979028
1.8118113
6.8953132
70.7456806
7.0659003
2.6639184
0.4467191
9.2123277
160.9249651
20.2330975
39.5364750
20.6991957
13.4837914
3.6939823
3.4423217
18.4497933
5.5229491
13.1796220
6.9773228
8.3286263
13.1082104
7.5724565
17.1257983
49.3649229
20.0875776
6.7569142
15.9384060
18.9423000
15.0671730
18.9153085
13.6161668
179.4298296
69.4359583
7.9846192
15.2387164
12.0082892
36.1846359
11.1701401
163.4180437
5.7517094
179.7613775
50.3514884
20.1162410
17.3870676
138.0874177
15.7629187
8.3180649
18.2022464
23.5852006
11.1791449
2.9588595
104.5362795
0.7846568
3.7793195
2.0201692
6.2768776
6.0107087
3.4738661
4.8147212
7.2641602
9.1776280
6.3394389
5.2419913
0.6487673
2.6117520
4.8491029
36.8762593
2.3304149
1.5643348
17.2773161
3.7657420
1.6351395
0.5021208
4.4294751
1.5824582
3.3472682
2.2547220
2.3238113
3.8874948
1.9076896
30.0036727
4.5281660
30.5330390
5.1848949
6.6689288
4.3163067
7.0614466
4.9710603
9.1741929
53.4275128
2.3114060
5.3734624
11.9210229
16.4866697
12.8909326
58.1548068
52.2920307
51.3657937
87.5178335
9.7769814
1.9059441
4.9494131
6.1454805
1.1569738
2.3853057
1.5656735
0.7920631
4.4840246
1.1497157
0.9381412
0.5708581
1.3796327
2.8408481
6.8532315
3.1534959
1.7746137
15.7520548
1.2180055
3.5188754
1.6238994
7.8469654
3.7845855
0.6230928
6.1190654
2.8220062
1.1824598
4.6338764
5.6144774
5.2029026
1.9111688
3.9630570
2.2936063
4.1171412
3.5279994
6.6346169
5.1852513
28.8660232
10.4176277
2.4243909
7.1075289
2.0441278
3.3848031
1.4784981
3.8444709
0.3366899
2.7343223
19.2052088
4.7851317
7.2683453
2.0294972
1.8474705
0.9830003
2.7223094
6.1456467
45.6322086
3.8078511
2.5125901
3.2112746
6.2516290
0.6480496
2.1310346
1.8050135
1.4519803
3.1494715
1.1825935
10.4906384
6.4534569
4.4266674
2.0885670
2.5849504
2.3484344
2.9832018
2.4837185
4.9873860
3.5915437
6.1495482
94.1475125
163.0630201
15.4645340
95.2759655
178.4014672
43.3513378
149.5765464
177.1557398
105.3396811
59.4686477
57.9965812
178.0072342
179.6204233
91.9402754
127.8544852
10.7631601
8.6358123
11.9363574
7.3370959
14.3212776
133.2329054
176.3853325
40.1733907
7.6448325
178.9501121
76.2773692
14.6024787
31.4260465
73.8886325
23.5858973
68.4054648
72.5496654
57.4737319
28.3368667
41.6044383
25.2062382
23.2967086
73.4143594
32.0300713
17.8741019
81.3243692
40.8816971
38.4396129
84.1603150
35.9533875
34.3172889
56.0886021
18.4711443
32.6782987
20.0198359
34.2997519
17.6910203
44.7925494
12.6557092
15.0703134
18.2965926
5.0393503
24.1834985
18.8131755
4.9341118
30.8495150
23.1510515
12.0335074
37.3681808
28.9418526
31.3229905
5.0100728
22.5018742
17.4028194
31.5994566
3.4029097
179.7408813
29.3988930
12.7192356
8.1588599
15.7287041
15.2016932
9.0545431
6.6758725
11.0343076
8.3247289
7.3579834
6.9029145
7.2038058
4.9653500
4.1848233
4.1080084
4.3861392
4.6159641
2.5995273
5.2055659
2.7432711
3.2883363
1.4215327
2.6640008
0.4214566
4.4458310
4.6124235
4.2539963
3.9131265
4.5314235
4.1331170
4.2832065
4.5792080
4.1942547
4.4148567
3.9011705
5.8463641
4.7487367
4.8411906
3.2973082
4.9237963
5.1091902
5.4318530
4.2179640
4.3424024
4.5581382
4.0950077
4.1308502
4.4474007
4.2479878
5.3118849
4.9058822
3.9702621
4.0694546
4.0805673
5.1468844
4.5865553
3.9120732
4.1452979
4.6507666
4.8609032
5.3754003
5.1442028
4.8574146
4.6563594
5.0137345
5.0506268
1.7481407
4.7851632
4.9801228
4.6737536
5.4444760
5.8858838
4.9475032
3.9240657
4.3577113
4.8226020
5.1971689
5.1967883
4.2185816
4.7966090
4.4940524
4.8182253
5.2779456
5.3608958
4.4363526
5.3865225
5.3832870
4.4067207
5.0248218
4.6601577
4.2584218
4.8694025
4.0593419
4.8165899
4.9141510
4.3707376
5.2198318
4.4689127
5.7148354
