1.3398960
2.9228073
2.1584461
0.6844781
1.2087735
1.8680917
1.0162585
3.6382134
1.3388680
1.8423849
2.1293391
1.5844465
1.8088183
1.5437673
1.5292800
1.5751848
2.1566175
2.3762843
2.4734870
3.0079825
2.7562662
3.3118584
2.8189299
2.2254790
2.0399681
2.7807504
2.6750920
2.3549469
2.1943686
2.8222955
2.3143848
2.0680102
2.5948964
2.6232888
2.6267633
2.5734183
2.3297737
2.0878097
2.8421944
1.3241141
2.1456706
2.3823574
2.0450444
2.5281495
2.3951461
2.8677215
2.7927345
1.6051470
2.6277810
3.2932182
2.8272402
1.4241158
2.1727060
1.4801734
2.3973321
0.9648408
1.4771270
1.9501817
1.6486966
2.1678245
3.0772096
3.9131968
1.6341622
2.3019170
1.8044773
2.0476487
2.6064964
1.8640570
2.5581108
2.6606211
2.5809650
1.5062205
2.1296785
1.1290744
2.0267210
1.3426093
1.7889136
1.2817051
0.8929557
1.5813210
2.1076681
2.5962562
1.1618842
1.6664366
2.0817776
2.7703799
2.7590781
2.5135842
2.4156663
1.1614158
0.9664144
1.8823858
1.7315531
1.4061210
1.8187860
1.0833826
2.3288490
2.3579425
1.8513076
0.9360493
2.5269411
2.0933438
1.6734215
2.7744557
3.5078352
1.3549406
0.5367413
1.1631950
2.2861072
1.5094056
2.0418370
0.9368100
2.1175072
0.8788348
1.2153317
1.5546906
1.0462665
0.7180471
1.4800792
1.4283945
1.9461056
0.7501122
1.3218083
3.7416450
1.2075817
1.5613892
1.0912049
2.1185459
1.8828029
1.7845485
2.3792550
2.2035308
3.0664140
2.6129694
2.6086997
1.8443146
1.5692799
0.7589820
1.5441012
1.8867866
1.7444327
1.3429393
1.9924709
2.4547337
3.5610321
0.2905631
0.9504958
2.8561389
2.4087648
1.1169247
2.1913934
1.3621315
2.3946036
3.1888433
1.6374778
0.6076527
0.4351655
1.0143117
0.5238810
1.1870702
1.5868404
1.9025794
0.3186607
0.9831749
2.8508277
1.0868550
1.0990140
0.7699051
0.5720647
1.6176636
0.8250040
1.4726011
0.4249072
1.0486995
2.0876338
0.7451134
0.2724125
0.6100457
1.0333859
1.4751135
1.8636781
0.3521194
1.4481001
0.9108535
2.5953045
2.3660600
0.9630447
1.5137219
0.7977726
2.8535938
0.6893493
1.1173395
0.9193246
1.4545826
1.2790114
0.6793930
0.3699648
0.9733656
0.8342119
0.6177746
1.0336221
0.7814371
1.3109506
0.5458148
0.5799483
0.7549352
1.4356959
1.1248650
0.3239482
1.3544920
0.7011926
0.3681730
0.7180298
0.8243767
1.5996362
1.0604625
1.5902624
1.6241263
1.9541494
1.3747584
1.5697561
2.0019752
2.5153502
0.5932496
0.6466291
1.4284936
1.8855306
1.8703722
1.1909017
1.9877452
0.5053978
2.4018081
2.4591933
1.7168100
1.4377585
1.2139983
0.8684361
0.8953806
1.7777430
0.7324816
0.6532160
2.0117340
1.0346852
0.5212494
0.8110721
1.0015829
0.3862799
1.3541845
1.2924347
0.8889650
1.2862870
1.6111249
0.5707531
1.7328084
1.5944261
2.8156745
2.2145603
1.0512657
0.5094652
0.6800945
0.5312632
2.0560186
1.6649069
3.2035279
1.4233017
1.9705020
1.3747021
2.0363998
1.9970969
3.5187834
2.3164906
1.5657708
2.4419245
0.3748673
0.5413598
1.3768466
2.0707446
0.6008287
2.0093552
1.3890508
2.3495389
1.6306356
1.8211498
2.2459748
2.2798283
1.4844604
1.3559871
3.1971436
1.9139407
2.0272439
2.0170783
2.4935272
2.1611715
2.4899508
2.7761498
1.6348681
1.2964106
3.2500771
2.2318921
2.0339735
2.4322330
1.4683106
3.3850493
1.9635103
1.9124401
2.3712473
2.0603128
2.9534647
2.1655514
2.3554461
1.8300036
1.6966460
1.7801556
3.6927585
1.8703894
3.3229964
2.7548086
1.4115217
0.9724084
1.2851680
2.4133883
1.1604634
1.5580631
1.0647511
1.4867720
0.5048285
1.2166805
0.7986033
0.8983751
1.2370534
0.8342014
0.8451898
1.3403443
0.7627388
0.6793673
1.6091218
1.4067690
1.1658598
1.4931576
2.5383454
1.4082193
0.3438333
1.5540608
0.5705593
1.1886471
2.8117898
1.8897720
2.3278978
5.6707097
3.4073739
4.4193843
3.4524572
2.3276406
2.4843789
3.4159955
3.8238489
3.5942698
2.3439706
1.3412277
1.7402997
0.1023487
2.4495250
1.2284445
0.8708268
0.5503704
1.0015527
3.3221875
1.1819339
3.1261004
1.0944288
1.4028357
0.9009739
1.0415483
0.8990865
1.0017485
1.0844632
0.9334521
2.1315845
1.9116971
1.0132862
0.9059986
0.5288919
0.5873820
0.8680766
1.8158460
2.1760787
1.0423429
0.4112456
3.0326439
1.9478635
1.0841964
1.4974638
1.0892172
1.7432555
3.0463876
2.5629005
2.0056209
1.7227620
1.4901372
1.3759646
1.4210185
4.0094733
1.6857170
1.2746250
1.7449353
2.0225298
2.4133487
3.3472551
2.3036020
10.6270277
2.8313689
9.1216535
6.9492748
10.5209208
9.4468129
9.8984515
4.3257760
7.7498904
5.0635107
2.7078098
10.3135847
5.6384189
0.5620630
1.8648679
8.8060096
2.7102723
4.3471726
0.8315168
2.9075558
4.9015273
2.5733703
1.8015318
3.1699530
3.5858163
1.8723995
1.7884285
7.7405652
1.9997237
2.4613934
1.0404063
5.4909350
2.1056772
0.8727652
2.2162378
2.7436135
3.2470049
3.4396480
3.0194289
2.1679389
2.4868953
2.2642177
2.0967426
2.3802760
2.0417545
2.3433139
4.1728814
2.7504241
2.2470565
4.4750665
1.6642804
2.4527625
2.9224293
3.3855701
4.2580866
2.2849034
2.9465201
3.1664899
3.6969752
2.0201394
1.0729653
0.8199517
0.6075574
2.7472635
1.5587376
1.7061952
2.0213719
0.2667607
2.0608468
2.3305193
1.3053113
1.4205723
2.9126726
1.7085254
1.5947305
2.5143873
2.0097425
1.9467528
2.8121801
2.3148405
2.0392310
3.3035809
3.9310200
4.1002321
2.6663592
0.5747818
5.3613589
6.6921054
5.9808222
4.1992931
0.9460385
4.7754185
6.3278215
3.8559168
3.8312298
4.1859986
2.3502401
3.1002979
2.6641907
1.8556590
2.0091188
3.0119921
1.5341830
2.5325505
2.7018996
3.1953017
1.9875313
2.2604685
2.6193137
1.8345564
3.4702018
1.4287848
2.8859387
2.9263989
3.0656679
1.6447815
2.2880028
1.4542824
1.6857114
1.9456723
2.7965133
2.2116952
1.7559340
2.6554861
2.1017126
2.3044342
1.9694265
2.3074695
2.7014326
0.3626486
1.0165814
1.5144934
2.1631878
1.2141010
2.2495047
2.1941456
1.9956024
1.2945443
2.2913138
1.8735339
2.5161151
1.7538396
2.1414037
2.7403738
1.0084139
2.3435418
1.7390218
2.9316567
1.9670944
1.5243514
2.0198593
3.1071654
2.4361802
1.9221745
2.2328513
1.8448190
2.4216942
1.9824599
0.8082745
1.2219578
2.6186356
1.4958762
2.7321145
0.8339991
1.5631835
2.0501646
0.7212158
1.1350582
1.2977257
1.6623767
1.9831106
1.5335412
1.0817690
0.7058587
0.7773326
1.7372305
0.8323945
0.4282159
1.3591143
1.3418294
2.0778386
1.0926517
0.5465470
1.3918658
0.6385244
1.9471614
0.8072593
0.2986055
0.5280476
1.0256136
0.5200724
1.2635509
2.4516880
2.6729871
0.9307158
0.5983605
1.4449043
1.9678461
1.2594364
1.5539899
0.8854409
1.4845929
0.3163929
1.8124470
1.1372656
1.0532859
1.1315350
4.9455679
1.9175549
0.9446794
1.1557927
0.7432887
1.3183503
0.1653230
1.9799177
1.4253050
1.2622809
3.4116284
2.7195150
1.5716219
0.9880462
1.4293607
2.4599208
1.7527835
1.9168139
1.0523301
3.0519850
3.6815189
1.9754993
1.1664690
4.8591868
3.9141605
3.4919509
2.3046721
2.3696024
1.7719784
1.4026180
2.2854202
0.7104153
1.1957030
0.8566658
0.8418335
0.5088496
1.5635198
2.6084237
1.5963923
1.4747835
1.5955163
0.6001142
2.2130624
1.3944952
0.7162471
0.8200281
1.6803163
0.7056046
0.5773403
0.3839701
1.5716417
0.4080522
1.0134110
0.3008412
1.0623572
1.0138073
0.4282134
0.8959640
1.3654340
0.7870011
0.7215535
0.7661547
1.6559484
1.7282664
0.7751948
0.5984291
1.1204547
1.8606266
0.5526002
0.2503746
0.2444166
0.6859137
0.5575473
0.7960547
0.7220125
0.5879311
1.9763376
1.4403353
0.9669523
1.5532231
0.1646645
1.3372634
0.9946661
1.0195448
0.6637334
2.7948397
2.6426377
3.0313170
1.8207718
1.2808668
1.8321775
2.3411584
1.4617366
2.4635566
0.9174641
2.6324606
1.2587805
1.5391685
1.4434526
1.4701130
2.6238570
0.9000286
1.3062090
0.3802371
1.1861999
2.3009495
1.9971154
2.7585826
2.3498169
2.2302367
1.2331060
2.0095119
2.3695160
1.3869664
1.5026731
1.2330616
0.4150986
1.1741022
2.0756736
0.4187978
1.4237324
2.3956095
2.2584183
4.5939764
0.8885012
2.7990857
0.6585824
1.4533463
1.2060959
1.3728296
1.7151458
1.2355285
1.8856749
0.8351632
1.1686375
0.7948945
1.2843433
1.2730468
1.0611253
1.1086414
1.4078739
2.5435593
0.9100012
0.5018161
2.3588464
2.0305546
1.2449137
2.1349184
1.6489965
1.4354341
0.5045244
0.5552647
2.3759616
4.8987750
2.2272561
1.1425018
1.9198365
1.6162198
1.5198620
1.0789543
0.7141567
1.1047842
1.7946063
0.7883165
2.3768325
0.2600463
0.9564688
2.7203259
1.0670948
0.9579816
2.1013503
0.9318549
2.8150978
0.1582944
1.1771843
0.9066741
1.4844841
0.6840134
1.9617812
1.6738795
0.9332910
0.1930240
0.6095610
1.1063301
1.3787617
1.4389969
1.1893076
0.9341229
2.2492116
4.8711591
1.4196825
4.3250768
2.7290826
2.1411399
2.8483034
3.2905576
0.2290231
1.4812470
2.1581846
1.5788488
1.2090797
0.6974020
0.8051999
0.8777674
0.9411664
1.1800617
1.3525500
1.7568797
2.8242816
1.5065439
1.6677956
1.5326829
1.4679073
1.6181546
1.1799955
1.5914523
1.0161038
1.4385093
0.6244570
1.0042380
0.3442630
0.9555733
1.3062774
3.0626591
2.4377255
1.5862738
2.8093045
0.9286028
1.6094640
0.9661076
1.5828644
1.7340625
2.1146293
2.8369566
1.3939906
1.1461277
1.5051765
2.0471400
2.5910930
1.6038876
1.3550593
1.6207931
1.0481294
1.3837227
0.6350053
2.1361828
2.3622460
0.7980216
0.9526889
1.6008581
0.9204543
2.5410900
2.4819242
1.2215001
1.2915914
1.6211985
1.1825115
1.7070275
0.2671246
0.6353055
1.8977429
1.0185660
0.6443639
1.4647581
1.9292041
1.8362133
1.8826399
2.0845591
2.8402025
2.6449900
1.7659116
2.8977610
2.5673084
3.6401693
3.7534858
1.5686754
1.5740631
1.7354017
1.2923700
0.7958767
0.9999103
1.1624740
0.5463397
0.9255654
0.6423773
0.7092518
1.0016838
2.2990747
0.6800507
1.9662290
1.4432418
1.7048564
1.8975185
0.6663533
1.5177229
0.6789423
0.7762592
1.2606919
1.3483143
1.7774004
0.6195031
1.1653660
1.2244906
0.7876602
0.8807921
0.3729331
0.8776586
0.8763638
0.6056935
0.3491600
0.4136365
0.9934289
0.8633520
0.3740757
0.3893490
0.6565082
1.6352977
0.3780813
0.3615372
0.5413270
1.8401668
0.6380894
1.5005887
0.4551729
0.2659846
0.9232688
1.3606803
0.9041639
1.2636554
1.9312512
1.7796345
0.9916743
1.7944025
1.9025036
1.4617569
1.5036980
1.2670164
2.1681769
1.7512540
0.9740139
2.9928792
1.3250472
1.6575905
0.9351786
1.0050932
2.7294610
0.8657364
1.2935972
1.4182163
0.7377450
1.5577079
1.0167535
0.6112387
1.5785011
1.7064473
2.6570855
1.8011089
1.9566697
1.1312905
1.8143921
3.2346250
1.4057110
0.4545346
1.9556730
1.2440673
2.6946062
0.6837706
1.8300081
1.7874110
0.2859458
1.6140395
2.4056828
3.0872394
1.2740845
1.6727853
1.6725350
1.3124386
2.3439405
0.9594668
1.4473126
1.1789783
1.0989350
2.7847839
1.9799797
1.3621334
1.9718877
0.9523592
0.6590970
1.0373891
2.0127395
1.1388745
1.5635173
1.7411344
1.8721036
1.1370499
1.7833465
1.0842357
1.4620496
1.1836394
1.9180944
0.9898770
1.4891395
1.7080143
1.4674365
2.1442648
1.3550680
1.2919188
1.0291573
1.6895339
2.6988541
1.2814287
2.6429291
1.6007519
1.7226883
2.5295164
3.0797447
0.8415401
2.8060798
3.7674466
3.4880212
0.7549812
3.6100394
1.3836682
3.3543434
4.0208857
3.1363528
3.2867827
2.4795337
4.0123511
1.5198272
1.9740908
2.3008834
3.4072595
0.9231744
1.8848070
2.2977228
1.6809689
2.5184700
1.5980540
1.5848198
3.6625091
2.9298240
3.6553895
1.5732500
1.7820711
0.6638854
1.5116813
1.8116266
0.8718791
1.5704241
3.9147709
2.5560771
2.8194862
1.2846162
0.9484991
0.8855725
2.1396413
1.3279510
0.9741063
2.1552439
1.6157787
2.7724613
1.0307082
1.1235280
1.6349629
0.4845723
1.7883917
0.6574938
1.0843933
1.3100931
1.3581548
2.0681242
2.4123771
1.5793035
1.9683993
1.0805568
2.3254848
2.3145745
1.9923362
2.4505736
2.2567265
2.1783702
3.6813699
1.8510333
1.9033498
2.6128948
3.2491906
2.8902523
2.7545397
2.3354527
2.1522631
1.8984572
1.7212649
2.3145751
4.2783661
2.0360097
2.5396444
2.1182754
1.9918396
2.1324205
1.9805383
3.3054139
2.0491298
2.7857387
3.8547066
3.0909474
3.1406146
3.1027187
2.5369513
2.8434786
2.5127841
1.7666581
1.3665075
2.1432702
1.6464681
1.2552553
2.0642081
1.3312686
0.8461690
2.7296198
1.4087431
3.0363834
1.5390358
3.1991755
2.9671827
2.0252140
1.9245927
1.9671535
2.8191064
0.4668676
1.8139121
0.8672165
1.5488894
0.2008198
1.0786548
2.1878528
4.6650836
1.8472888
1.4944484
0.8919312
3.3237901
2.6376122
3.7825052
1.9698890
0.5738435
2.4090606
3.2909138
0.4640639
2.5682930
1.1615521
2.4615755
2.0724936
1.2119689
1.4302505
2.3462503
2.5718908
1.8441146
2.9465786
1.4143240
1.6283434
1.1452784
1.0555937
1.2900397
1.0745818
0.7982323
1.9502642
1.3791772
2.3897212
2.2198734
1.9104934
1.8050190
1.1606610
2.6247963
1.6421931
1.4421693
1.1151668
0.8259218
1.3757795
0.5565774
1.2261441
1.2268409
0.7996026
0.8726811
1.5573450
1.8738875
2.2841235
1.6150056
1.9051614
1.6097601
2.3546110
2.6762392
1.7574952
3.0254666
3.8412972
3.1129876
2.9274114
2.3525232
2.8352776
2.7721041
2.5716457
2.1986481
2.6782417
2.7291902
2.3737695
2.6577680
2.1636896
1.9406212
2.1650557
3.1663416
2.4942625
2.1883999
2.9747107
1.7346455
1.7250118
0.8443313
2.1140169
1.6501631
1.5589488
1.3920135
1.5171407
1.0437043
1.8676878
1.4668682
1.9219187
1.4829179
1.1007451
0.4893377
2.5576003
1.0183027
1.2729731
0.5354793
1.3922692
1.2552255
2.3031419
0.9083712
0.6668933
0.1779141
2.5546047
0.9150467
1.1631557
1.2050362
0.3614430
2.4735565
0.9885397
0.5689658
2.5273773
0.5133196
2.1951866
1.1447690
1.6151866
1.8436031
5.1973382
1.4574249
2.8285379
2.6440383
0.3569141
2.6941012
2.2522176
2.5397550
2.7263827
2.7077166
0.9869328
2.0064468
1.3992041
2.2471442
1.8507438
1.4691902
0.7805160
1.8125472
2.4730993
3.0402785
0.6755807
2.5116775
1.6576438
0.6938117
2.1875987
0.6589186
2.1792477
2.8804956
2.0038425
3.5775918
1.7477290
0.9642491
2.6284958
1.8936939
1.5419966
1.1622944
2.1235635
1.7260026
0.5366939
2.9398155
1.3309466
1.3763885
1.3654558
5.6516039
2.8846978
1.6472069
2.2492906
3.9350727
4.0540769
4.8840553
1.6545046
1.8275459
0.5986578
4.1062081
4.5063199
1.6264284
1.1562879
0.3737676
0.3227839
0.4246602
1.9771000
2.7950809
0.7945120
0.8672423
5.1534914
1.5494337
0.8556684
2.7144764
1.4906177
0.0959693
1.5030668
0.6165234
2.8353830
1.8548429
1.7762050
0.6885749
2.8025835
1.3887630
10.7992652
2.0094980
5.1468565
1.1418399
2.2606187
2.6374912
3.6405911
2.4298097
0.7247836
2.8880689
3.3611364
0.6905826
0.9039349
5.5995361
4.0357053
2.5981183
1.2140862
1.0253475
10.2973554
1.4621553
5.2168707
2.5881840
1.9152487
16.3041815
9.9831432
4.0362052
1.0963245
4.2109556
1.1841569
0.3868867
2.3948825
0.7913773
2.1422637
1.0984390
1.2158124
1.5634186
0.4692261
2.0456123
1.5165619
0.8621116
2.7498057
10.5697007
1.1964939
0.9819961
4.1153723
3.3495260
1.7327442
3.2798599
8.5938867
7.2737865
3.1391767
4.5966732
3.3163886
2.6579062
8.3815228
6.2353389
3.3565965
2.4947377
3.5065680
3.4756605
4.2581055
2.8300662
1.2847524
3.7206365
1.2132136
2.3114330
2.6524916
1.3797511
3.0709115
1.8460714
1.8536893
3.5213058
5.0815542
1.8198804
2.2175782
3.5711509
3.2187338
1.8243189
2.1889642
3.1113070
2.8675451
1.8075864
1.3479782
1.8770999
2.8918060
2.2382597
1.7654493
3.1271633
2.7416912
3.3680417
1.8762829
2.1470309
2.1374593
2.0201726
0.2690609
0.9533330
1.9670056
1.1639444
1.0489885
2.3674576
2.0658812
1.3053430
1.9469921
0.8268959
1.0579399
1.5280672
2.1521987
1.8115189
0.7236255
2.0438934
1.8225227
1.2794536
2.7976839
1.3992882
0.7841878
4.0585613
4.5266672
1.7081831
2.1952593
2.1985985
2.7662182
3.2516149
5.0443245
2.7641027
3.8062077
2.1702468
3.9202323
4.1059718
2.6782816
2.8515496
1.5818606
3.0844142
2.9415725
3.6680574
3.3233690
2.8470728
3.4506958
2.0127646
2.1666290
3.5764491
2.3722858
3.4283724
2.6011722
2.4334965
4.8830737
1.9004399
3.3751461
4.2525452
2.1433142
2.3503944
2.0794851
4.2912417
1.0174002
1.9074000
3.5279117
2.3320429
1.8549903
4.6733158
3.0190297
2.0187848
2.1277970
3.0828006
2.8059787
4.1815793
3.7893787
2.3351468
3.3024082
2.8142714
3.4985123
2.4305838
2.8317346
3.4877256
2.4946415
2.5220369
1.8972914
1.0744479
3.6253866
4.5323762
3.1991438
1.6310658
3.8558561
3.4601050
3.6223282
1.6843527
2.6469683
4.0467205
2.9682640
3.6856752
3.3200532
4.2595007
3.8607069
3.5856457
4.7114571
2.9887790
3.1745716
3.9393906
1.6500681
2.9145757
3.7069010
3.4938923
3.9038701
3.6487312
3.3283371
2.3995063
2.3693421
2.2669856
4.1575051
4.6164950
2.7523898
2.5259202
3.2628975
2.5710568
2.7945355
2.0081667
3.8007888
3.9114582
2.2723604
