1.3129890
1.7017461
1.6703923
2.2052979
0.8716870
2.0948548
4.0454109
1.5355763
1.7637649
2.3157729
1.4798787
1.3512964
1.0319479
4.6545457
1.4611633
1.5144340
0.9789474
1.5240006
4.5428078
1.8734942
1.8510655
1.3058169
2.2376630
1.1741120
2.2887942
1.5736183
2.6729645
2.0582956
1.5674763
1.1228899
2.6831325
2.5442844
1.6435876
4.9027763
4.1189273
1.8940376
1.2335411
2.0924035
2.7777797
1.5891211
1.6256155
2.3425409
2.3283777
0.7981573
2.7101911
1.5555116
1.2592160
2.9856699
1.8598508
2.8980273
2.5187483
0.8255692
1.9052855
2.5007542
2.3400223
1.3581590
2.1719283
3.9295138
1.6864993
1.5570187
2.5049643
3.6364280
2.3114171
1.9944024
1.6707537
2.3102070
2.1522433
2.1750208
0.8578328
1.4515898
2.0624987
2.0317832
1.1971034
1.6740478
0.9603434
2.0499730
1.9809332
2.1228624
2.4274694
1.8952924
1.8962529
2.9541430
1.2656287
0.5225863
1.5028539
3.2495085
2.4660582
3.5281775
2.5610829
1.8709154
2.5179623
0.9632536
2.3247891
1.3913407
2.7722326
1.7106628
0.8357911
3.1031313
2.9728678
3.6487184
3.4695354
2.2064606
2.7126832
1.8727001
2.1904139
1.7912339
1.9567463
1.9977899
2.4028949
1.5871692
2.2712920
2.4623547
2.1116997
2.8856106
2.3792857
2.6663054
2.1744406
1.9587289
0.9773360
3.1368095
1.4786553
1.7183096
1.3740693
2.0327882
2.4579332
1.4109634
1.0995522
4.2098308
2.1413303
2.2536719
2.9976600
1.8338117
1.2736956
4.0661122
2.0151488
2.4988795
1.7304966
4.0741367
3.2410001
2.1726327
3.2299536
2.0230813
3.7816236
4.0872297
6.2203057
2.4023994
1.7413210
3.8686048
2.9896998
2.8590010
2.8521029
3.0319122
3.5835970
3.4817063
3.6072717
2.5798543
2.1188581
2.0931765
2.2461798
0.8079611
3.0026626
1.4191170
0.6970812
4.4427709
3.8331114
1.5182066
2.6676515
2.9209112
2.2177597
2.4101508
3.7142309
0.9939013
2.9905308
1.7818037
2.4347967
2.1241438
1.3989860
4.0613593
1.8677360
2.9879729
2.8382005
1.0243491
2.6208952
0.9181214
1.3382006
1.5391453
1.0068742
1.7259566
0.7687896
1.0258850
2.5716737
1.4356050
1.3741731
3.3824097
1.5561453
2.1604003
1.4624227
1.3086558
1.4938768
1.4055154
1.1951249
2.0187264
2.0982703
2.4436787
1.1917537
1.1911491
0.7460086
2.3069102
1.7191401
1.8145795
0.8205999
2.1042906
1.5781485
0.9867315
1.3757949
1.4765556
1.9061760
0.9259340
2.7841120
2.5518215
2.3310710
1.1478202
3.6616153
2.8779665
3.3074965
2.2362801
4.1935926
1.8572160
2.7149095
2.2471063
2.0459764
1.2581495
2.1500640
2.3087132
0.8591105
3.2466209
2.4417648
1.6274281
0.9995104
0.5046354
0.6057364
1.6909943
1.4857407
1.8594791
2.5325636
1.4584228
1.8400170
2.9029088
4.1144367
0.8839291
4.5462113
2.2259927
1.3117221
3.0073678
2.6374489
1.3689528
1.2782124
1.3685002
1.4465899
3.3152034
1.9643434
3.5751247
1.8600260
3.4824404
4.3893582
3.7707523
2.5811149
3.1685780
2.5385596
1.3476098
4.0359399
1.7717662
1.7818463
3.4375227
2.3619989
3.8676767
2.9003610
2.5143939
3.0188964
3.3139184
3.9662244
2.0691951
4.6380900
3.2097979
4.8628138
3.1643975
3.6214005
2.3441100
3.9416803
3.5050182
3.1604484
2.8501038
2.4004184
4.1033341
1.5447371
3.8009253
1.4537090
3.6081996
3.4526073
3.2377146
3.0487461
2.2111313
1.4985730
2.7106874
0.4744938
2.5825544
2.4289891
2.5073406
2.6782452
1.5886919
1.7488939
1.2498236
2.3464172
1.6753881
1.3437172
0.8105306
2.3771048
1.1596598
1.0826573
3.6987492
1.0520359
3.1086323
1.4108960
2.8429350
2.5055515
2.3864808
1.3358171
1.8873415
1.4565232
2.4533939
1.9369929
4.8401826
3.1811091
1.1473769
2.7118705
2.5930702
2.6140535
1.4704105
2.0134055
2.6076051
2.4980275
1.9858106
1.2258616
2.4884491
1.7357121
0.7242246
1.6049279
1.7802575
4.6586175
0.9421936
1.7285456
1.8117838
1.8424646
2.2314548
1.5611037
1.1970787
1.8778661
0.7734717
2.7969840
1.6584996
2.6486894
2.5985527
2.4782613
3.1890348
1.3094029
3.3159078
1.0779242
3.9850002
2.0500809
2.1081836
2.2816964
3.0148059
2.2538959
3.4650131
4.1998868
4.5266770
3.4062767
4.2729839
5.1785723
3.9791224
2.0831749
2.7384310
4.5566573
1.2433271
3.7671163
1.3942189
1.7592099
3.8054838
3.4421740
1.9680825
2.5148289
4.7187365
2.7771242
2.6748213
3.7966340
5.4166294
6.7108652
7.1550552
7.1827428
4.7231156
5.6237370
1.0738642
3.1524690
2.9913435
1.4771277
3.7290222
4.4348780
3.4050530
3.8073337
9.2258341
6.3559930
24.0531429
16.6931000
14.6401310
14.1683600
17.9899405
1.0934569
14.1688794
10.4477671
15.1477739
8.8608247
16.3195860
10.1599744
7.3218450
18.0378634
7.2460512
8.1606276
9.3209447
4.9266221
12.7749028
6.8972413
13.2797145
9.5497678
10.2225238
7.8301567
14.3217460
8.8830576
5.5251147
2.5187511
6.4506317
15.9505333
1.7233408
1.2670685
6.2711193
7.5031663
1.5051702
4.2450642
3.9879454
5.6692909
5.2473695
9.0031982
7.5474261
4.8551172
2.6123975
4.7201964
5.7574589
5.1604713
6.5114422
2.9616024
4.2495224
4.9382570
7.1857477
4.2413195
2.1131293
6.7827633
2.1205731
13.3918936
1.8280694
3.2926952
5.0395435
4.0472386
1.3885535
2.9199251
2.0274831
7.5902597
7.0722436
3.7139744
1.8507166
8.6650018
3.8189833
2.8732592
4.2076427
4.4659902
5.2240996
7.0173928
5.9546495
3.5313697
4.8563037
5.9450554
3.5840529
3.8215256
4.5053025
5.5589354
0.9906056
2.3146896
7.2611635
4.2449626
2.6246338
2.1256210
1.6760142
3.5628081
0.5181040
1.3946441
2.7046588
1.5184811
2.8313830
2.6636077
1.4613644
1.3639487
1.2530850
1.4896208
1.0660439
0.9486472
2.5485830
3.7466214
2.2766752
2.3718295
1.2803490
1.7767041
1.8572328
0.9861350
2.0955156
2.9194777
1.8764016
0.7061786
1.6504771
2.3297872
1.8688000
1.5798574
1.7938513
1.9228799
3.4001768
0.9124439
1.2654964
1.4712070
0.9464024
1.9661620
0.9299219
1.7962558
2.2340398
1.4106247
1.6114492
2.2403634
1.5349725
2.6127540
1.3452710
1.8965592
3.2365074
2.5397632
1.4885225
0.9806353
1.0984282
2.3729711
0.6372461
3.0256719
0.9205771
1.2615760
1.2777166
1.8797454
1.4661885
1.6570370
1.5815466
2.2326298
1.9919091
2.7867383
2.3915976
2.5212404
2.4107545
2.2361763
1.2848781
1.6768260
1.2885101
1.9618784
1.9088825
1.2677186
0.5888185
1.8812449
1.2857023
1.1458209
1.4540308
1.4139165
1.1771729
1.5417740
2.9839164
1.5771339
0.5818226
0.8694646
2.6353866
2.4377398
0.9531242
0.9432154
1.1997536
1.8951111
1.0588152
2.1819925
1.1014156
1.5136730
0.9839345
2.0153168
1.8429521
1.4955924
1.2377233
2.7701183
1.2289492
1.3063752
2.1542495
2.3062748
2.1194534
0.8846025
1.3089961
1.9791321
2.7926708
2.2720805
2.2725779
1.7521640
2.6303860
3.4717217
2.3906748
0.8418484
2.4858411
1.5078691
3.2546024
1.7992465
3.2225525
2.7287237
1.7796086
2.0929352
0.7767612
1.8496692
1.8935184
1.8432715
2.9514886
2.1127929
2.8101310
1.6246447
3.8492451
2.8514797
2.5737364
4.3985869
2.2455968
4.1264855
0.9989441
2.3177100
4.2884655
2.2418710
3.8862978
4.4013427
2.2152610
2.0645699
2.9271950
3.6860416
2.2864750
2.9519465
4.0008212
3.4241777
3.0715838
2.6014041
2.8207991
2.6305204
2.6864611
3.7078620
1.7863381
3.0295709
3.2291087
1.4077224
1.3604579
1.7960327
0.9515209
1.2031836
2.2491380
4.3668195
1.6085866
1.1979299
1.6924105
1.4465429
4.5730352
1.6191020
1.7395451
4.1155489
1.2078638
1.2386177
2.6341047
1.7887376
2.1511806
2.1604644
0.8331990
0.9295057
2.7638320
1.2788941
0.8301711
6.3209257
2.5918768
2.7243655
3.2855364
3.3077778
2.3144689
1.2181355
1.0539062
1.8017185
1.2945311
0.6980697
0.8044780
2.2340769
4.6301803
1.2768814
0.9765598
2.7302728
4.3320513
1.3189864
1.8580514
2.1298528
1.1551431
0.5411939
2.2720153
3.6911055
1.2052988
1.6182738
3.1077522
3.0178261
1.3818863
2.2203473
3.7440867
3.8050032
2.5891765
3.6681220
2.0814618
3.2874707
3.2994564
1.6087352
1.4336644
1.5498550
1.7850379
1.3374944
1.5956927
2.4007318
0.5523507
2.7819043
3.4709084
1.7606716
2.0798297
1.0044336
1.7730050
1.8633540
1.9374264
1.8762204
2.8706755
1.2281686
2.9883325
1.8584301
2.7579954
2.0913839
2.5801994
1.7000293
2.0543391
1.6498998
2.6417378
2.4215248
0.9720737
2.7436492
3.8074471
1.8601398
1.7245310
2.2660007
1.0438974
1.8916295
1.4540755
0.9085573
1.8270901
2.2518335
5.5508418
0.6281471
2.4707365
2.1377390
1.1761028
1.0932008
1.9980930
1.9005429
1.1652910
1.2640350
1.1966697
1.3022559
1.4484892
1.5789072
1.8678269
2.4343985
3.5630551
1.8823326
0.9698704
1.7085763
2.4586725
2.6656788
3.5248998
1.3945184
1.4536575
2.4371049
3.1767952
1.9782201
1.0370495
1.4553756
1.8657310
2.0176761
3.0757697
2.5493080
2.9093654
3.8234118
6.3867786
4.3784842
4.2940959
5.4485746
1.3598506
3.4950433
1.4433053
1.5080996
2.5110290
2.8227589
0.8357893
1.6465555
2.4905161
1.1024789
1.8496935
2.1292949
1.5666790
1.3990288
1.7799290
3.8639712
1.0680179
1.2948738
1.4363761
1.5313474
2.5707778
1.4784736
0.9600555
2.9468854
2.2632882
2.5964791
1.8345835
1.3164446
3.0292701
2.2668082
1.9974693
2.4094022
1.4417661
1.7416519
4.0277276
3.0020407
1.8088054
2.3610926
1.4220615
3.0707614
3.3705168
2.5149651
2.8148798
1.9362031
0.7214478
1.1061084
2.0227743
1.3512571
1.2166864
1.5890141
1.9134473
7.8227999
5.3592780
0.5440616
1.1604787
2.3700643
0.8895874
2.4024720
1.3010475
2.0478588
0.9162664
1.4643792
1.9806826
1.4917983
2.1443424
1.7288782
3.0102262
3.1837077
1.0361068
1.8632635
3.7228265
2.0941308
2.0295484
2.6650851
4.2975304
1.1834210
2.3242081
3.9204459
4.0050251
3.3267308
5.4591756
6.2088687
1.1696655
2.5685777
1.5380243
2.9235503
3.9304043
1.6658283
1.4116635
2.5360739
3.9691048
4.4775959
2.9082621
0.5184467
5.0256535
1.2868883
2.9550460
3.5843189
3.7773192
5.2180384
1.9020888
4.7040887
3.4936767
3.0189939
1.2833826
2.4622953
3.5191866
1.6937610
1.1584480
3.1999915
2.7305794
3.2156831
0.6405052
1.3923985
1.6534342
0.8626016
1.2129913
1.9367692
1.2277999
2.0603985
0.8825123
0.9972141
1.2532405
1.1926195
1.7156514
1.2484730
2.0111265
0.9762235
1.8937252
1.6653001
0.3408223
0.2119987
0.9106974
2.0512958
1.0645794
2.0745865
1.0690134
0.9343637
1.5938679
3.0058259
4.8671654
1.1893769
3.7339452
2.8789587
1.3056067
0.6377689
2.8580152
2.0746452
0.8460157
0.5833168
0.6054287
2.6866662
0.9074162
2.2246383
1.4420041
1.7754202
3.4251768
1.6676909
1.7030639
2.8324542
0.6666172
0.7014167
1.3651952
1.2707243
1.7182551
2.3016210
1.5436264
2.0239808
0.7601853
1.1783500
1.4074557
1.3767221
1.6343993
1.0141427
3.0406486
1.8661221
1.9975373
1.1562936
1.6964786
1.1668264
0.7790136
2.6442649
1.4352677
1.7459304
4.0339749
4.3725976
4.6159819
2.7263821
1.5264430
5.0554186
5.9965590
2.1053784
3.8820994
1.8575295
1.9481460
2.0450102
1.7268979
1.4085757
2.8502862
2.5175465
2.9081021
2.2810403
4.9207687
3.9878231
4.4791526
4.2526856
4.5460603
2.4573822
2.5919431
3.7952398
2.9869700
5.7668392
1.6572342
2.5205955
3.3302334
3.7993609
1.9947458
3.2542741
1.6902255
2.2511007
4.5891050
4.0645411
2.8083935
0.9727490
2.2024071
3.7881317
2.7365231
2.2177290
3.9143157
2.6506314
3.5257211
38.7214271
2.7193527
2.4517487
2.0823969
3.6512276
4.3181896
3.4058228
1.7056518
1.9962459
0.4735066
2.9885858
2.5111776
3.3480210
2.2677820
2.2096332
2.5552992
2.0136493
1.6987731
1.8872549
2.7473984
0.5727711
2.6065041
1.2003380
1.5374285
2.3044104
1.2921846
1.0663905
1.5382694
1.5976949
1.2945916
2.3755291
1.3159977
2.2071315
2.5933724
1.3512682
2.8607362
0.8353123
1.6555506
3.0323815
2.6790408
1.5748171
1.7709606
2.0479408
1.5408561
0.6094656
2.3354848
0.8794863
1.5851147
1.3011645
1.5445272
0.6364004
1.7279712
1.6645756
3.3993608
1.1968970
1.5155086
4.8319403
1.8030036
0.7235440
0.8347351
2.0873956
2.4912359
2.3504929
1.1437158
2.0224753
1.5700606
2.1244576
1.4795817
1.9205808
1.6845416
1.6341454
1.0786328
0.4873419
2.7555863
0.7466386
3.9981687
1.7927004
1.1900134
1.4254196
2.7347373
1.5140773
1.6271442
1.1783795
2.4572749
2.1069987
0.7483859
1.2565327
1.9162724
1.7627361
1.5971267
1.5127214
2.2177931
2.3852019
2.3592983
2.3324593
2.0787766
1.8107264
4.2232183
5.7181553
3.6613820
2.0248685
2.3175344
1.9922276
2.6530347
2.7693188
2.6674481
2.7811452
4.7848492
4.9616501
1.3233418
2.6707997
6.1689445
7.2001756
1.9284670
1.8567538
2.4370638
0.7721191
2.3436535
3.0182388
1.1739145
3.5004836
4.1310698
2.6866016
2.4124417
1.5120321
1.5149475
1.4990678
2.9909065
1.5799486
2.8258892
0.6937248
1.9497159
1.9553303
2.4414068
0.3696662
2.0855887
1.2818308
1.6329929
1.7134753
1.5092571
1.8206285
1.2322869
0.7635489
1.8900649
2.2526956
2.9628105
1.6465033
1.4853725
1.6864630
2.4860629
2.5536393
2.3591790
1.4730813
1.1780089
2.5977620
0.7189692
1.5975677
0.9909637
0.9617230
1.5136718
1.3592463
1.6192992
1.5246193
0.7839191
0.8616521
0.6315404
0.2119015
2.9682690
1.5433625
2.5418687
2.3857430
1.9830145
1.1469198
2.1815442
1.2383590
1.3629465
2.1642152
1.3265882
1.8182076
3.6144869
2.3408137
2.8575101
4.2942560
1.7636922
1.7105628
2.1910500
2.3130318
0.8152473
1.8764456
1.1606787
1.7660307
2.5597613
2.2703245
1.4866495
1.8238500
3.0980126
5.0793959
3.2511350
3.4454345
5.5909011
3.6454269
1.6987912
2.2354127
4.2969348
1.8464254
6.2046492
3.7381353
1.2625897
1.7384384
1.6731613
2.4542697
1.7213816
4.4010016
3.8113557
2.9769360
1.9526583
2.7043808
4.3011483
3.8837757
3.5341135
2.1145101
3.1023707
8.1847842
8.2418566
3.6963589
5.6639155
7.6265803
5.6701453
4.7821428
3.3099606
8.8133902
3.6206453
4.8697417
4.0503652
6.2271932
6.5805847
4.8086705
4.5376620
4.9343162
5.4160242
7.3400444
3.0853394
1.3662265
2.9535983
2.9830455
1.4691941
3.3932738
2.1152635
2.7982734
2.4700227
1.1636132
1.6315970
3.7412689
2.9275548
2.3643972
0.6131467
2.6767964
2.2262074
2.4702444
3.1579397
1.3895431
3.0467733
1.7316707
2.7389781
1.1356148
3.6506874
3.7822672
1.7099643
1.5481130
2.0804586
3.0999684
1.5754525
2.5702863
3.0032120
3.1444999
1.2666474
1.8347491
1.9493365
2.7412375
1.5501835
2.6724961
3.9582198
1.0972014
1.6002054
3.4877042
1.7139928
1.9317006
1.1203606
2.5561856
1.1798875
2.3422014
1.5184456
2.6657146
2.0122669
2.2250520
1.4118052
2.5237337
0.9250130
1.9298787
1.9337218
2.2074500
1.2355989
2.7811735
2.7227195
2.4516716
1.7919918
2.5557109
2.6713930
1.9372229
1.8300605
1.9805739
2.0746723
2.8093887
2.7858923
3.1563477
4.6183260
2.5661028
0.8727561
4.1644756
2.2734999
0.9470217
2.2131671
4.4017117
1.2742272
3.0819995
1.9405784
3.8632136
1.8750250
2.2710316
0.7020019
5.5479450
1.4539012
1.9679408
1.4019727
1.5153782
1.0581493
3.2498031
1.7756232
1.2260837
3.0908578
1.7340594
2.9393986
4.7323558
3.4191748
3.9569468
2.2119290
3.0529480
4.6679742
2.6794695
1.8396493
3.6469625
4.7624238
1.3059334
1.7121089
0.8758711
0.9349287
2.0040271
2.0021052
6.1320581
1.5835602
3.2773996
3.0275508
2.3559546
2.2432356
2.2670477
2.8928414
2.6474481
2.7678960
1.9626511
1.7851723
3.1863750
2.8742215
2.5596843
1.3830945
2.5554615
2.1455987
3.4368677
0.8549374
2.2043575
3.2500716
1.7433370
2.0885282
0.9729718
2.3397554
3.1025982
2.1045287
2.1982366
4.7488493
2.6260154
2.4518454
2.5617648
3.3944363
2.7081388
2.4990024
2.9236864
2.2392881
3.4630846
2.4853860
3.6220578
2.6385489
3.0902187
2.4138766
4.9117649
4.8500305
4.0085494
3.2275543
3.3372423
2.8665567
2.8386871
4.1289509
2.0721342
2.0814500
3.8479695
3.3341234
6.3995584
1.8897140
1.8771317
1.4345710
1.8396522
2.7279057
1.9472903
2.3115737
2.9109716
4.2155793
4.5582521
5.7961445
1.7515827
4.2094135
2.6806118
1.3937769
1.4812560
2.0722521
1.5642661
2.5179412
0.9779007
3.6076926
0.8405602
1.0337631
1.6984945
2.9276414
3.4019554
2.1894656
1.1499695
1.9079767
0.9586698
0.8388059
3.1721094
0.5013487
2.4603051
3.0202506
2.5767272
2.4453959
1.1543123
1.7829051
3.1459449
3.8957376
10.2804901
4.5709795
4.9325656
5.1883922
3.1040113
3.0279954
5.9036420
1.6647094
2.7529377
1.2542297
1.1315334
2.0968466
3.9907874
4.4722828
2.5474622
1.4183775
2.6935355
2.1808627
2.0380144
2.8544524
2.6896210
1.5854428
1.3799525
2.7554322
2.2368773
1.5858364
2.1525923
3.7541873
1.2196733
2.7669222
1.9607238
2.2401237
1.7039423
1.6900434
2.3075591
2.2153310
1.4777026
1.0851225
1.0118512
1.2106089
1.5255142
2.4632798
2.7747886
1.2523297
1.9326707
2.3490102
1.7268689
1.5092075
1.6550097
2.8137569
1.7369774
1.0974908
1.3757034
1.4566047
2.0313420
1.6110662
1.6726222
1.5652789
1.7398475
1.4455138
2.1015780
2.8131380
2.5067471
1.8106999
1.5224404
1.5255430
