23.4614114 27.3512457 2.4662757
25.2165741 28.7995698 2.3426848
23.4845571 26.2655234 2.2681118
22.1481316 27.4746471 2.2091423
23.5746278 28.0904723 2.4189467
24.2086566 28.4592422 2.3614700
23.2839266 27.6655404 2.3027357
26.0095955 28.2402984 2.3078240
23.6904730 27.9041135 2.3691717
24.0504422 27.4333467 2.5935504
24.4682572 27.7998143 2.2299951
23.8737170 28.5362676 2.3418986
23.8110449 27.0418047 2.3712978
23.8379802 27.7845409 2.3761894
23.7379495 28.5908593 2.3654427
23.8209354 27.7297678 2.0833078
24.3454861 28.5423973 2.4061067
24.2535451 29.2387987 2.2362359
24.3878629 26.8262526 2.2979318
24.8347789 29.2636899 2.2050647
22.7963484 25.1950197 2.3412364
24.7723914 29.6506352 2.1221887
24.7000938 28.2241515 2.5371215
23.9606642 27.2755598 2.8884745
23.7823182 27.8273081 2.0577387
24.1727614 26.3048735 2.5747767
24.0055150 26.3538950 1.8785340
23.6689216 26.5944135 2.6540442
23.4157954 26.5860921 2.5800706
23.8903837 26.5524715 1.5529998
23.1203949 25.9554518 2.5184217
22.9765004 27.2315863 2.2967298
22.7794383 25.0751793 2.3697243
23.1668571 25.9902703 1.9493971
22.8720501 25.5263074 2.7545283
22.8016670 26.8412019 2.3395408
22.3123164 26.8150055 2.1851123
21.8362591 25.2934300 2.7144083
22.3610483 24.8028083 2.1566019
20.5838196 24.9767523 2.6519923
21.2394144 24.6139621 2.1934885
20.9617169 23.8091907 2.0382237
20.1000619 23.4179916 2.4074172
20.5410017 23.1935403 2.3935672
20.0805258 22.9692585 1.9034463
19.8376613 22.0733843 2.3605888
20.3645319 22.9026584 2.5280157
19.0608882 23.2925220 2.4892970
19.5688014 22.2513864 2.4018149
18.9703448 21.0598601 3.6267870
19.4003447 22.1685523 2.5325376
16.9842324 21.6338899 2.8514097
16.3777764 20.5363392 2.9649649
17.0000375 21.3180877 2.6022999
16.3776655 19.7530735 2.2356383
16.3330936 21.6250596 2.4347928
16.1764864 20.4767571 2.2588522
15.2951574 19.2741784 2.3674944
14.7892394 19.2418475 2.3286337
14.3790848 18.4532069 2.8475314
15.0719657 17.5511953 3.1776029
15.2562526 16.4504106 2.7244677
13.1352270 17.9772933 2.5152937
13.8616853 17.2019311 2.3099933
12.8210898 17.1769005 2.5314294
13.7565841 17.2704364 2.3210902
13.1473101 15.9968990 2.0960164
12.9515979 16.7478770 2.5374802
12.0477784 15.3579274 3.2373628
12.4005153 15.1237450 2.7503565
11.1779335 14.4123903 2.9008804
10.9383006 15.2554584 2.5722845
10.0798270 14.0735740 2.7272195
10.0005101 14.8352300 2.4916877
8.8086842 13.5016195 2.8865106
9.4912385 14.0426177 2.5716092
8.3570658 13.0095455 2.8556269
8.7126827 13.3162492 2.4104792
6.6297604 13.7966978 2.1503432
7.4416122 12.2043736 2.9916706
7.7667285 11.3048907 2.2764068
8.8043016 11.7628786 2.2742009
6.4306517 11.4028827 2.5018307
6.8902187 11.2166153 2.9954161
6.3582702 10.1339887 3.0351811
6.2382812 8.9334163 2.5564902
6.4770803 9.1206805 2.8494469
4.3589119 8.1135725 2.7298205
5.9311634 10.9123507 2.7726973
4.4136540 9.5290669 2.4674021
3.2720347 8.4308277 2.3757467
2.8220099 7.0648665 2.5649956
1.8679374 6.7933289 2.3444504
2.5295200 7.0482850 2.3725666
2.5098377 6.5261237 2.7040653
1.0763799 6.2616463 2.5446894
1.2159531 4.6973385 2.3152515
1.8101057 5.1070736 2.5537514
0.6857506 4.6267178 2.4005962
-0.9549869 4.7334649 2.8520236
0.0236846 3.0493713 2.4316679
-0.4055957 3.2556488 2.5188194
-1.5476972 2.7766380 2.5264371
-0.1924376 3.1273972 2.3314716
-0.5609371 1.1471242 2.3021485
-2.9567389 1.8257949 2.6183195
-4.0994923 2.0239730 2.6600942
-3.6404476 1.6634116 2.4518137
-3.1409265 0.5340682 2.5729424
-4.7292079 -0.1010431 2.6280238
-4.6741823 -0.8241312 2.0570264
-7.4300775 -0.2072718 2.5113939
-5.3300020 -1.4813853 2.6006528
-7.2543735 -1.4911887 2.5741024
-8.0176424 -2.3694077 2.4965570
-7.0050239 -2.1853666 2.3763285
-8.1924031 -2.7946924 2.4307613
-9.9273848 -2.1565640 2.6430566
-11.0127203 -2.0127253 2.3939904
-10.1191650 -4.7756648 2.3496011
-12.2292095 -2.4948831 2.4450185
-11.1307142 -4.7961559 1.8230787
-10.7450211 -5.5062433 2.5462115
-9.7385859 -7.9191645 2.3829912
-13.4044227 -6.4569638 2.2365185
-12.9802707 -7.5073524 2.5189787
-14.6489359 -6.3369949 1.8462263
-12.6731742 -8.4110103 2.2352984
-13.1859411 -8.5405158 2.1633620
-14.8089316 -9.5091854 2.2134247
-14.1255484 -10.0755254 2.2117919
-13.8782672 -9.0858570 2.3602388
-14.7281120 -11.5393610 2.1745055
-14.8451252 -10.6339032 1.4019623
-16.9448862 -12.4819708 2.2632893
-19.6114870 -10.9902810 1.7693567
-18.1780831 -12.3023687 2.5815244
-18.8153621 -11.9703833 2.4498724
-19.3934436 -13.1516702 1.8307914
-18.7748546 -13.5069515 1.6703205
-19.3163861 -13.9504824 2.2585820
-20.9875654 -14.3902717 2.1828319
-20.4551181 -15.2259899 2.1254001
-19.5431516 -14.5384300 1.8041380
-18.8020736 -14.1557723 2.0799047
-22.9592751 -14.7985493 2.0350472
-23.0307894 -15.8315679 1.5982089
-21.8427424 -17.7806195 2.1555100
-23.0581829 -18.1958520 1.9443695
-24.4646242 -17.5343745 1.7589149
-23.2964416 -17.9529957 2.0353709
-24.6951076 -18.4517836 2.3956825
-24.3863781 -19.5950496 2.2249849
-23.5064959 -19.2404727 1.9003747
-26.2898199 -20.3278803 1.9953877
-27.0804760 -18.8805034 2.2358389
-27.9946694 -20.2276434 2.2627559
-27.7956819 -21.0733113 2.0427585
-28.9102486 -21.3476690 2.2678513
-29.4755922 -22.3895025 2.3288927
-28.0801027 -21.5095125 2.1720520
-31.8740102 -22.6319297 1.8670464
-30.3412769 -22.9302368 2.2329025
-30.1107235 -23.8162334 2.3279094
-28.7241554 -25.0216714 2.1240411
-31.5288604 -25.2220960 1.8916906
-31.2153863 -23.9658514 1.8858161
-32.4947140 -24.4041816 2.1383915
-32.1990201 -25.6955981 2.0929425
-31.5548715 -25.7443767 2.1191779
-32.7197751 -26.6463181 2.2524917
-33.7231549 -25.8332200 2.1436215
-34.3297021 -28.1834824 2.1504070
-33.9667860 -27.4982497 2.2840994
-33.1930715 -27.6114308 2.2314594
-34.5266187 -28.9706405 2.1803389
-35.4844861 -29.7802085 2.2979634
-35.7324015 -29.9258804 2.1976683
-36.8730090 -31.4920944 1.8456603
-35.1252546 -30.8019841 2.2084582
-35.1100862 -31.3225202 2.0060288
-36.5742667 -32.7516975 2.0970615
-36.5323561 -32.1466092 2.5607406
-36.9550638 -33.2585786 2.0681432
-35.8954375 -32.7181651 2.0607914
-36.8630010 -33.1808803 1.7188305
-38.9455928 -35.3245280 2.1310487
-38.5773889 -35.0056542 2.0647642
-38.1454408 -36.5018235 1.8919423
-37.9698392 -35.0570429 2.3136239
-38.7083855 -38.0289761 1.9798894
-38.8011848 -38.0528260 2.0731146
-39.8243991 -38.7011918 2.0815554
-39.4223551 -38.7548457 2.0931986
-41.1875546 -40.3225846 2.0918887
-40.8861662 -41.3974528 1.9883238
-40.6644276 -41.9757025 1.9754116
-39.7683906 -42.7093881 2.0136709
-41.7372218 -43.4291449 2.0469965
-41.3470989 -43.4538361 2.0900769
-41.2503689 -43.7377692 1.9633392
-41.0497020 -44.8679036 2.0411540
-41.6264916 -47.2143742 1.9843773
-42.4223618 -46.4753319 1.8878594
-42.1742161 -47.4168236 1.7087059
-43.2145470 -47.7184210 2.0968040
-44.1332843 -48.8853711 1.9411429
-43.7574954 -50.1276198 2.3138888
-43.4534107 -50.1918179 2.1088360
-44.3674260 -51.6572222 2.0829411
-43.6816406 -52.0781674 1.8127404
-43.9993850 -52.3246159 2.0409955
-44.4736203 -53.3094548 1.9057822
-44.9336483 -52.7653267 2.0736700
-45.3718885 -55.4459713 2.0999856
-44.9168342 -55.5771912 1.5503990
-45.5817829 -56.8872944 1.9024721
-46.6548583 -56.9726137 1.7288259
-46.1792973 -58.5753889 1.7976126
-47.1046935 -57.8984482 1.9433662
-47.1856600 -59.3574792 2.0829777
-47.6250852 -60.3253722 2.0587579
-47.5822385 -61.6788440 2.0065485
-46.8470145 -60.5915703 1.8775109
-46.4887224 -60.6627136 1.8412369
-48.0122611 -62.6925333 1.8915766
-48.2025823 -63.8822888 2.1621625
-48.3565141 -64.4738841 2.0136732
-47.6746147 -62.3619029 1.8159181
-48.9281466 -65.9220304 1.9516398
-48.0775880 -64.5416649 2.2192498
-50.1104098 -67.4458845 2.2460885
-49.9238107 -68.3328953 2.1036720
-49.9417773 -68.2725121 2.1223997
-49.3383097 -68.9172761 2.1082345
-50.2103932 -69.1869188 2.0040216
-50.4474255 -69.4295578 2.1498182
-50.5964605 -70.2088424 2.0070820
-51.2811153 -71.6703487 2.0007579
-50.5448607 -71.6157689 2.2580730
-51.2408482 -72.0606668 1.9058740
-51.2611249 -70.2346388 2.0304881
-52.3429321 -73.4637951 2.2339436
-51.7339245 -73.2559247 2.0542426
-51.7856222 -75.1387305 2.0947879
-51.3745084 -74.4166928 1.9449588
-52.0879039 -75.4796534 2.1266718
-52.6400306 -75.0459769 2.2369068
-51.8321876 -76.4574508 2.5157003
-52.3056219 -77.6460890 2.0892672
-52.5077366 -77.7602067 2.0297251
-53.1320935 -77.7695272 1.7449551
-54.3122471 -79.4483179 2.0633600
-53.4769823 -79.0253221 2.0263984
-53.5704911 -80.0653417 1.8917999
-54.9587861 -79.2239602 2.0282191
-54.5717651 -80.5463068 2.1961067
-54.7469525 -82.7280392 1.7757924
-55.3154866 -84.4326309 2.4884332
-55.3550742 -84.4826415 2.0384076
-55.8073390 -85.3887618 2.0203232
-54.4533095 -85.9319792 2.1035301
-55.3474482 -86.0779994 1.9112980
-54.6410329 -85.5493644 2.0092878
-56.1921765 -87.4736581 2.5939985
-55.6152100 -88.9036051 1.9306125
-56.6542633 -89.1839901 1.9762108
-56.6891887 -89.0998192 2.1814622
-57.1844745 -89.6489359 2.3164526
-58.2559492 -88.4916214 2.0030210
-57.1435751 -91.3991340 2.0196608
-58.4383891 -92.1931893 2.0055620
-57.3666478 -93.2014991 1.9534941
-60.0010457 -94.7469191 2.2462457
-59.8637705 -95.1444156 2.3465013
-59.6121859 -95.2251273 2.2299401
-60.2713056 -95.0463685 2.1848595
-61.2200348 -97.3282661 2.2420389
-59.7341950 -97.3192524 1.8669871
-60.4981174 -98.3106259 2.2733891
-59.7642600 -99.0423307 1.8552566
-61.7539302 -99.3419156 1.7090386
-60.8534531 -100.7456643 1.5930421
-62.4671362 -100.0483958 2.2561499
-60.8040576 -102.1007170 2.3377133
-62.2819106 -102.6460805 2.4146818
-62.9119449 -103.3631793 1.8327583
-62.4059850 -102.3376148 2.2738671
-64.3813266 -104.2393878 1.9936882
-63.6112688 -104.8511150 2.3912840
-64.0764742 -105.7089616 2.1904315
-63.2113981 -106.4965487 1.8059468
-64.6808832 -106.8438492 2.2131277
-64.6001158 -107.3991015 1.9860259
-63.8914919 -108.3784011 2.5428087
-65.5378007 -109.5438555 2.4171874
-66.4455492 -110.9760019 1.3866745
-67.2118631 -109.6534975 3.6179470
-65.9470276 -111.3715897 2.2335276
-67.2314250 -112.0145898 2.1790325
-67.6426686 -112.4519384 2.1741306
-67.5531871 -114.0752747 2.0266391
-68.0229266 -112.8059156 2.1066823
-68.9913838 -115.0676230 2.1552662
-67.6981628 -116.0094222 2.3539847
-68.0894459 -116.1921562 2.7267886
-70.1301582 -117.2721461 2.6119388
-70.4486570 -116.9240825 1.9311003
-70.0097768 -118.2582447 2.4915299
-70.4183394 -118.7034361 2.5997677
-70.8549268 -120.0404957 2.3824967
-70.2786605 -120.7190348 1.6815010
-71.5753665 -121.4248492 2.5504855
-72.1501588 -120.1647694 1.7905201
-72.1254152 -122.6504894 2.0821597
-73.4564239 -122.3075965 2.3117673
-73.9515969 -124.1382103 1.7805796
-72.2445334 -124.8233344 2.3150530
-72.9187293 -126.1996621 2.1782150
-72.6836073 -126.2070812 1.8415413
-74.6512891 -126.7410004 2.1096198
-73.0830812 -127.3962199 2.1735303
-73.2618701 -127.7728978 1.6438053
-73.4969592 -128.6515400 2.1956170
-74.7783349 -129.6129993 2.3913875
-74.1937524 -130.8037511 2.2657431
-74.6717491 -130.5052585 2.4645637
-73.6723314 -131.4114999 2.3652900
-74.8617076 -131.8746722 2.4909186
-75.7849107 -132.9379724 2.3600359
-74.4033011 -133.1860710 2.5617124
-74.2661007 -134.2150906 1.8818856
-76.0151108 -133.7376345 2.1652775
-76.1045385 -135.5672295 2.2946900
-75.9541465 -135.2376857 2.3332271
-77.2268907 -135.6285477 2.1920573
-76.3715491 -135.5823361 2.0390249
-77.2353490 -136.8444982 2.2738750
-77.8759590 -137.8184963 2.4025568
-78.1978560 -136.4384752 2.1942585
-77.8377154 -138.0377202 2.5356776
-77.3034715 -139.3922478 2.2128813
-77.6606746 -138.4039649 2.2335913
-77.1031625 -139.9414920 1.9967511
-77.6095680 -139.8384375 1.6861385
-80.0952894 -139.8502401 2.4087662
-78.6784035 -140.1385470 1.7414153
-80.0530849 -141.0768859 2.1331590
-82.6937213 -139.2371392 2.6768077
-81.3124649 -141.4557503 1.8622367
-82.1601290 -141.4748936 3.6183915
-81.9263831 -142.7688085 2.1855506
-80.8226435 -143.4175445 1.5558527
-81.1471759 -143.6343715 2.4712915
-82.0697504 -143.5263796 2.3927651
-82.7869723 -144.1149303 1.9221288
-82.4046270 -144.1324324 2.7119741
-81.6101096 -145.4471743 1.6680290
-81.1837807 -146.7762246 2.2734012
-81.6787204 -146.9638047 2.1029059
-80.1201690 -147.9860670 2.2539098
-82.0014733 -146.8537072 3.1438035
-81.4282553 -148.0318451 2.5050094
-81.3574994 -148.6798721 2.1031388
-80.9117022 -149.2283230 1.8234515
-81.7036641 -149.3418660 2.4273947
-83.8667599 -148.5569093 1.7162926
-82.3217592 -151.2701253 2.3666368
-83.9039749 -149.2003861 2.2169556
-82.5614697 -151.0050435 2.1619007
-82.5326669 -150.6981638 2.2201245
-82.7114973 -151.9199101 2.1228076
-82.9834386 -152.2272945 2.4167880
-82.4741958 -152.1959628 2.7589311
-82.2956005 -152.4592612 2.9550387
-82.9383868 -153.1343641 3.1655388
-83.1402421 -153.1559377 2.5446941
-84.2517375 -152.7108394 2.5620330
-84.3620060 -153.7116088 3.2485698
-83.4342884 -153.9934584 2.7119652
-84.0749006 -154.7725349 2.4011474
-83.3871025 -155.2658242 2.7039785
-83.0977726 -155.7180671 2.5306589
-83.3212183 -156.4978091 2.7308580
-85.1622410 -155.1760457 2.9731712
-85.1082427 -154.8504426 3.1711928
-83.3237983 -156.6453986 1.9720600
-84.6274538 -156.6619024 1.9918898
-85.4247647 -154.3742044 1.7378738
-83.7720808 -157.2723432 3.6973462
-84.8810358 -156.9088720 1.7928914
-84.6462601 -156.8223917 2.4825736
-85.9462097 -157.2905042 1.8171075
-84.7607604 -157.2162193 2.2423790
-86.5204770 -155.6196946 2.3944663
-84.0538369 -159.0335932 2.7219965
-85.2523778 -158.5920315 3.4073966
-86.7420484 -157.5902998 2.5657035
-87.4306638 -157.9375374 2.6356425
-87.0359941 -158.3728735 2.5348188
-88.3945894 -160.8851347 2.9729516
-91.0625691 -156.7522566 2.2071521
-87.6855585 -158.7762984 1.6691632
-89.6637367 -159.0066992 2.7819910
-91.0369017 -159.6084124 2.4199634
-89.3642949 -158.3033492 2.9075536
-91.1684995 -158.1879182 1.8170329
-90.0155460 -156.9794533 2.3643328
-89.5943158 -158.4667712 1.4326558
-91.0005050 -150.3800230 -1.5770278
-90.8971108 -157.8142702 0.9288280
-87.3699003 -152.3798804 1.4629159
-89.4843424 -154.6108785 -1.0547486
-89.2006218 -150.2476389 2.6278304
-89.8669771 -151.9060700 -1.7220869
-89.6409820 -151.5256283 -1.7983250
-91.2519905 -156.7266595 0.0709847
-88.9106053 -154.6093003 -0.9967093
-91.4142503 -160.3966318 -2.3477890
-93.9980491 -161.2732193 -0.1571015
-92.8779555 -150.4658433 -3.8990277
-90.7176536 -156.3254463 0.8845650
-95.9162944 -158.9485662 1.0402692
-95.5167770 -157.6407516 -0.4860175
-95.2100733 -149.7868750 -2.3793725
-95.3993404 -155.5535397 0.1158523
-93.8591480 -155.1554227 -0.3816247
-97.7161397 -157.0432979 -0.0897664
-96.5193327 -154.0552691 0.4978245
-100.9105012 -160.1782150 1.5104206
-98.5639299 -153.0113775 0.7761723
-99.3689894 -153.6944003 1.3058594
-99.6307805 -151.5208977 -0.0291472
-102.2879004 -156.7098677 1.1193305
-100.5976046 -152.2798705 0.8940133
-102.0410679 -154.2035970 -0.0849831
-105.4699314 -159.0557977 0.1651469
-101.9007271 -152.0598609 1.3730584
-103.4227132 -152.8793188 0.1610240
-101.6027469 -151.1208724 0.4348288
-105.5526314 -154.8377427 -0.1518356
-101.4656210 -152.5315027 -0.0097016
-101.8735473 -150.8330371 -0.3006676
-103.2306935 -151.6158783 -0.7898143
-102.9124368 -151.5210881 0.4327579
-102.2150804 -151.6984909 0.3202115
-104.2890261 -151.1924180 -0.4835847
-100.5962004 -149.8860741 -1.1802271
-103.4110114 -149.2796668 -0.6774131
-104.3970015 -148.5899891 -0.5974270
-101.9014984 -148.0451538 -0.6601352
-104.2406410 -146.9270645 -0.0839611
-102.7807749 -147.4882163 -0.7234725
-102.3524292 -146.4185766 -0.5904088
-104.1609360 -146.1835267 -0.8445026
-103.3839472 -147.6970567 -0.6882743
-101.9077022 -145.0629105 0.0961286
-101.3609675 -144.0063078 -1.2136902
-98.9753579 -143.7112175 -0.7410900
-102.3520251 -140.0819230 -1.4478847
-101.1425453 -139.4595444 -1.8701955
-100.7898922 -142.3731590 -0.9129365
-99.5721240 -140.3602955 -1.5646859
-98.7077940 -138.9217387 -1.1789882
-102.0822964 -137.9437617 0.2472784
-100.2820819 -137.9083521 -0.2006297
-103.7614395 -135.2944946 -0.4005084
-99.2409191 -136.8041856 -2.6863305
-100.8267819 -136.2490805 -1.3111039
-101.9903342 -136.0941017 -0.9482887
-102.4513474 -136.6946036 -1.3658726
-102.0486208 -135.4040979 -1.7847316
-103.7328163 -137.4911293 -1.5767397
-101.3177037 -134.7176353 -0.9804330
-103.2413340 -135.5846083 -2.0767615
-104.7453057 -133.8569186 -1.5590049
-102.9377676 -132.8376489 -1.7442264
-102.9252386 -134.6678348 -1.6918891
-103.4830709 -134.3922505 -1.6505962
-103.1907695 -133.0059500 -1.5978049
-103.2071756 -132.3844428 -1.0471604
-103.8774781 -133.5552612 -1.0250159
-103.0699376 -132.0602466 -1.6530246
-103.3370466 -131.4970489 -1.2291452
-104.9788374 -131.7352372 -1.4361752
-104.7081495 -130.9889942 -1.5252400
-104.4553585 -130.6641869 -1.3488490
-101.5690935 -127.4903740 -1.7196606
-104.7549764 -130.3429142 -1.6360759
-103.2987284 -129.2315472 -1.4851314
-104.0282066 -130.3435919 -2.5830631
-103.7067211 -130.6760366 -1.4504454
-105.0078684 -130.7017636 -1.6418876
-104.1120949 -128.5556330 -2.1030689
-105.0145415 -125.9751685 -1.6766300
-106.6912288 -130.8997546 -1.5989856
-107.7236670 -131.6930559 -2.3002602
-106.9549976 -130.8542780 -1.9509902
-106.7520823 -128.7646509 -1.3148760
-107.0451158 -124.9731897 -1.6375401
-106.2280548 -128.5561680 -1.2463236
-108.9635873 -129.4356131 -1.8018701
-107.2065588 -126.9866648 -1.8599107
-106.2956774 -126.5727137 -1.0702130
-106.3909538 -126.6026882 -1.1358240
-107.0997897 -124.4648743 -1.6126821
-104.2116186 -120.9492093 -1.9261903
-105.0744741 -122.9773628 -1.6399500
-106.0876708 -122.4743847 -1.5847856
-105.8950604 -122.1306113 -1.5108167
-105.3373294 -122.5571012 -1.7305182
-107.1723206 -121.4126065 -1.4090041
-106.3663959 -121.9010966 -1.6382565
-106.2847786 -121.6886558 -1.3243427
-106.8069447 -121.9252438 -1.2999326
-105.2597169 -117.8343664 -0.8058235
-104.8125436 -117.4435623 -1.9082428
-104.3473722 -118.2967326 -1.3275785
-105.2820853 -118.2558753 -1.2711659
-103.4265300 -117.7919018 -2.3004715
-105.5697919 -117.2036858 -2.0833869
-103.4853251 -116.3203409 -1.6316988
-103.2342901 -115.6092011 -1.5422124
-102.9446758 -114.9850199 -1.5650252
-104.2050907 -114.7023636 -1.7334968
-104.3664529 -115.9433938 -2.0926025
-104.1014564 -114.2047830 -1.5772890
-103.7360857 -113.8931746 -1.7109054
-104.6630649 -114.8372617 -1.6501057
-103.0043515 -114.5223205 -1.4841323
-102.6047572 -112.5342992 -1.0848173
-102.9489812 -112.3203883 -1.4059985
-102.6253607 -109.1623405 -1.4513199
-102.4543262 -109.5041689 -1.8555431
-101.6548695 -110.1777623 -1.5314656
-102.0573327 -108.7603956 -1.5867989
-102.4113225 -107.3295721 -1.8785344
-101.3279297 -106.9857093 -1.5564845
-102.9758223 -108.0159143 -1.5058964
-101.9096402 -107.9504584 -1.5184311
-101.2110485 -107.0724985 -1.7711782
-100.3530431 -106.5490720 -1.3396165
-101.2070243 -105.8711062 -1.6075642
-99.9078120 -105.3780201 -1.7232520
-99.7529450 -105.8292956 -1.6817114
-99.9534768 -105.8486866 -1.3999021
-100.5698958 -103.2730681 -1.6384711
-99.2459602 -104.2639182 -2.4013804
-99.3237036 -103.9804253 -1.6588713
-98.6188198 -103.8955984 -1.6691112
-99.4499886 -103.2904513 -1.8548108
-98.7629682 -103.0097199 -1.5175862
-98.0601359 -102.8274093 -1.6054165
-99.0407160 -100.6223567 -1.8347123
-99.1036076 -102.2246720 -1.8088834
-98.1853977 -100.6027186 -1.3539500
-97.6936475 -101.3478377 -1.5489106
-98.5049720 -100.1344502 -1.9045631
-97.7659566 -98.8268884 -1.6162672
-97.8338346 -99.0214000 -1.5041076
-97.3430719 -99.4608884 -1.7285617
-96.9368038 -98.0817300 -1.8178397
-97.2891411 -97.2084737 -1.8302775
-97.9664948 -96.9452333 -2.1050659
-96.7576296 -95.9719175 -1.5884353
-95.0842326 -94.1752295 -2.3365733
-96.6474187 -94.9721303 -1.9861735
-97.2973761 -92.1451755 -1.8696242
-96.5362403 -93.0859391 -1.8511648
-95.6088667 -93.7322955 -2.0601694
-95.3175744 -91.9015757 -1.8111751
-95.6977035 -92.8128143 -1.4810419
-95.2032728 -90.1494868 -1.8268730
-95.0371955 -90.3089179 -2.1552354
-93.2881789 -89.1483839 -1.9380852
-95.2981324 -88.2035599 -1.7821748
-93.7841306 -87.7955045 -1.8754757
-94.0791237 -87.8512792 -1.5775606
-92.5949455 -86.4520555 -1.8753236
-91.9576701 -85.4623107 -1.9280733
-92.3581228 -85.6202955 -1.6809581
-93.6851279 -83.2134483 -1.7567239
-93.2542728 -82.8910505 -1.4020702
-92.5306335 -82.4066676 -1.7998588
-91.9606146 -80.9325173 -1.9070342
-92.7735326 -81.5516281 -2.0578052
-91.8967834 -81.1749683 -1.7829871
-90.6160873 -80.1299458 -1.8160407
-90.4878963 -80.8003931 -1.5887019
-90.8931462 -77.3415496 -1.6740576
-90.1559182 -78.0582012 -1.7833383
-90.6579043 -77.7937524 -1.7778929
-89.2512625 -78.0555803 -1.7737238
-89.8487258 -77.1354721 -1.8806021
-90.0663385 -78.2209134 -1.7985567
-90.3284710 -76.0113645 -1.8712528
-89.2807435 -74.8952550 -1.5056918
-89.1641846 -73.9738778 -1.5797854
-89.0404154 -72.8890179 -1.7715544
-88.2670076 -72.9781307 -1.2350947
-89.3235259 -73.3486693 -1.3802256
-89.4742570 -74.1084783 -1.5299662
-88.4178173 -68.8349393 -1.7130898
-88.2920025 -71.3487463 -1.4396573
-87.0732913 -69.5605420 -1.7829015
-88.0779014 -68.9110672 -2.2352253
-87.3882655 -67.0650792 -1.5705589
-86.9717245 -67.2177974 -1.8407774
-87.1264053 -69.0071115 -1.7160575
-86.8084103 -66.6109666 -1.4701843
-87.2402191 -66.4839153 -1.5845076
-85.3710397 -65.8025029 -1.6554833
-86.6454868 -64.0409961 -1.7594137
-85.9281226 -63.8756972 -1.5542991
-85.3463117 -63.0462901 -1.5882300
-84.8740096 -62.1979808 -1.5763067
-86.5578157 -67.1016113 -1.3489275
-84.9206032 -60.3172622 -1.6480715
-84.4357553 -60.6848669 -1.5346716
-84.4785710 -61.4526130 -1.5435768
-82.7755919 -59.5766565 -1.5600476
-83.5142127 -58.3023956 -1.6463939
-82.9906700 -58.9099335 -1.4846017
-83.7762150 -56.6758354 -1.5671956
-83.4813461 -56.7455293 -1.7027330
-83.2700782 -57.1823676 -1.6646412
-84.5591174 -58.4983620 -1.4593725
-84.2712189 -55.0759055 -1.5581951
-80.3859595 -53.9718655 -1.7235736
-81.9491799 -55.0986056 -1.2808498
-81.8286003 -54.9330156 -1.5023115
-82.8932787 -52.2021140 -1.4300836
-81.8155988 -51.6013889 -1.5557552
-82.1508098 -51.9150908 -1.5444460
-80.8392285 -50.8923469 -1.6137679
-82.8116252 -51.4227151 -1.5776925
-83.0159274 -49.3183943 -2.0898646
-81.0607068 -48.8547278 -1.5163178
-79.6475824 -48.3434904 -1.9293954
-83.7335636 -48.5031798 -1.6225188
-81.8362617 -45.7697696 -1.3569141
-81.3869085 -45.6719938 -1.6803925
-80.2063543 -45.9337693 -1.9930056
-78.7154028 -44.0710035 -1.6124510
-79.2189946 -45.0325177 -2.1222212
-78.7718278 -44.5218870 -1.5051291
-78.9811297 -43.1297152 -1.0364183
-77.5776161 -43.5456946 -1.4272183
-77.6155549 -42.5960783 -1.7460813
-76.5264762 -42.0676158 -1.3779870
-76.6794821 -41.4500512 -1.4542366
-76.5881572 -41.4970277 -1.6561748
-76.8075308 -39.9101978 -1.5870650
-77.7076028 -38.9172737 -1.5615893
-76.0829609 -38.6037421 -1.2792317
-76.3390719 -38.4989553 -1.6584495
-75.8191532 -37.5947084 -1.6446477
-75.2116814 -37.9567516 -1.4784614
-75.3028352 -35.8167190 -1.4966030
-74.8352988 -36.0572006 -1.4682846
-74.9883857 -36.7673171 -1.6038837
-74.2115231 -35.8730736 -2.1490083
-75.4760859 -35.3438849 -1.5353513
-73.8064031 -34.6670797 -1.4422026
-73.9898772 -34.6011528 -1.5392389
-73.0440978 -34.0124334 -1.4801911
-73.8096602 -32.3964593 -1.4724283
-72.7743951 -32.9221707 -1.6257582
-71.7285287 -32.3806530 -1.4991885
-72.2268117 -32.3396610 -1.3130622
-71.8852513 -30.8091287 -1.4000679
-71.5391653 -32.1018681 -1.7355726
-72.0043571 -30.8921920 -1.9450148
-71.8054998 -31.2899077 -1.5567027
-70.7823488 -31.0485861 -1.5087477
-70.8578550 -29.9673298 -1.4754984
-70.5509223 -29.2190586 -1.5079360
-71.7358500 -28.8364616 -1.6879815
-71.3650029 -29.6133244 -1.7181092
-72.4598773 -27.2426863 -1.5342924
-70.4846476 -27.7507618 -1.6723223
-70.3290143 -26.0051126 -1.7679154
-71.3182744 -25.5580357 -1.6692719
-71.3088726 -24.0522308 -1.4436258
-69.7597565 -25.5389549 -1.6632842
-70.0013397 -24.5787922 -1.3690606
-69.6406238 -24.0067984 -1.7903772
-69.2371561 -22.9734609 -1.7267058
-69.3927428 -23.6122222 -1.7121269
-68.9662884 -23.0662249 -1.9003765
-69.9850500 -22.4086025 -1.8087599
-68.8428800 -21.7474716 -1.8792554
-70.3650610 -19.4951249 -1.5379694
-68.9857589 -19.2436488 -1.9860221
-70.0020304 -19.9394465 -1.6877977
-68.8996874 -18.0204011 -1.5971734
-68.9860671 -19.1832580 -1.7004113
-70.0548995 -18.8588351 -1.8994416
-68.1256199 -17.3354305 -1.7014620
-69.0449639 -16.6582208 -1.6217733
-68.2697735 -16.5031407 -1.7557980
-67.1301206 -14.0843101 -1.7763874
-66.6369167 -14.0260155 -1.9337780
-67.7551281 -12.5639525 -1.8511554
-68.6941207 -13.3430526 -1.8232424
-68.2623432 -13.2965602 -1.5631629
-69.2142928 -12.8739152 -1.9503730
-68.3284487 -11.2284264 -1.8631308
-66.9107353 -11.6707950 -1.6438401
-67.8838002 -10.0379376 -1.6878723
-67.5517426 -12.7378357 -1.3931749
-68.9361522 -9.6467440 -1.2700604
-66.8698171 -9.8838214 -2.2063135
-67.0996437 -9.1008525 -1.8220489
-67.7193623 -9.3439412 -1.5831454
-67.6523703 -9.1535759 -1.9468450
-68.3415176 -10.4387422 -1.3911038
-66.5243440 -8.5110958 -2.2057013
-66.8119418 -8.2644612 -1.3783815
-65.3837297 -8.1223502 -1.7845812
-66.1028843 -6.9459191 -1.6214558
-67.0669557 -7.1581736 -1.7315527
-66.3724602 -5.9643846 -1.9524491
-66.7788283 -7.0762093 -1.6153204
-66.1633904 -5.3242210 -1.8171057
-65.7260596 -5.7188518 -1.7562393
-64.2487507 -4.3040801 -1.8550222
-61.0649428 -3.5894307 -1.4519927
-64.7962954 -4.3243216 -1.7225215
-63.4441157 -3.6899344 -1.6030844
-62.8526568 -3.9757861 -1.9028787
-62.4697503 -2.6047649 -1.5943735
-60.9520630 -2.1779794 -1.4079078
-61.5730019 -1.7306149 -1.6175257
-61.5714107 -3.1441564 -1.9330831
-59.2592515 -1.2627414 -1.8624339
-59.0050518 0.4667107 -1.6210882
-59.6641438 1.6306880 -1.1075278
-59.2284349 1.9349569 -2.2080755
-55.0579283 3.8566523 -1.6926853
-57.3024873 1.6127501 -1.7250751
-56.2487331 3.8742740 -1.4459683
-57.1976416 1.6241325 -1.5205791
-56.0276370 3.4240879 -1.8850687
-56.8321476 2.2916554 -1.2971156
-55.1669339 4.1920165 -1.6229552
-56.1912023 2.2797671 -1.7913608
-54.7276021 4.8443112 -1.8230146
-54.1741162 5.9830777 -1.6659804
-53.7477494 5.3372512 -1.6872146
-53.6954500 5.8684712 -1.6929713
-53.0685928 5.8981036 -1.6724273
-53.1063834 5.6913471 -1.8287742
-50.9516033 7.6154794 -1.6411736
-51.6826698 6.2119072 -1.7475844
-51.6021072 7.3081471 -1.5978494
-49.7132520 9.1344271 -1.4691234
-47.5267181 9.8378910 -1.8399033
-49.9076808 8.5031411 -1.8429881
-48.5078735 9.6391047 -1.6302664
-47.4145115 11.9235647 -1.7080890
-49.4056324 9.4044583 -1.9561496
-48.2034928 10.8981123 -1.5343714
-48.4812349 10.2390354 -1.7015123
-47.4904556 10.8088300 -1.7285088
-45.6640802 13.3990264 -1.8162264
-45.4640536 12.2398787 -1.6224587
-44.0416921 13.3800628 -1.7355400
-42.9903927 15.5188369 -1.9699908
-39.9823170 17.2882032 -1.8645377
-40.9204510 15.5403658 -1.5803618
-42.0664363 15.9123583 -1.6743359
-41.4695863 17.1358623 -1.7942007
-39.8965650 16.4604498 -1.5041829
-40.3155008 17.6564489 -1.6741158
-41.4576374 17.0044910 -1.7826009
-39.7982068 17.9186536 -1.6408205
-40.4943208 17.8935658 -1.7940255
-38.8007900 19.8955665 -1.7190803
-39.1720099 18.4222315 -1.7875260
-37.3737987 21.4890696 -1.4793688
-37.4531489 19.8571299 -1.6714812
-37.7631389 19.7711103 -1.7425275
-34.7801619 22.8170250 -1.9430135
-36.3148841 22.0011315 -1.7772992
-34.8643212 22.3375412 -1.6921814
-33.2526689 23.3262322 -1.2894060
-33.6533641 21.8923769 -1.5302377
-32.3739566 25.4043909 -1.7858481
-33.1979935 23.5774310 -1.4711683
-33.6908711 24.7310945 -1.5580080
-31.7633848 25.1599295 -1.6724135
-31.5049313 26.4091975 -1.5342826
-30.7850416 25.0230253 -1.8248921
-32.4856322 25.0276592 -1.2836206
-31.3556929 25.3993805 -1.2307900
-30.4483061 26.3563239 -1.5311938
-29.2975199 27.5087557 -1.6637434
-29.1777407 28.2221284 -1.5459920
-29.0949820 28.9397917 -1.5236637
-28.2247151 30.1140124 -1.3582376
-26.8631596 30.8226901 -1.3806890
-26.7568129 30.9995128 -1.2857512
-26.4138401 31.2071553 -1.4801086
-25.2656917 33.1425781 -1.6849868
-22.6302363 35.7604019 -1.7807965
-24.6116922 33.2447693 -1.6999546
-21.0521168 35.5968964 -1.1170138
-25.9535655 32.4746698 -1.1595658
-21.9829084 35.3831910 -1.5108515
-24.8338564 32.9980716 -1.7966017
-18.9325278 36.1227854 -1.5920841
-21.2105530 34.8222669 -1.5679545
-20.8687785 36.7230981 -1.6058542
-21.8239036 36.9019226 -1.6545674
-19.2614603 37.7601794 -1.4632624
-20.1135842 36.8545589 -1.4895839
-18.6142852 37.8533900 -1.8794353
-17.4995564 38.4116639 -1.7055756
-18.0303040 38.5361359 -1.8381754
-16.0744585 39.3728930 -1.5930624
-15.5748158 40.0472872 -1.5280032
-16.9404317 39.0784976 -1.6212490
-16.6790834 39.3298602 -1.3983904
-15.5525706 43.2172955 -1.4138639
-13.6490560 42.5079815 -1.9698957
-12.1326596 42.5015850 -1.6437938
-12.7905851 43.5782365 -1.6555155
-12.9577112 43.8700202 -1.7145071
-12.6618780 44.3929801 -1.6872319
-11.6274180 44.6583549 -1.7060837
-9.8184008 45.1766377 -1.2197768
-11.1510774 44.7698063 -1.7624765
-10.6527970 45.9401265 -1.7168938
-8.9435372 45.9977137 -1.9205657
-9.3752569 45.3653298 -1.7003527
-8.1989877 46.1468253 -1.8557876
-8.0315575 46.2673593 -2.0343391
-7.4142038 46.2213947 -1.7463246
-9.3287709 48.1190844 -1.7607889
-7.6455733 46.9660764 -1.6738345
-6.1962121 47.6188294 -1.8085464
-6.6359911 47.3793246 -1.6130370
-4.7388814 50.3314367 -1.8267456
-4.8063521 49.3883693 -1.6284997
-3.8143008 50.3444204 -1.7190524
-3.5854546 50.2940991 -1.4886591
-2.9211765 50.3494255 -1.6361805
-3.0156681 51.0547276 -1.8741593
-3.3825170 51.9880790 -1.5709118
-1.3599215 52.8569596 -1.8732918
-0.5487060 53.0874743 -1.8331842
0.1400255 52.9982028 -1.5600401
1.7776435 52.5341419 -1.6819037
1.7437244 52.4272407 -2.0638247
2.0676479 54.0221097 -1.4590189
3.0749826 54.5166623 -2.0961098
4.0783976 54.6161498 -1.6474613
3.7470772 56.0093489 -2.1538055
5.2291238 55.8065606 -1.3948974
6.0252201 57.4271927 -2.1901873
4.2197056 58.6148959 -2.2775485
4.3767607 58.7950309 -1.5591814
6.8737042 58.2910875 -1.9148132
7.5777519 58.5255426 -2.0124519
8.6240523 58.2179354 -1.6760772
8.7737078 59.3462563 -1.7917514
9.2718089 58.1786762 -1.8493625
9.3008398 58.7239377 -1.3545524
9.8458594 60.5222480 -1.8644342
10.4135168 60.8096236 -1.7043312
10.9918066 60.7819742 -1.6720420
12.4370712 61.6388365 -1.8425746
11.0083092 62.6644637 -1.7333388
13.0709413 63.4477248 -1.8653139
13.1772459 63.7318535 -1.9249980
13.7615463 62.5371096 -1.5880411
15.0942267 63.8555575 -1.6059019
15.3892519 64.6403927 -1.8067955
14.7048295 64.7197644 -1.8129631
15.1163195 64.6960434 -1.7180371
15.7263918 65.0021539 -1.4490497
16.6845090 65.0078026 -1.3134318
16.0520768 66.0423894 -1.3787080
18.8892067 64.7912688 -0.9705333
18.6449806 65.2890383 -1.1171527
18.0821014 66.9909544 -1.5942965
18.7176855 65.8856066 -1.9013557
17.7379020 68.2361249 -1.5317927
17.1603958 69.4212154 -2.2556208
17.5618605 69.1976530 -1.5067339
21.2872674 68.3778702 -1.8857215
20.8895067 69.4107827 -1.0414042
22.7955057 68.7941255 -1.8529292
21.9049802 70.4024447 -1.4169654
23.0548459 70.5335156 -1.4914788
23.1343659 71.7615941 -1.7175736
23.6562427 70.8769883 -1.9984128
25.0738257 71.4154222 -1.8088228
24.6963738 72.0015793 -0.9674201
25.2387245 72.2989880 -1.6425087
26.4498903 72.0321453 -2.0127754
26.4089733 71.9208081 -1.3268835
27.6533030 70.8031461 -1.6919002
27.9781453 72.6672321 -1.5934050
28.8910087 71.6625123 -1.5811458
29.5162951 72.6320156 -1.4799662
29.5482666 72.3063455 -1.9852823
31.0324281 73.1101113 -1.6897736
30.3033310 74.3626963 -1.1427486
31.7108025 74.0711254 -1.4831664
31.1137737 74.1404853 -1.7211179
31.5883949 74.2620745 -1.3422810
32.4390561 74.1660439 -1.6655586
33.2511905 75.0105899 -1.2855303
33.7468162 74.2945055 -1.3645595
33.2550550 75.8004195 -1.9212948
34.3522296 75.9810493 -1.7001960
34.8518239 76.0950342 -1.4676801
34.4018795 75.4182379 -1.5557891
34.9984898 75.8438525 -0.9782585
34.7094512 76.6521009 -1.2764693
36.1906396 76.6300928 -1.7026604
36.4940041 76.4850199 -1.9816271
35.9851508 77.5949652 -1.4408270
36.9597449 77.0437083 -1.6530820
36.8542218 77.6172309 -1.3568624
36.7423795 77.9833631 -1.1700589
38.8538120 78.1872187 -1.3349350
38.2519578 77.8435422 -1.6090241
39.2477534 78.6217979 -1.4876633
39.1155830 78.9835553 -1.4429471
40.1535976 80.2721643 -1.7263324
40.8140106 78.8201299 -1.4501235
40.6018552 79.2759936 -1.6164226
41.9634653 79.3655817 -1.5716244
40.4095586 80.5141463 -1.3713033
41.7411994 79.7224923 -1.5986630
41.3650228 80.4244191 -1.3243059
42.8706666 80.1491913 -1.3920282
43.9876876 80.4469762 -1.5257714
43.5496178 81.1726403 -1.5703495
43.6549380 79.9036950 -1.2617127
44.2927581 80.6129801 -1.6905036
45.2566700 80.1280955 -1.9698533
44.2973839 80.7058669 -1.4003586
44.7909657 81.4897044 -1.6964509
46.0231294 81.7377953 -1.5170735
45.6988684 82.6728575 -1.5790213
46.0218817 81.7048124 -1.5648918
46.8622595 82.7044799 -1.7385003
47.3214843 82.5908306 -1.4825090
47.9607222 83.1394490 -1.5772467
47.6246411 82.5976790 -1.6755342
48.4794363 82.8004146 -1.4218667
49.6320113 83.4537967 -1.3998831
48.1053498 83.2024383 -1.5381576
50.5432295 83.1203422 -1.6409787
50.4750997 83.5923347 -1.5347155
51.6879946 83.8491765 -1.4728274
52.0079951 84.3378384 -1.6887085
50.8910134 83.7828215 -1.6021571
53.1437352 84.5870165 -1.4078554
53.9801041 84.0351663 -1.4812197
53.4498074 85.0247766 -1.5115839
54.6142571 85.8717754 -1.3386278
54.2716001 85.3350564 -1.3982017
56.0106300 85.1074233 -1.3001297
56.0996301 86.0918531 -1.4294378
55.8481097 85.6188147 -1.4132049
56.3629599 85.7351783 -1.5688890
55.5062155 86.6853207 -1.7749401
56.8809771 86.5793844 -1.2929840
57.7793445 85.9243118 -1.4011681
58.4158169 87.3853441 -1.5765265
58.3064861 87.5702021 -1.4854602
57.6478709 86.8120146 -1.1688484
59.6488247 87.9787261 -1.4300716
61.0402223 88.2256832 -1.5105334
60.2410301 89.5870071 -1.7316321
61.2126119 88.6740301 -1.5963892
60.2150523 88.6943341 -1.8799069
62.7890388 88.9625827 -1.5519796
62.1260893 88.8200594 -1.6463019
62.5267600 90.0103420 -1.4614692
64.6452218 90.1243449 -1.5977210
63.5945143 90.3563693 -1.4462087
63.2485327 90.1041800 -1.5561501
63.0231319 90.8068689 -1.5764517
65.2917589 90.2866958 -1.5443457
65.3869697 91.2207060 -1.2896255
65.8021046 91.3719648 -1.5371530
66.6730234 91.8056975 -1.7241261
66.1584145 92.4472238 -1.6153910
67.7567265 91.7530202 -1.4789602
67.6862075 91.9654110 -1.5964036
68.4416023 92.4533108 -1.5209664
68.8813870 91.8922923 -1.5494150
68.0001733 93.8143175 -1.5511626
69.2562491 93.7999962 -1.6560722
70.0765315 93.4931663 -1.4835461
69.6976741 93.5824365 -1.6222405
71.9051757 93.9845387 -1.4362527
72.4786485 93.8647900 -1.5426219
72.0029246 94.1032614 -1.6007932
71.1867669 93.3033103 -1.5153269
72.7934743 94.6130204 -1.4715975
72.4361555 94.0046112 -1.4289763
73.1335419 95.3448572 -1.4723715
73.7935853 95.9016681 -1.4998848
74.1556372 94.9150663 -1.3341648
74.2842882 95.8490444 -1.5011004
75.5530993 95.8152811 -1.7037624
75.1112360 95.6736539 -1.2798821
75.9347091 96.0449609 -1.4949126
75.7735877 96.6979137 -1.4908245
77.2864836 96.5006612 -1.5148801
76.9332916 96.7504752 -1.4127173
78.1924384 97.6245393 -1.4882404
77.5353112 96.8556619 -1.2781883
77.6653918 97.7792712 -1.5380322
78.3311973 97.0540673 -1.5038866
78.6534221 96.8130757 -1.6322446
79.3068028 97.0693633 -1.5938164
79.0037162 97.0149346 -1.5057200
78.4012855 96.8976665 -1.5650410
80.2377923 97.1388918 -1.5074704
79.2325037 97.3126217 -1.6930282
80.6431175 97.2373456 -1.5382582
80.9809398 97.1247259 -1.5785349
80.4514350 98.2583836 -1.4342873
80.3244711 98.2249289 -0.8499535
84.2093460 97.6633231 -1.4284943
81.1952983 98.7101293 -1.5779622
80.6096210 97.9355934 -1.3638197
81.2728778 97.8006639 -1.3323971
85.6123797 98.7743658 -1.8550324
82.6089641 96.5611751 -1.3760976
84.8249281 98.3221153 -2.3030076
84.7396616 96.1246657 -1.3794259
83.1401985 96.7901151 -1.5539419
83.2355031 99.6330479 -1.3786668
83.5896266 98.5850315 -1.6243690
85.6936363 97.7460728 -0.7616569
85.9374522 96.0903312 -1.5366779
86.2956046 100.9393911 -1.0887315
86.1103785 99.0658603 -2.0931402
86.5497846 98.4005709 -1.4278593
85.6322640 98.0834828 -1.5325072
87.8322055 99.9552954 -1.9710411
87.3059304 99.3723560 -1.1421350
86.9847588 99.3641486 -1.5751803
87.4338420 100.8226943 -1.5410183
87.7013783 99.2824265 -2.5820955
88.2240200 100.1199999 -1.5316274
88.2520149 100.9366188 -1.1033064
86.8804918 99.2479134 -1.5524557
88.8119934 98.8854972 -0.7361059
88.6050598 98.4544850 -2.6238134
89.0417144 101.3263843 -1.7520151
89.7944304 100.2417074 -1.8369750
90.7095162 101.3196528 -1.9542325
90.1369156 100.7859249 -1.6318717
89.6005187 102.0299936 -1.6862543
91.2758001 101.2720431 -1.6627308
90.3320209 102.2297206 -2.1425270
93.4569533 98.7298878 -2.4899470
89.7521984 102.0439325 -0.9185770
91.9962094 99.6541181 -1.2631766
92.3919531 101.2724473 -1.3819477
92.8367565 101.6981654 -1.4297796
93.2627084 101.8952636 -1.5055163
94.1830484 100.9500853 -1.7165077
93.7811256 101.6702424 -1.7528694
93.4668345 102.0425687 -1.7225664
94.6414116 101.1564366 -1.8247880
95.1033132 102.0608262 -1.5648787
95.1277590 100.7271460 -1.1797427
94.2416660 102.5702343 -0.9686777
95.2320466 102.7028555 -1.0957983
93.4878482 102.7508083 -1.7357541
95.3583453 103.3502343 -1.6029822
93.6384426 103.3510935 -1.5067997
95.4188593 103.3407750 -1.4009875
95.8238988 103.0165315 -1.7206368
97.4127243 104.1766766 -1.3193303
95.8994719 103.0608191 -1.6973902
95.7446549 102.6199525 -1.4155628
98.3949249 102.7339926 -1.8820918
97.1256486 103.1586603 -1.3258559
97.0099741 103.0563507 -2.1009467
97.8256078 103.9394642 -1.6179780
98.8044169 102.9680245 -1.2514551
97.7085162 103.1144519 -2.0003356
98.6859460 103.4286670 -1.5750922
97.8302292 103.3777649 -1.4491811
99.9918092 103.5932031 -1.1731659
100.3727714 103.8463835 -1.1381879
97.8711142 102.9313400 -1.4483483
100.7572479 104.3472572 -1.6406188
99.3185349 105.1529569 -2.5159053
100.4671713 103.8274347 -1.4817967
101.6785197 103.5108230 -2.6147573
101.8252385 103.8289110 -1.4623609
102.1145434 104.1049871 -1.4645081
102.4909986 104.6946253 -1.4758256
101.9144686 105.0325064 -1.5444082
102.6014425 105.3953639 -1.4354139
102.5685060 105.7219846 -1.4341758
102.2153249 105.4536655 -1.4787568
102.4168151 103.5936043 -1.7917385
102.4729338 106.3996565 -1.3383630
103.0081883 105.6533682 -1.3500242
103.1533655 106.3725253 -1.3710550
103.5595315 106.5815951 -1.4430337
103.4198587 106.8680511 -1.6165820
104.1165287 106.7893005 -1.6419166
103.9167471 105.6358437 -1.7736412
103.9555899 107.9086369 -1.2201295
104.6158625 106.3719783 -1.1608894
105.4010197 105.0999604 -1.1545540
104.3234409 106.8821600 -1.4806161
104.4430718 107.0348140 -1.5528907
105.1279907 106.7243170 -1.9236492
106.0560950 106.9616871 -1.3246203
106.8555615 106.4100780 -1.5444705
106.1456605 107.4372621 -1.5525532
106.9768953 107.9604387 -1.3932129
107.3519758 108.5534506 -1.3205899
106.8810727 108.5105976 -0.8515512
108.5827023 107.6250185 -1.7332051
108.4035609 108.4721121 -0.9993872
108.6006726 107.2914699 -1.5687543
109.2583257 107.8708909 -1.5371832
109.5274521 108.5660327 -1.0594131
110.2503839 106.2583515 -1.2579648
110.8494271 107.6041466 -1.1327114
110.8338652 105.8062387 -1.4691824
110.1139905 107.4990231 -1.3525037
112.1615271 105.6204182 -1.3780811
111.7440880 105.6026868 -1.7743240
111.3824785 106.4949997 -1.0936047
112.1318490 106.4620181 -1.1194582
111.5123441 106.3254949 -1.5799988
112.4777835 105.2592752 -1.2258723
112.4784468 107.5763673 -1.2658625
112.1948589 106.0824217 -1.5415131
112.4762232 107.0242614 -1.4431678
112.7880187 105.9771544 -1.5356056
113.4541263 107.3530719 -1.5587586
113.1814563 106.2366422 -1.2982028
112.9079996 105.1001833 -1.9335599
117.9318623 109.6231772 -1.8990247
115.9506733 107.5440863 -2.1595507
113.8293473 105.2155961 -1.6383278
115.9036458 105.9288651 -1.7144026
114.3447371 102.7467969 -1.6930946
115.0812000 103.1673000 -1.9779200
113.2149359 102.7187480 -1.5500257
116.1104929 103.4210453 -0.7944204
115.8350626 105.4150727 -1.5635612
118.4563308 105.8388259 -0.4913000
119.3927965 106.4755583 -1.4845042
117.2623885 104.4868612 -1.1408341
118.9462515 105.8082960 -2.0221545
117.2048294 102.8010277 -1.6447063
115.8836234 101.7948439 -1.5613610
119.2679807 104.6631116 -1.0725644
116.6109762 103.0873304 -1.2949897
117.1686355 101.7300115 -1.4065142
116.7861207 100.7367442 -1.3453269
117.0167950 100.1341117 -1.3271156
117.8153582 100.4486507 -0.8742899
116.6070195 99.7005681 -1.1417609
117.9335470 100.4114855 -1.3441250
118.2107167 99.8034496 -1.2276934
118.3347216 100.1107939 -1.3480275
118.6685577 99.7800487 -1.1742763
119.2623441 99.0595055 -1.2456054
120.0765481 99.1050413 -1.0247237
120.3012483 99.1499692 -1.3239501
121.8038175 99.5478184 -1.1383941
121.3638519 98.7665149 -1.2020954
122.5346025 98.7762911 -1.3782518
122.4715120 98.8747002 -1.0544853
122.3446447 97.9009811 -1.3099327
122.2108588 97.1092123 -1.6704574
121.8884542 97.2551380 -1.2929783
123.2944790 95.9933789 -1.1670523
122.6619243 96.2906387 -1.1865965
122.2734200 95.3560714 -1.3999256
122.3200205 95.5684797 -0.6757799
122.0511830 95.0188442 -1.2432016
121.3622953 94.0202647 -1.2018741
121.6595518 94.5246729 -1.0427671
122.8567032 93.8973217 -1.5186056
121.8463273 93.4620935 -1.8434056
122.7192447 93.2502695 -1.2130546
122.2758928 92.8207605 -1.0168154
122.9021892 91.8146183 -1.0655947
121.9843336 91.3415685 -1.1527637
123.1685626 90.4933477 -1.2010630
122.7089952 90.8877310 -1.1983808
122.7244043 90.3421458 -1.1400800
122.9765278 90.3143802 -1.1573894
122.3192463 89.5839350 -1.2665198
123.3052103 88.7037942 -1.2057379
122.8480610 89.5620902 -0.9089016
121.4354622 88.9886538 -0.7779057
120.7148079 88.5788690 -1.3380850
122.4020134 87.6201606 -0.9967270
121.7777534 88.4449960 -1.2110413
123.4905135 87.5365739 -0.9406898
122.7653373 87.2073874 -0.9941426
122.6460422 87.1805331 -0.8997257
123.9412270 86.4196901 -0.7357185
122.9452505 87.4116264 -0.8933109
123.8889779 85.8497844 -0.3157811
123.1121941 86.1374849 -0.7352651
125.0872264 85.4194067 -0.8078751
124.0324994 85.1471351 -0.8779364
124.2456720 85.4330961 -1.0234064
124.0555072 85.6759189 -0.9385974
124.2856091 85.0725634 -1.1248376
123.3381614 84.3944846 -1.0036379
123.4701901 85.2011645 -0.6593131
124.1590910 84.6146665 -0.5206717
124.0386900 83.4755616 -0.7618472
125.0649817 84.0860000 -0.8083145
124.7583764 84.3821020 -1.4030776
125.4652312 84.4720051 -0.8042738
124.7105714 83.2681475 -0.8012096
124.6012298 83.9361727 -0.8700395
125.0972707 83.2065143 -0.3146310
126.0653042 82.7117891 -0.6449026
125.5460299 82.4789599 -0.7469908
126.1645187 82.5693640 -0.5307250
125.9243311 81.5521418 -0.2103025
125.1083734 82.1005366 -0.8147134
127.2063110 81.3762288 -0.2532298
127.0922494 81.6315386 -0.4853646
126.1548718 81.4124374 -0.2844763
125.4605653 82.3250283 -0.4164535
123.3786772 82.3716838 0.0222169
125.0412071 81.2398301 -0.1316939
126.4651080 80.7042098 -0.1703012
125.1810808 81.7753628 -0.6287118
124.8014807 80.0652807 -0.5294294
124.4775163 81.9562984 -0.5843077
127.1655119 82.1282620 -0.9105561
125.3564846 81.6049661 -0.4506590
124.4078100 80.8931121 -0.3807666
124.8028533 80.5754799 -0.4289657
125.0928030 82.7278689 -0.5022317
123.6334951 80.3821866 -0.3766480
125.3124853 80.4208281 -0.1746437
124.4232390 78.7676199 0.3083236
123.6444701 79.4191847 -0.4682016
121.8987206 77.7415581 -0.3034131
122.7923181 78.7050024 -0.0859611
122.8950327 79.1080543 -0.1017198
123.8159045 76.5473026 -0.9199144
122.7839861 78.3696121 -0.2808005
123.0417857 76.5544124 0.0311104
121.5373901 78.2297062 -0.5231202
122.4445708 76.8597504 -0.2127932
122.8007734 76.6063022 -0.3464151
125.9486706 81.6066315 -0.6090064
121.4266572 76.7033371 -0.3086726
120.4247932 75.3974255 -0.4726136
122.1220670 75.3867473 -0.0897202
120.8018971 77.7965536 -0.4627454
118.2177916 77.3464277 -0.3496743
119.8187725 75.5291582 -0.1067370
118.9975560 75.4383035 0.0151330
119.6378970 74.7625316 -0.5678619
119.3295465 74.6951798 -0.3841819
119.4262352 76.3053316 -0.2872184
117.5324792 76.9484329 -0.5044119
117.9305212 77.1520319 0.0079752
117.1036459 75.7880358 -0.3271170
120.4655096 75.9781108 -0.5111601
118.6367223 75.2727344 -0.2463240
118.0853572 75.8835856 -0.3029740
116.7823024 75.3352698 0.1020967
119.8586866 77.7543795 -0.2884757
120.4188696 77.1949529 -0.2352301
117.1830687 75.5463992 -0.0982460
119.4720831 76.1031885 -0.0877920
115.9374693 74.5378772 0.1733288
116.2659568 75.1239622 -0.0973076
118.2239228 75.3708763 -0.1327696
115.5806628 75.1426658 0.1357269
114.5409731 73.3932559 0.0647346
117.9208926 75.8030874 0.0479685
116.6653173 74.4114153 -0.0850021
117.9568265 75.3729640 0.2107264
114.5226894 73.0485838 -0.1178745
113.7545651 73.7728302 -0.8412721
116.0950686 74.3460548 -0.1157718
114.5553484 73.1014127 -0.0699065
112.8181011 72.6045698 -0.0486741
113.5048619 73.5013637 -0.1574221
113.8622319 72.6189760 -0.3776925
113.4575782 73.8452160 -0.5678836
111.5268243 73.9111050 0.0502946
113.5747089 71.8634328 0.2265218
111.9333035 72.7680219 -0.0361600
111.6461235 72.6374813 0.0116510
111.0715303 72.0567049 0.0422964
114.7668388 74.8944362 -0.4339774
111.4858068 74.3080056 0.0590371
110.4822923 71.9268751 -0.1574468
110.4502781 73.2194765 0.0608203
104.4521104 70.7385312 0.0498051
111.7802671 71.1158255 0.0881672
102.8966307 69.9868364 0.4614762
108.6940514 71.7906132 0.0401914
108.3409690 71.6191125 -0.7812599
106.8503896 71.3068972 -0.1568476
101.7676454 70.7086642 -0.3654232
109.8947302 71.6819789 -0.6529937
106.3106780 69.5781186 -0.0137385
105.2276172 69.4943035 0.0828435
104.6051336 70.6431565 0.1218467
104.0687136 69.9232532 0.0908189
103.4463430 69.5911574 0.0691882
105.0658979 69.4854022 0.1049835
105.3163987 70.7174917 0.2225662
103.0161318 69.3557145 -0.2682552
102.7306595 69.2349091 0.2440680
106.0623447 71.5272673 0.1174461
99.5726471 68.9701016 0.0598882
100.5698956 68.0293008 0.3534371
97.5908630 68.2402637 0.6474505
98.4092921 68.1107071 0.2398244
99.3599119 68.3664162 0.1954408
97.7472854 67.4237756 0.2974788
99.2067030 68.1184243 0.1700885
95.4631771 67.0732955 0.2693923
95.8765073 67.4286410 0.6732233
99.0722359 67.4716611 0.1360894
96.5214452 66.8043601 0.6061225
99.1353472 67.8103340 0.0639665
97.4466058 67.0067665 0.3919123
105.2058135 71.6789650 0.4641990
96.9138350 67.6323119 0.5590078
99.7977561 67.0700496 0.3388607
95.3550867 66.5670618 0.6069500
96.0600157 66.1534258 0.3333683
95.8719916 65.9213284 -0.1680916
95.9172512 67.7674862 0.1395445
94.9174749 66.0445363 0.5419100
92.7265388 65.6470812 0.6115733
93.7871071 66.8859652 0.3389128
87.9694579 64.0900504 0.6192057
90.5226157 65.2816723 0.5008072
91.1325685 64.8555132 0.3154910
95.4152958 65.1098694 0.4198952
85.6637313 62.9426487 1.2866081
91.2693130 65.0210537 0.5053445
88.1584396 62.4983936 0.6660492
88.9677722 63.9126941 0.6719369
97.5846667 65.8851737 0.4807515
88.5196972 63.5052986 0.8459665
91.7000806 63.9682703 0.2007247
84.2662246 60.9099751 0.6156897
84.2523356 62.3169375 -0.3192548
100.3140080 68.7715134 0.3394724
93.9853380 66.0603067 0.3931929
88.0194246 63.4370383 0.5978089
85.0346167 61.4851175 0.6360665
87.0877180 63.5457757 0.9429300
84.1618454 60.7270640 0.6611173
82.8628525 60.9361955 1.1843217
84.4819480 60.9099086 0.6940877
82.4544018 60.6939495 0.7847805
83.0767801 61.2346496 0.3872032
81.4148609 59.3437058 0.7225274
81.4185621 59.7308448 0.8972312
81.2866884 59.6579348 1.1889409
78.9060677 59.1601397 1.0845292
76.8092400 59.1354753 0.9651047
79.7934888 59.1633750 0.9448564
78.1019360 58.4360910 1.7101892
79.8650309 59.9150830 1.0876223
86.9653193 61.5784907 0.8454197
77.3958659 57.7073449 1.2240925
75.0960021 57.5629529 1.1570456
79.2679094 59.3548525 1.1400663
78.1461912 57.0624950 1.2122248
76.1118758 57.6194846 0.9776746
77.0864379 57.7011917 0.6913841
81.5523316 59.7138256 1.1412144
79.3793845 60.1576750 0.9908728
75.1850684 57.7415428 0.5325144
76.3236069 57.5869116 1.1385792
74.6679969 56.4003658 1.3857724
73.4092177 55.2199428 1.2393672
77.9473551 59.2518099 0.8463660
75.6937113 57.3882649 1.0608979
71.9147104 57.3518202 1.5792923
70.3538208 56.9904838 1.3753780
71.8266697 55.0568029 1.3191634
70.9161094 56.0734767 1.3439157
71.4647365 55.2441074 1.4893070
69.6054553 54.1773911 1.3683998
67.3176719 53.1743405 1.3161990
69.1802762 55.0579646 1.0116156
66.0233458 52.5086850 1.3914285
66.9534205 52.8051088 1.7745333
66.8228866 53.2027123 2.1381511
64.7321211 51.7823124 1.4251535
66.0897821 53.3431848 1.1877493
64.4677873 52.7559032 1.5365860
63.9878585 51.5819189 1.7026671
65.0832623 52.5822202 1.8144386
65.8475022 53.3460298 1.0826601
61.9656422 50.0603522 1.5681228
62.2706879 50.6800995 1.8287572
62.8814524 51.8450536 1.7974701
62.1355676 51.2943360 1.5314162
60.2524509 50.7898240 1.6126941
60.0882150 50.2398496 1.4489996
59.9467880 51.5798664 1.2946415
59.5239342 50.4148881 2.3297862
58.1900214 49.2732866 2.1518436
57.1973621 48.9174085 1.6985201
57.1525058 48.3015115 1.4849451
56.7849609 50.5624752 1.7320841
56.4195449 48.5688388 1.6063298
55.3545807 48.5467608 1.7227610
56.1977901 48.3643279 1.4639574
55.3247179 47.9316537 2.0075725
55.4610446 46.8434195 2.2544253
53.4452588 46.2603696 2.0624784
53.2642321 47.2029364 1.9463002
52.6361707 47.0038373 1.6168950
51.5634144 47.3694130 2.6461661
49.6856002 45.7464596 1.8065340
49.8608019 45.9322167 1.8728616
50.3975276 45.8746812 1.7730933
48.7342319 44.2782870 1.4428875
48.5288746 44.3964303 1.9691804
49.2725265 44.9902261 2.1431294
48.4389024 43.9102401 2.0035186
46.3071055 42.5788313 1.9995031
46.7350555 42.1594902 1.8142439
45.6634364 43.0061578 2.0236314
44.8612667 43.9023088 2.0605061
44.2849964 41.2303901 2.0558149
44.0166033 40.3916382 1.9103289
44.1627158 40.8856010 2.0663044
42.3206976 41.2988651 1.7442090
42.7826367 39.6854593 2.0840268
42.9434218 40.3272808 1.8480137
41.5736754 39.8226117 2.1351237
40.9669362 37.8624146 2.0721951
41.1038773 39.5813019 2.4697718
40.1434820 39.6518997 2.3109795
42.6792512 40.9695484 1.8122074
42.9739970 39.5798651 2.2808860
38.1595386 37.3640480 2.2675770
39.6068438 38.2510223 2.4405943
39.0307661 37.7380917 2.1387152
39.2610754 37.9583317 2.1074150
39.1968713 37.5771683 1.9431905
40.5489078 38.5192510 2.2191573
37.4479785 35.8865784 2.2549110
38.1669988 38.3956174 1.8965042
36.0262424 37.2817047 1.6036727
37.5743132 36.1061330 1.8718169
36.9802785 34.3797523 2.2265203
35.0742413 34.4096862 2.3344133
34.8882591 34.2106906 2.1587877
32.2020205 33.7877328 2.2251645
34.5584882 34.3989030 2.0045438
32.1333786 31.9703553 2.2418491
34.0547342 32.8663746 2.4913406
31.5505623 31.1129941 2.4691331
32.4274570 32.4815528 2.4764934
31.9372127 31.1443649 2.1637345
30.6971578 32.0501772 2.1881718
30.7864612 32.1679106 2.1678414
31.8783425 34.1818040 3.0045542
30.1293749 31.2907108 2.9393196
27.2252392 29.0689388 1.9684271
28.5388196 29.7955674 2.1252065
29.3607806 30.7621454 2.3367102
31.8170798 31.8135466 2.8828951
28.2778002 30.6853213 2.2075567
27.3070221 27.9462942 2.9413306
30.1079091 31.0160673 1.7427380
27.0406021 29.1197283 2.2874739
27.6142729 30.2279023 2.1362046
26.7855223 30.6511578 1.7678990
27.7091302 32.9205282 1.7994302
23.7035845 30.0038107 2.2966937
25.3737859 30.9729746 2.2656433
27.4422883 29.0999246 2.2968586
25.9364492 29.3719300 2.2790190
25.0143177 28.8341426 1.8344890
27.1922648 31.0230219 2.0360504
25.5576404 29.8796412 2.3432308
24.6608231 28.0947728 2.5340692
24.4534418 27.9240537 2.2638634
24.1596024 25.5457623 2.3848652
24.2117193 26.0636604 2.5935911
24.5936348 24.4592892 2.5286949
23.7849415 24.2589148 2.6625818
22.7764699 25.3153699 2.9672082
24.0668171 26.2361482 2.0937015
22.6259715 24.6040155 2.3482832
23.3128449 24.4421167 2.2937995
22.3312977 24.9787834 2.6747573
22.2910498 24.3370439 2.6220955
22.6487171 23.8136761 3.0531029
21.6424379 24.2863792 2.3833540
20.9881372 23.4689561 2.9457530
20.6171156 24.1635595 2.2905845
19.7819591 25.0846766 2.2381885
21.7377779 22.8506198 2.2707522
21.8210437 21.5285080 2.3838379
20.9128407 22.4998433 2.6682671
18.2855405 22.8784229 2.3478270
21.3409824 22.0992821 2.4114604
20.0898802 21.4217928 2.2883842
20.6294739 21.6536785 2.3556065
18.0462455 22.3799080 2.4423058
19.2906664 21.7449440 2.4939259
20.2230599 20.6702852 2.3825168
19.7556379 21.6760842 2.4782424
20.7143033 21.7232161 2.4302983
20.1284873 21.7125763 2.0018370
20.5750747 20.6484688 2.4107526
20.0987229 20.7504181 2.3581943
18.6953328 20.1892584 2.6332829
20.7720411 20.1974344 2.2972988
19.7079762 21.6094303 2.2909601
19.9779789 21.5886440 2.4246280
20.1090894 20.7429376 1.8739102
17.5924680 22.0048436 2.2274438
19.7685794 21.7649188 2.2628972
20.3573231 21.1901872 2.2665783
20.4990364 21.6685109 2.6091928
20.9250296 22.0764839 1.6419485
19.6280360 20.4636516 3.0414112
19.8654255 21.1848317 2.2443000
19.0918740 21.6093318 2.8689089
19.4985618 22.2568477 2.3532658
19.4864292 22.2612333 3.1492564
20.0797902 20.1745594 2.3820407
20.8007246 20.1811563 2.4316930
19.1817172 21.2189736 2.6147022
19.2864939 21.6122869 2.5710195
19.9462117 21.1787553 2.8150305
19.2973853 21.5649263 2.4953447
19.8965199 22.0283304 2.3007559
18.4150591 21.7643399 2.1765748
20.5839029 21.1564302 2.3739329
20.0359147 20.3788412 2.4757717
19.0518131 21.9256665 2.0801555
