0.3433980 0.0131192 -0.0392820 -0.9382764
0.3323734 0.0004668 -0.0135333 -0.9430507
0.3398435 -0.0078017 0.0043928 -0.9404394
0.3449399 -0.0010580 -0.0097529 -0.9385735
0.3430821 -0.0099988 0.0075976 -0.9392215
0.3416604 0.0014263 -0.0150005 -0.9397027
0.3430983 0.0027553 -0.0166115 -0.9391486
0.3345581 0.0001746 -0.0117423 -0.9423020
0.3388671 0.0084068 -0.0286773 -0.9403595
0.3389154 0.0043524 -0.0159366 -0.9406718
0.3347399 0.0088974 -0.0332532 -0.9416816
0.3425839 0.0079334 -0.0267726 -0.9390722
0.3413000 -0.0101058 0.0068271 -0.9398753
0.3350930 0.0033413 -0.0191897 -0.9419837
0.3375448 0.0029276 -0.0189966 -0.9411132
0.3377322 -0.0067842 -0.0064913 -0.9411954
0.3391009 -0.0026001 -0.0050001 -0.9407331
0.3464139 -0.0051205 0.0012593 -0.9380669
0.3339606 0.0008699 -0.0155586 -0.9424582
0.3386377 -0.0009211 -0.0087664 -0.9408755
0.3362216 0.0008972 -0.0149028 -0.9416645
0.3379322 0.0050608 -0.0252999 -0.9408167
0.3464061 -0.0013015 -0.0037896 -0.9380761
0.3374741 0.0111767 -0.0302170 -0.9407833
0.3349717 0.0020515 -0.0149199 -0.9421078
0.3296748 -0.0015530 -0.0010690 -0.9440927
0.3325281 -0.0247278 0.0300742 -0.9422893
0.3336441 0.0105335 -0.0279164 -0.9422268
0.3345681 -0.0094954 0.0139078 -0.9422211
0.3289090 -0.0158694 0.0064011 -0.9442066
0.3309759 0.0168656 -0.0436192 -0.9424796
0.3393937 -0.0014898 -0.0139593 -0.9405397
0.3242712 0.0006025 -0.0164576 -0.9458208
0.3317615 0.0005145 -0.0192633 -0.9431665
0.3321312 -0.0012846 -0.0029800 -0.9432276
0.3337131 -0.0023160 -0.0133389 -0.9425775
0.3398788 -0.0036692 -0.0086740 -0.9404221
0.3342787 0.0135694 -0.0293037 -0.9419209
0.3265722 -0.0064198 -0.0043517 -0.9451404
0.3351261 -0.0094259 0.0060382 -0.9421068
0.3362364 -0.0068467 0.0001778 -0.9417527
0.3303291 -0.0193498 0.0233388 -0.9433788
0.3400317 -0.0070063 0.0012440 -0.9403871
0.3367074 -0.0019454 -0.0077915 -0.9415751
0.3376348 -0.0178058 0.0160845 -0.9409713
0.3397906 -0.0050898 -0.0022119 -0.9404847
0.3365946 -0.0026339 -0.0050658 -0.9416323
0.3484809 0.0016994 -0.0158846 -0.9371797
0.3400840 -0.0034459 -0.0110393 -0.9403239
0.3403704 0.0082959 -0.0108686 -0.9401920
0.3458696 -0.0004296 -0.0099344 -0.9382299
0.3528258 -0.0071430 0.0043271 -0.9356518
0.3545004 0.0120146 -0.0309472 -0.9344664
0.3566627 0.0011739 -0.0176643 -0.9340655
0.3498373 0.0032433 -0.0206439 -0.9365774
0.3624008 -0.0076444 0.0001150 -0.9319910
0.3600572 -0.0047681 -0.0126885 -0.9328317
0.3612702 -0.0062556 -0.0064717 -0.9324177
0.3706890 -0.0009992 -0.0183076 -0.9285761
0.3619936 -0.0017263 -0.0061071 -0.9321590
0.3567696 0.0036305 -0.0165610 -0.9340385
0.3471781 -0.0071341 0.0047105 -0.9377602
0.3677450 -0.0117847 0.0025393 -0.9298485
0.3652481 -0.0128197 0.0040225 -0.9308133
0.3721507 -0.0035147 -0.0061546 -0.9281453
0.3640701 -0.0143155 0.0106431 -0.9312007
0.3667555 -0.0091243 -0.0065633 -0.9302495
0.3657669 0.0044729 -0.0213372 -0.9304511
0.3678949 0.0034853 -0.0104315 -0.9298024
0.3624668 0.0078707 -0.0243995 -0.9316440
0.3691272 0.0000824 -0.0092468 -0.9293329
0.3684535 0.0038753 -0.0262810 -0.9292665
0.3688986 -0.0038380 -0.0025538 -0.9294582
0.3715364 -0.0085922 -0.0008024 -0.9283783
0.3732453 0.0012481 -0.0059529 -0.9277127
0.3665037 -0.0083392 0.0007445 -0.9303789
0.3734129 0.0073768 -0.0259209 -0.9272737
0.3638064 -0.0098580 -0.0022710 -0.9314197
0.3829590 -0.0126470 0.0006669 -0.9236785
0.3730140 -0.0002146 -0.0019241 -0.9278237
0.3649437 0.0003846 -0.0262083 -0.9306606
0.3555045 -0.0067012 -0.0150415 -0.9345295
0.3721120 -0.0032456 -0.0121313 -0.9281029
0.3711243 -0.0021396 -0.0005709 -0.9285806
0.3602248 0.0017014 -0.0031277 -0.9328587
0.3585414 -0.0001010 -0.0129637 -0.9334238
0.3503656 0.0081715 -0.0208542 -0.9363452
0.3565325 0.0004882 -0.0080572 -0.9342480
0.3578457 0.0058405 -0.0156406 -0.9336315
0.3639653 -0.0046875 -0.0067957 -0.9313759
0.3670575 -0.0064746 -0.0046003 -0.9301643
0.3592160 -0.0023296 -0.0096653 -0.9332015
0.3614585 -0.0113050 0.0050059 -0.9323062
0.3617435 -0.0055778 -0.0083070 -0.9322239
0.3551734 -0.0000693 -0.0082538 -0.9347640
0.3706883 -0.0071865 0.0009155 -0.9287291
0.3508748 -0.0039881 -0.0115202 -0.9363430
0.3548693 -0.0031605 -0.0050449 -0.9348970
0.3519449 -0.0081332 0.0031444 -0.9359801
0.3667512 0.0037246 -0.0175685 -0.9301457
0.3477268 -0.0053567 -0.0050693 -0.9375669
0.3485696 -0.0079860 -0.0016972 -0.9372473
0.3577291 -0.0037442 -0.0037923 -0.9338102
0.3482146 -0.0107041 0.0024416 -0.9373505
0.3452362 -0.0166724 0.0070545 -0.9383412
0.3649636 -0.0032473 -0.0022196 -0.9310135
0.3642738 0.0007932 -0.0144649 -0.9311792
0.3577399 -0.0071378 0.0006270 -0.9337938
0.3563907 -0.0040926 -0.0046663 -0.9343164
0.3598405 -0.0059966 -0.0032493 -0.9329889
0.3570675 -0.0131638 0.0014039 -0.9339848
0.3707582 0.0011033 -0.0097808 -0.9286773
0.3521460 -0.0009226 -0.0088983 -0.9359023
0.3574278 -0.0028775 -0.0010501 -0.9339357
0.3585059 -0.0041576 -0.0105781 -0.9334583
0.3502221 -0.0067214 -0.0029164 -0.9366380
0.3495950 -0.0031841 -0.0035998 -0.9368886
0.3643161 -0.0048024 0.0020547 -0.9312607
0.3761790 -0.0062961 0.0008890 -0.9265252
0.3508895 -0.0048932 -0.0039040 -0.9363959
0.3751748 -0.0021650 -0.0036176 -0.9269445
0.3608489 -0.0103924 -0.0063355 -0.9325449
0.3500605 -0.0059038 -0.0000517 -0.9367085
0.3263049 -0.0098749 0.0037232 -0.9452056
0.3605668 -0.0040086 -0.0075560 -0.9326942
0.3504458 0.0037999 -0.0131521 -0.9364830
0.3687847 -0.0056751 -0.0121801 -0.9294177
0.3450581 0.0009637 -0.0147007 -0.9384657
0.3350781 -0.0084841 -0.0044958 -0.9421414
0.3496206 -0.0039411 -0.0085889 -0.9368437
0.3339964 -0.0100088 -0.0011495 -0.9425205
0.3380025 -0.0084180 -0.0020819 -0.9411053
0.3299546 -0.0053938 -0.0092312 -0.9439363
0.3321521 -0.0130806 -0.0085707 -0.9430962
0.3414638 -0.0061314 -0.0037045 -0.9398676
0.3551246 -0.0125277 -0.0033978 -0.9347288
0.3482866 -0.0057009 0.0069591 -0.9373449
0.3430024 -0.0053436 -0.0018329 -0.9393175
0.3464947 -0.0014391 -0.0179387 -0.9378793
0.3331415 -0.0116301 -0.0056240 -0.9427883
0.3367551 -0.0057766 -0.0050071 -0.9415612
0.3481676 -0.0035847 -0.0094046 -0.9373783
0.3345726 -0.0090311 -0.0025495 -0.9423232
0.3241154 -0.0129342 -0.0061158 -0.9459094
0.3183921 -0.0036295 -0.0101396 -0.9478979
0.3545557 -0.0021799 -0.0137173 -0.9349317
0.3459978 -0.0159169 -0.0046510 -0.9380888
0.3133346 -0.0112235 -0.0038941 -0.9495685
0.3250238 -0.0067752 -0.0111146 -0.9456163
0.3486751 -0.0140784 -0.0050074 -0.9371245
0.3312284 -0.0190768 0.0063526 -0.9433363
0.3414570 -0.0092936 -0.0001072 -0.9398514
0.3357370 -0.0040066 -0.0131677 -0.9418552
0.3289042 -0.0141997 -0.0051851 -0.9442423
0.3623762 -0.0133509 -0.0073413 -0.9319074
0.3702941 -0.0060647 -0.0059648 -0.9288756
0.3813949 -0.0189648 0.0048412 -0.9242050
0.3663299 -0.0096544 -0.0096290 -0.9303851
0.3851938 -0.0092885 -0.0094485 -0.9227406
0.3908428 -0.0132350 -0.0001652 -0.9203623
0.3756377 -0.0111726 -0.0011550 -0.9266985
0.4119418 -0.0177677 -0.0024207 -0.9110337
0.4011407 -0.0094976 -0.0049882 -0.9159536
0.3998375 -0.0078119 -0.0073358 -0.9165234
0.3744757 -0.0168277 0.0016558 -0.9270826
0.4133898 -0.0200069 -0.0075860 -0.9103027
0.4154114 -0.0022503 -0.0217215 -0.9093715
0.4383817 -0.0094270 -0.0084942 -0.8986993
0.4251854 -0.0080675 -0.0080131 -0.9050349
0.4228707 -0.0119962 -0.0032026 -0.9061050
0.4389862 -0.0039723 -0.0077439 -0.8984516
0.4605275 -0.0089904 -0.0085875 -0.8875584
0.4633253 -0.0140931 -0.0010441 -0.8860756
0.4622413 -0.0023800 -0.0126434 -0.8866609
0.4557059 -0.0057135 -0.0113621 -0.8900396
0.4707869 -0.0096708 -0.0085081 -0.8821529
0.4803295 -0.0053800 -0.0068722 -0.8770447
0.4905530 -0.0058226 -0.0085609 -0.8713498
0.5064008 0.0000654 -0.0181689 -0.8621068
0.4957555 -0.0087607 -0.0017410 -0.8684162
0.5025496 -0.0054544 -0.0111409 -0.8644594
0.5130461 -0.0017119 -0.0106549 -0.8582932
0.5190820 0.0226555 -0.0351965 -0.8536989
0.5298708 -0.0094254 -0.0018578 -0.8480240
0.5296972 -0.0081682 -0.0081581 -0.8481083
0.5389267 -0.0119736 -0.0121742 -0.8421796
0.5462861 -0.0092751 -0.0051865 -0.8375312
0.5459099 -0.0079031 -0.0077397 -0.8377709
0.5475057 -0.0136257 -0.0019537 -0.8366887
0.5549890 -0.0054488 -0.0048626 -0.8318257
0.5481075 -0.0092957 -0.0034022 -0.8363493
0.5583520 -0.0089202 -0.0080457 -0.8295172
0.5652402 -0.0055618 -0.0113353 -0.8248297
0.5575719 -0.0114468 0.0012057 -0.8300488
0.5763889 -0.0042639 -0.0067457 -0.8171366
0.5683098 -0.0065832 -0.0107734 -0.8227178
0.5694135 -0.0091570 -0.0019680 -0.8219979
0.5613104 -0.0094258 -0.0061860 -0.8275286
0.5764511 0.0089900 -0.0253334 -0.8166893
0.5759673 -0.0108995 0.0001390 -0.8174000
0.5738447 -0.0077117 -0.0058310 -0.8189070
0.5712874 -0.0107190 0.0010450 -0.8206794
0.5648873 -0.0207795 0.0096169 -0.8248503
0.5794836 -0.0192579 0.0072752 -0.8147239
0.5688555 -0.0193379 0.0035216 -0.8222025
0.5820838 -0.0028082 -0.0141620 -0.8130006
0.5794846 -0.0100957 -0.0027110 -0.8149161
0.5762992 -0.0076549 -0.0031362 -0.8171969
0.5719154 -0.0098979 -0.0041815 -0.8202422
0.5743275 -0.0091726 -0.0044965 -0.8185619
0.5758990 -0.0042340 -0.0145314 -0.8173807
0.5656155 -0.0214406 0.0128757 -0.8242898
0.5714864 -0.0127091 -0.0041408 -0.8205027
0.5763631 -0.0103362 -0.0028978 -0.8171232
0.5719516 -0.0033289 -0.0127733 -0.8201811
0.5636368 -0.0270359 0.0160143 -0.8254248
0.5694184 -0.0062843 -0.0158210 -0.8218716
0.5720874 -0.0175698 0.0009374 -0.8200039
0.5667281 -0.0040820 -0.0187297 -0.8236819
0.5797105 -0.0181493 0.0067776 -0.8145922
0.5740051 0.0095205 -0.0326420 -0.8181455
0.5686239 -0.0119142 0.0015253 -0.8225099
0.5636517 -0.0038552 -0.0165892 -0.8258369
0.5658079 -0.0163806 0.0052941 -0.8243573
0.5635638 -0.0078278 -0.0070964 -0.8260050
0.5742595 -0.0004194 -0.0139454 -0.8185544
0.5711272 0.0007911 -0.0123959 -0.8207676
0.5661772 -0.0010133 -0.0186211 -0.8240726
0.5715094 -0.0108392 -0.0058943 -0.8205028
0.5650894 0.0022789 -0.0262982 -0.8246073
0.5656543 0.0019477 -0.0152015 -0.8245000
0.5759217 0.0082109 -0.0253868 -0.8170693
0.5699183 -0.0047574 -0.0097986 -0.8216292
0.5673426 -0.0057183 -0.0070072 -0.8234322
0.5618423 0.0072931 -0.0261624 -0.8267984
0.5627527 0.0014013 -0.0225292 -0.8263171
0.5694871 -0.0022810 -0.0088109 -0.8219499
0.5592665 0.0076824 -0.0274037 -0.8284992
0.5660626 0.0179753 -0.0402675 -0.8231820
0.5594027 0.0018275 -0.0138186 -0.8287788
0.5611365 -0.0136021 0.0087325 -0.8275654
0.5738573 0.0069324 -0.0246898 -0.8185537
0.5636093 -0.0005020 -0.0097294 -0.8259840
0.5611057 -0.0036400 -0.0081977 -0.8276955
0.5558228 0.0003047 -0.0132858 -0.8311945
0.5563817 -0.0083302 -0.0042251 -0.8308743
0.5599287 -0.0032829 -0.0106826 -0.8284654
0.5645670 -0.0006998 -0.0081732 -0.8253465
0.5493275 0.0151979 -0.0306175 -0.8349077
0.5522757 -0.0042707 -0.0128977 -0.8335508
0.5549585 -0.0018655 -0.0142741 -0.8317535
0.5559246 0.0065285 -0.0276262 -0.8307478
0.5603687 0.0032517 -0.0195307 -0.8280066
0.5597290 -0.0006049 -0.0080605 -0.8286363
0.5516021 -0.0069036 -0.0077405 -0.8340429
0.5682040 0.0040879 -0.0210713 -0.8226078
0.5645713 0.0069976 -0.0194728 -0.8251249
0.5486720 -0.0079810 -0.0073530 -0.8359673
0.5499978 0.0158843 -0.0316494 -0.8344150
0.5468609 -0.0095434 0.0011884 -0.8371682
0.5513846 -0.0037229 -0.0119057 -0.8341579
0.5350540 0.0080381 -0.0270852 -0.8443453
0.5467783 -0.0063120 -0.0066221 -0.8372274
0.5384707 0.0075906 -0.0271575 -0.8421723
0.5471173 0.0120895 -0.0283156 -0.8364895
0.5283056 -0.0009580 -0.0182472 -0.8488577
0.5439803 -0.0078956 -0.0041052 -0.8390508
0.5414630 -0.0014786 -0.0150594 -0.8405884
0.5472653 0.0023531 -0.0157291 -0.8368081
0.5608597 0.0007100 -0.0214879 -0.8276317
0.5315070 0.0002999 -0.0191396 -0.8468376
0.5444423 -0.0096370 -0.0058711 -0.8387224
0.5405371 -0.0134032 0.0051342 -0.8411977
0.5469582 0.0010968 -0.0181270 -0.8369629
0.5521602 0.0000764 -0.0158661 -0.8335870
0.5400227 0.0037106 -0.0220273 -0.8413540
0.5400353 0.0117653 -0.0327847 -0.8409213
0.5432407 0.0044632 -0.0230593 -0.8392484
0.5385810 -0.0085830 -0.0097222 -0.8424739
0.5358387 0.0060292 -0.0257267 -0.8439068
0.5368463 -0.0062256 -0.0145750 -0.8435312
0.5471047 -0.0099206 -0.0086087 -0.8369611
0.5280698 -0.0102894 -0.0093353 -0.8490873
0.5551171 0.0012615 -0.0216615 -0.8314891
0.5297810 0.0060212 -0.0245297 -0.8477583
0.5387203 -0.0017890 -0.0056431 -0.8424639
0.5433424 -0.0083010 -0.0088475 -0.8394235
0.5352069 0.0036065 -0.0178378 -0.8445250
0.5460722 -0.0009773 -0.0195184 -0.8375101
0.5438546 0.0142008 -0.0295045 -0.8385404
0.5421671 0.0009843 -0.0189587 -0.8400562
0.5329692 -0.0093378 -0.0060840 -0.8460612
0.5487403 0.0114801 -0.0306668 -0.8353513
0.5366929 0.0060030 -0.0303606 -0.8432099
0.5303536 0.0101739 -0.0272389 -0.8472778
0.5388667 0.0051060 -0.0167556 -0.8422089
0.5402676 -0.0266058 0.0143143 -0.8409507
0.5498920 0.0063892 -0.0023636 -0.8352080
0.5282081 0.0073073 -0.0265058 -0.8486697
0.5417605 -0.0019636 -0.0175916 -0.8403465
0.5461933 -0.0002720 -0.0197018 -0.8374274
0.5381673 -0.0038979 -0.0156185 -0.8426843
0.5656340 -0.0039092 -0.0117611 -0.8245633
0.5606054 -0.0044887 -0.0126921 -0.8279736
0.5343603 -0.0050125 -0.0113859 -0.8451653
0.5356931 0.0003881 -0.0087217 -0.8443676
0.5554075 0.0028116 -0.0115309 -0.8314936
0.5615345 -0.0000325 -0.0276791 -0.8269902
0.5579994 0.0006509 -0.0128842 -0.8297411
0.5584534 -0.0011783 -0.0084711 -0.8294918
0.5550158 -0.0006825 -0.0123315 -0.8317481
0.5518886 -0.0059835 -0.0208253 -0.8336363
0.5516343 0.0003103 -0.0133679 -0.8339789
0.5723671 -0.0074937 -0.0143308 -0.8198380
0.5479213 0.0019745 -0.0323150 -0.8359032
0.5689061 -0.0016270 -0.0124387 -0.8223068
0.5617622 -0.0067786 -0.0232502 -0.8269442
0.5500386 -0.0031522 -0.0146997 -0.8350039
0.5502842 -0.0041165 -0.0139612 -0.8348505
0.5492401 -0.0061398 -0.0172718 -0.8354635
0.5621018 -0.0024987 -0.0207956 -0.8268028
0.5365820 -0.0039934 -0.0228971 -0.8435280
0.5499641 -0.0106251 -0.0155049 -0.8349768
0.5469999 0.0022272 -0.0257343 -0.8367341
0.5526781 -0.0010921 -0.0175479 -0.8332094
0.5414976 -0.0052198 -0.0129389 -0.8405865
0.5510081 0.0018530 -0.0145077 -0.8343717
0.5287556 -0.0043604 -0.0138599 -0.8486498
0.5523024 0.0010954 -0.0121454 -0.8335547
0.5473425 -0.0070512 0.0003750 -0.8368789
0.5298724 0.0004789 -0.0082940 -0.8480367
0.5258223 -0.0111168 -0.0130465 -0.8504217
0.5544554 -0.0058725 -0.0239492 -0.8318481
0.5451812 -0.0092759 -0.0092521 -0.8382158
0.5488027 -0.0016489 -0.0210852 -0.8356843
0.5559232 -0.0095048 -0.0099182 -0.8311201
0.5467235 -0.0085530 -0.0192863 -0.8370474
0.5565756 -0.0005169 -0.0236143 -0.8304611
0.5502999 -0.0021395 -0.0172208 -0.8347867
0.5596376 -0.0051155 -0.0171490 -0.8285442
0.5552906 -0.0054554 -0.0061118 -0.8316160
0.5422269 -0.0067867 -0.0210675 -0.8399405
0.5473252 -0.0098279 -0.0119563 -0.8367769
0.5404419 -0.0041142 -0.0269191 -0.8409405
0.5425072 -0.0138475 -0.0155950 -0.8397922
0.5743625 -0.0040441 -0.0156410 -0.8184416
0.5521423 -0.0126609 -0.0150119 -0.8335186
0.5633842 -0.0081563 -0.0151716 -0.8260155
0.5852443 -0.0099528 -0.0044554 -0.8107837
0.5639427 -0.0097958 -0.0139983 -0.8256372
0.5805270 0.0083143 -0.0024218 -0.8141950
0.5750183 -0.0121769 -0.0158461 -0.8178964
0.5634878 -0.0135373 -0.0240093 -0.8256645
0.5704972 -0.0032356 -0.0131153 -0.8211884
0.5727208 -0.0062174 -0.0121168 -0.8196373
0.5658590 -0.0114896 -0.0171357 -0.8242439
0.5780101 -0.0031196 -0.0118896 -0.8159370
0.5596884 -0.0137211 -0.0230772 -0.8282681
0.5513369 -0.0051216 -0.0162415 -0.8341089
0.5533874 -0.0059651 -0.0173939 -0.8327210
0.5434314 -0.0103240 -0.0156221 -0.8392447
0.5657839 0.0055631 -0.0074678 -0.8245010
0.5461875 -0.0053099 -0.0108910 -0.8375753
0.5438588 -0.0086316 -0.0125095 -0.8390391
0.5469906 -0.0125178 -0.0181442 -0.8368485
0.5484986 -0.0064778 -0.0124057 -0.8360344
0.5714497 -0.0160608 -0.0187537 -0.8202656
0.5313011 -0.0018195 -0.0153635 -0.8470418
0.5592518 -0.0058865 -0.0198861 -0.8287384
0.5418989 -0.0070107 -0.0116703 -0.8403334
0.5408574 -0.0034896 -0.0180591 -0.8409132
0.5331574 -0.0135226 -0.0133895 -0.8458020
0.5430034 -0.0029893 -0.0129384 -0.8396255
0.5294416 0.0011912 -0.0102288 -0.8482839
0.5293063 -0.0040640 -0.0032287 -0.8484149
0.5241124 -0.0047040 -0.0038533 -0.8516274
0.5253529 -0.0154761 -0.0082235 -0.8507040
0.5442267 -0.0103967 -0.0157977 -0.8387250
0.5350021 0.0006674 -0.0039747 -0.8448411
0.5060663 -0.0069200 -0.0062081 -0.8624445
0.5177845 -0.0158284 -0.0124813 -0.8552736
0.5026930 -0.0083296 -0.0047959 -0.8644116
0.4735748 -0.0051649 -0.0095144 -0.8806870
0.4827607 -0.0040333 -0.0071185 -0.8757141
0.4926576 -0.0013169 -0.0049780 -0.8702080
0.4929473 0.0054047 0.0083000 -0.8700028
0.4647601 -0.0183932 -0.0199796 -0.8850201
0.4592876 -0.0188943 -0.0140796 -0.8879750
0.4740765 -0.0291807 -0.0208546 -0.8797528
0.4213693 0.0110181 0.0052871 -0.9068068
0.4304266 -0.0239611 -0.0222901 -0.9020322
0.4218455 -0.0133474 -0.0096199 -0.9065184
0.4117332 -0.0296554 -0.0215336 -0.9105672
0.3799795 -0.0184296 -0.0204855 -0.9245844
0.3928688 -0.0180526 -0.0093666 -0.9193696
0.3440994 -0.0175070 0.0040879 -0.9387611
0.3360748 -0.0000872 0.0086678 -0.9417954
0.3510932 -0.0220500 0.0061175 -0.9360609
0.3122853 -0.0211156 0.0097123 -0.9497040
0.2961180 -0.0269504 0.0064614 -0.9547492
0.2529917 -0.0279924 0.0143733 -0.9669566
0.3597002 -0.0599940 -0.0011456 -0.9311365
0.2647933 -0.0540313 -0.0139818 -0.9626888
0.2665286 -0.0517473 0.0079859 -0.9624037
0.2240141 -0.0593591 0.0126525 -0.9726942
0.2547722 -0.0523938 0.0045712 -0.9655698
0.2606059 -0.0854637 -0.0035573 -0.9616485
0.2104197 -0.0729437 0.0324123 -0.9743471
0.1954711 -0.0915091 0.0145252 -0.9763228
0.2714714 -0.1571158 0.0561850 -0.9478719
0.1845851 -0.1207767 0.0189767 -0.9751827
0.2435262 -0.0954698 0.0366004 -0.9644900
0.1862451 -0.1556996 0.0363968 -0.9694048
0.1927148 -0.0740593 0.0456895 -0.9773887
0.2121575 -0.1879809 0.0109521 -0.9589225
0.1255860 -0.1834881 0.0037281 -0.9749597
0.0488139 0.1434416 -0.0128423 0.9883708
0.0522704 -0.1548176 -0.0012415 -0.9865585
0.1036379 0.1994162 0.0038104 0.9744115
0.2502495 0.1624354 0.0009873 0.9544574
0.0114652 -0.2693041 0.0245701 -0.9626734
0.0852984 0.0954375 -0.0046723 0.9917631
0.2771801 0.0962964 -0.0041916 0.9559710
0.2949822 0.1657245 0.0137158 0.9409212
0.3316715 0.2505954 -0.0139524 0.9093961
0.2164141 0.1456520 -0.0375745 0.9646443
0.2955858 0.1465016 -0.0036996 0.9440088
0.3895206 0.1251651 -0.0062950 0.9124515
0.3370370 0.0874610 -0.0161332 0.9372814
0.3904213 0.1093668 0.0118023 0.9140409
0.3820704 0.0942711 -0.0121047 0.9192326
0.4351003 0.0630397 -0.0191177 0.8979690
0.4498686 0.1187022 0.0050792 0.8851566
0.5654212 0.0700322 -0.0061666 0.8218007
0.4688890 0.0739300 -0.0147923 0.8800333
0.4810220 0.1311739 -0.0092588 0.8667904
0.4650313 0.0871644 -0.0148323 0.8808679
0.4987317 0.0124149 -0.0357684 0.8659291
0.5227181 0.0863902 -0.0227446 0.8478120
0.5008104 0.0711349 -0.0099097 0.8625721
0.5304953 0.1500798 0.0214873 0.8340198
0.4956986 0.1073604 0.0162456 0.8616802
0.5157154 0.0990463 0.0130509 0.8509155
0.5649394 0.0779843 -0.0070330 0.8214088
0.5743034 0.1032708 0.0365590 0.8112794
0.5348975 0.0810794 0.0266447 0.8405955
0.5816800 0.1223762 0.0223384 0.8038491
0.5597078 0.0807644 0.0068794 0.8247163
0.6066472 0.0517323 0.0094047 0.7932304
0.6213533 0.0427650 0.0011978 0.7823617
0.6110166 0.0452459 0.0001029 0.7903237
0.6483049 0.0386903 0.0180413 0.7601831
0.6330521 0.0434773 0.0076002 0.7728500
0.6484937 0.0660062 0.0219184 0.7580360
0.6764940 0.0327864 -0.0031051 0.7357115
0.6430055 0.0455103 0.0077753 0.7644686
0.6442316 0.0557655 0.0465159 0.7613751
0.6899356 0.0295868 -0.0032179 0.7232587
0.6334441 0.0350398 0.0203203 0.7727276
0.7065354 0.0128895 -0.0101232 0.7074879
0.7039373 0.0130672 -0.0216281 0.7098124
0.6883679 0.0129454 -0.0103267 0.7251727
0.6785637 0.0355708 0.0187477 0.7334402
0.6688279 0.0293265 0.0131636 0.7427220
0.7058936 0.0368196 0.0411739 0.7061610
0.7009762 0.0261372 0.0308764 0.7120364
0.7671917 0.0546743 0.0515231 0.6370031
0.6988982 0.0235133 -0.0396468 0.7137342
0.7156563 0.0220060 0.0103992 0.6980284
0.7160343 0.0188430 0.0093400 0.6977482
0.7173491 0.0229760 0.0010223 0.6963342
0.7041786 0.0236969 -0.0058171 0.7096035
0.7398488 0.0218315 -0.0117154 0.6723168
0.7054754 0.0037031 -0.0067162 0.7086929
0.7218405 0.0226591 -0.0154998 0.6915148
0.7330648 0.0177493 -0.0127610 0.6798074
0.6949946 0.0240921 -0.0095719 0.7185475
0.6842452 0.0187261 -0.0136487 0.7288838
0.6993553 0.0134378 -0.0201248 0.7143645
0.6801062 0.0125006 -0.0019933 0.7330043
0.6671880 -0.0029211 -0.0014834 0.7448822
0.6683144 0.0204580 0.0328072 0.7428735
0.6425201 0.0033532 -0.0170797 0.7660712
0.6428169 -0.0034807 -0.0027540 0.7660070
0.6550864 0.0107472 0.0070185 0.7554449
0.6418684 -0.0005386 -0.0066016 0.7667862
0.6218102 0.0003165 -0.0004837 0.7831678
0.5999309 0.0115947 0.0091105 0.7999159
0.6025111 0.0052071 -0.0053150 0.7980758
0.5825621 0.0084321 0.0004306 0.8127424
0.5840773 0.0226326 -0.0079456 0.8113436
0.5624182 0.0128016 0.0117302 0.8266706
0.5685590 0.0118833 0.0099896 0.8224960
0.5484257 -0.0091247 -0.0153964 0.8360077
0.5530900 -0.0001458 0.0018088 0.8331195
0.5724631 0.0022576 -0.0016019 0.8199258
0.5733769 0.0061634 -0.0118133 0.8191833
0.5711686 0.0076014 -0.0039246 0.8207882
0.5636595 0.0091845 0.0113737 0.8258779
0.5769394 -0.0021660 -0.0027269 0.8167795
0.5529311 -0.0018963 0.0032618 0.8332184
0.5826549 0.0182310 0.0027431 0.8125105
0.5855361 0.0073496 -0.0054090 0.8105950
0.5815963 -0.0119864 -0.0031105 0.8133833
0.6018179 0.0072731 0.0067114 0.7985720
0.6111757 0.0032882 -0.0027829 0.7914832
0.6026249 0.0106905 -0.0037563 0.7979442
0.6239393 0.0181583 0.0028518 0.7812566
0.6455999 0.0116306 -0.0041853 0.7635758
0.6594212 0.0024207 -0.0061857 0.7517443
0.6653803 0.0055978 -0.0051166 0.7464661
0.6862081 0.0109157 0.0018199 0.7273211
0.6920509 0.0007061 -0.0039851 0.7218374
0.7066727 0.0085411 0.0030318 0.7074826
0.7172895 0.0106459 0.0005760 0.6966937
0.7273737 0.0028388 0.0038814 0.6862248
0.7319656 0.0131383 -0.0026525 0.6812097
0.7445113 0.0031254 -0.0001687 0.6676025
0.7557369 0.0047964 0.0005705 0.6548576
0.7553932 0.0245098 -0.0032618 0.6548051
0.7812791 0.0127808 -0.0057973 0.6240240
0.7782933 -0.0004203 -0.0098606 0.6278233
0.7865001 0.0042633 -0.0065535 0.6175406
0.7886632 0.0025818 -0.0067088 0.6147834
0.8041510 0.0131901 -0.0021879 0.5942747
0.8085010 0.0235352 0.0030310 0.5880162
0.8198759 0.0027773 -0.0057731 0.5725054
0.8203812 0.0020812 -0.0077626 0.5717605
0.8235719 0.0147342 -0.0007706 0.5670199
0.8197654 -0.0024874 -0.0063754 0.5726585
0.8246786 -0.0041837 -0.0037864 0.5655734
0.8276460 0.0089626 0.0024864 0.5611734
0.8293619 -0.0034483 -0.0102405 0.5586072
0.8286768 0.0154039 -0.0007271 0.5595149
0.8302909 -0.0028861 -0.0130480 0.5571700
0.8288395 -0.0040262 -0.0115509 0.5593527
0.8387599 -0.0039010 -0.0142631 0.5443006
0.8324670 0.0075635 -0.0040712 0.5540080
0.8398023 -0.0081418 -0.0158306 0.5426004
0.8328868 -0.0132128 -0.0175239 0.5530080
0.8336275 0.0037128 -0.0098972 0.5522259
0.8271208 -0.0078539 -0.0121976 0.5618370
0.8294161 0.0060543 -0.0021724 0.5585943
0.8282470 0.0011230 -0.0103359 0.5602667
0.8223052 0.0047115 -0.0069697 0.5689845
0.8247655 -0.0080232 -0.0130458 0.5652675
0.8341108 0.0131531 -0.0033196 0.5514302
0.8204450 0.0242646 -0.0023512 0.5712055
0.8254053 -0.0023982 -0.0131967 0.5643813
0.8187950 0.0018089 -0.0086726 0.5740176
0.8273865 -0.0176095 -0.0256828 0.5607690
0.8238452 0.0024662 -0.0066069 0.5667710
0.8231307 -0.0010778 -0.0108882 0.5677466
0.8334387 0.0115671 -0.0027653 0.5524839
0.8264425 0.0006947 -0.0117697 0.5628977
0.8238259 -0.0095945 -0.0135939 0.5665986
0.8212995 0.0034891 -0.0050023 0.5704647
0.8272546 0.0056626 -0.0095824 0.5617169
0.8240305 0.0057516 -0.0051082 0.5664933
0.8248451 -0.0046600 -0.0126455 0.5651982
0.8197711 0.0011211 -0.0123586 0.5725568
0.8225615 0.0069372 -0.0080618 0.5685766
0.8275335 -0.0000382 -0.0148201 0.5612207
0.8286112 0.0138994 -0.0065533 0.5596135
0.8230781 -0.0002360 -0.0092142 0.5678534
0.8197550 0.0187158 -0.0064286 0.5723724
0.8277472 0.0062132 -0.0119928 0.5609387
0.8360904 0.0016283 -0.0111937 0.5484751
0.8330518 -0.0058275 -0.0160680 0.5529309
0.8253683 0.0063587 -0.0118623 0.5644342
0.8230659 0.0051177 -0.0097495 0.5678391
0.8297872 -0.0030120 -0.0089434 0.5580001
0.8350405 0.0047081 -0.0090667 0.5500937
0.8349390 0.0163095 -0.0076461 0.5500477
0.8232144 0.0082286 -0.0084477 0.5676081
0.8393025 0.0304386 0.0048292 0.5427905
0.8280141 0.0074675 -0.0084979 0.5605932
0.8289882 0.0027075 -0.0105526 0.5591600
0.8285831 0.0047010 -0.0098813 0.5597592
0.8284331 0.0023714 -0.0119334 0.5599559
0.8295755 -0.0004028 -0.0133165 0.5582355
0.8435801 0.0065781 -0.0069454 0.5369181
0.8418165 -0.0093149 -0.0169020 0.5394187
0.8391063 0.0051373 -0.0098228 0.5438546
0.8363160 0.0136182 -0.0067472 0.5480369
0.8419683 0.0050847 -0.0152640 0.5392870
0.8383219 0.0128329 -0.0063668 0.5449874
0.8313927 0.0071117 -0.0093064 0.5555618
0.8299183 0.0112421 -0.0016620 0.5577691
0.8411628 0.0091901 -0.0044596 0.5406855
0.8363400 0.0119771 -0.0052901 0.5480546
0.8404637 0.0104459 -0.0070784 0.5417210
0.8274284 0.0054591 -0.0095025 0.5614643
0.8321338 0.0110279 -0.0085419 0.5543994
0.8310617 0.0067161 -0.0082113 0.5560790
0.8401161 0.0104182 -0.0058524 0.5422750
0.8385156 -0.0033231 -0.0124608 0.5447250
0.8389931 0.0054377 -0.0066960 0.5440737
0.8390938 0.0225907 -0.0002137 0.5435175
0.8311052 -0.0097589 -0.0186159 0.5557179
0.8381674 -0.0007265 -0.0096138 0.5453278
0.8390969 -0.0027467 -0.0144227 0.5437838
0.8444777 0.0064946 -0.0092510 0.5354715
0.8410239 0.0002778 -0.0124537 0.5408545
0.8381231 -0.0045876 -0.0183206 0.5451541
0.8436789 0.0090760 -0.0151348 0.5365581
0.8421531 0.0074216 -0.0077589 0.5391316
0.8421600 0.0039227 -0.0147779 0.5390108
0.8362872 0.0148095 -0.0016724 0.5480890
0.8407059 -0.0033341 -0.0152280 0.5412675
0.8437939 0.0043104 -0.0093061 0.5365694
0.8353307 -0.0040388 -0.0156657 0.5495097
0.8432844 0.0138963 -0.0038224 0.5372744
0.8456154 0.0042379 -0.0085114 0.5337080
0.8431336 0.0098421 -0.0059740 0.5375808
0.8391065 -0.0016430 -0.0139379 0.5437861
0.8374253 0.0023029 -0.0008899 0.5465462
0.8462146 0.0062739 -0.0116163 0.5326786
0.8389001 -0.0063891 -0.0178653 0.5439546
0.8343891 0.0019677 -0.0135637 0.5510054
0.8328818 0.0007400 -0.0158112 0.5532245
0.8418723 -0.0008853 -0.0168157 0.5394140
0.8343889 0.0050375 -0.0096842 0.5510680
0.8474699 0.0049609 -0.0103964 0.5307185
0.8457242 0.0092220 -0.0082449 0.5334768
0.8393402 0.0136204 -0.0029127 0.5434280
0.8374609 0.0052582 -0.0054028 0.5464453
0.8422067 0.0058947 -0.0094855 0.5390391
0.8286517 0.0075671 -0.0091281 0.5596390
0.8328464 0.0008886 -0.0082294 0.5534422
0.8349347 -0.0069204 -0.0170002 0.5500429
0.8512942 0.0050161 -0.0064920 0.5246245
0.8468535 0.0087300 -0.0074826 0.5317019
0.8438909 0.0059492 -0.0073996 0.5364308
0.8415635 0.0014206 -0.0119920 0.5400232
0.8473941 0.0064627 -0.0073030 0.5308748
0.8515980 0.0107806 -0.0101303 0.5239866
0.8464387 0.0002283 -0.0136944 0.5323100
0.8380548 0.0137776 -0.0102000 0.5453167
0.8542441 0.0042872 -0.0121666 0.5197121
0.8564181 0.0109606 -0.0035884 0.5161540
0.8540850 -0.0060049 -0.0170486 0.5198193
0.8467570 0.0099767 -0.0122617 0.5317450
0.8500115 0.0073732 -0.0087419 0.5266399
0.8436635 0.0185087 -0.0118340 0.5364227
0.8467159 -0.0031771 -0.0132099 0.5318718
0.8488721 0.0004172 -0.0068864 0.5285533
0.8360118 0.0046684 -0.0091626 0.5486151
0.8401574 0.0122774 -0.0074428 0.5421526
0.8391126 0.0047645 -0.0082852 0.5438738
0.8425523 0.0086303 -0.0068718 0.5385016
0.8398349 0.0115046 -0.0077103 0.5426652
0.8432191 0.0010579 -0.0138363 0.5373909
0.8569253 0.0052664 -0.0113008 0.5152899
0.8452567 0.0157204 0.0013670 0.5341275
0.8487338 0.0157260 -0.0054568 0.5285582
0.8442291 0.0019401 -0.0177079 0.5356864
0.8400333 0.0139115 -0.0020672 0.5423525
0.8484448 0.0137254 -0.0042601 0.5290887
0.8405103 0.0053414 -0.0107703 0.5416622
0.8412082 0.0109499 -0.0086248 0.5405316
0.8358706 0.0141440 -0.0182405 0.5484410
0.8471191 0.0057362 -0.0099128 0.5312796
0.8433300 0.0119180 -0.0054366 0.5372364
0.8394970 0.0100444 -0.0059794 0.5432386
0.8360340 0.0081050 -0.0077443 0.5485631
0.8438623 0.0111967 -0.0062745 0.5364062
0.8394711 0.0051312 -0.0109544 0.5432696
0.8326327 0.0061907 -0.0094128 0.5537110
0.8312793 0.0019387 -0.0097888 0.5557653
0.8396816 0.0068084 -0.0080551 0.5429766
0.8280645 0.0061814 -0.0159405 0.5603721
0.8435188 0.0035319 -0.0220146 0.5366367
0.8303947 0.0114210 -0.0073051 0.5570107
0.8256952 0.0092548 -0.0083227 0.5639792
0.8252085 0.0089075 -0.0071677 0.5647125
0.8266036 0.0072050 -0.0094563 0.5626590
0.8209824 0.0132609 -0.0073792 0.5707518
0.8171759 0.0093927 -0.0146485 0.5761257
0.8354779 0.0101717 -0.0077443 0.5493753
0.8176010 0.0098321 -0.0115212 0.5755860
0.8219322 0.0091697 -0.0147600 0.5693202
0.8292208 0.0061752 -0.0162658 0.5586503
0.8230513 0.0031415 -0.0101768 0.5678671
0.8057207 0.0094607 -0.0100300 0.5921351
0.8017886 0.0040510 -0.0016979 0.5975916
0.7932251 0.0070455 -0.0186288 0.6086027
0.7991206 0.0072711 -0.0126950 0.6009927
0.7885239 0.0144479 -0.0078282 0.6147845
0.7912879 0.0144965 -0.0096827 0.6111952
0.8039036 0.0134104 -0.0106593 0.5945129
0.7944807 -0.0033641 -0.0210209 0.6069162
0.8109481 0.0020364 -0.0115552 0.5850005
0.7929533 0.0189908 -0.0101194 0.6089023
0.7988139 0.0081295 -0.0117840 0.6014078
0.7968433 0.0060156 -0.0099445 0.6040742
0.7824782 0.0021193 -0.0154262 0.6224832
0.7946885 0.0141295 -0.0113206 0.6067474
0.7713828 0.0065103 -0.0123383 0.6362185
0.7866241 -0.0008032 -0.0144123 0.6172635
0.7719272 0.0074581 -0.0114248 0.6355645
0.7767375 0.0162859 -0.0068296 0.6295769
0.7685752 0.0149527 -0.0142207 0.6394265
0.7951027 0.0157346 -0.0134034 0.6061225
0.7980210 0.0092527 -0.0128573 0.6024214
0.8019050 -0.0052218 -0.0138884 0.5972673
0.8111110 0.0157992 -0.0120480 0.5845547
0.8131532 0.0145354 -0.0130830 0.5817211
0.7976494 0.0072801 -0.0091581 0.6030080
0.8281336 0.0034093 -0.0134208 0.5603598
0.8015170 0.0238093 -0.0020299 0.5974944
0.8352041 0.0164041 -0.0067238 0.5496542
0.8204675 0.0239898 -0.0126397 0.5710497
0.8325703 -0.0023547 -0.0157119 0.5536915
0.8422803 -0.0075344 -0.0094188 0.5389048
0.8470959 0.0089029 -0.0153219 0.5311446
0.8482943 0.0068931 -0.0053814 0.5294529
0.8511786 0.0349029 -0.0113245 0.5235919
0.8571417 0.0003558 -0.0067024 0.5150369
0.8544889 0.0118338 -0.0111867 0.5192143
0.8716974 0.0057024 -0.0095010 0.4899192
0.8814591 0.0055954 -0.0108325 0.4721030
0.8873967 0.0013418 -0.0135525 0.4608054
0.8897302 0.0001171 -0.0098162 0.4563812
0.8976653 -0.0135047 -0.0150290 0.4402144
0.9002522 -0.0080613 -0.0122271 0.4351224
0.9046425 0.0073294 -0.0104515 0.4259800
0.9014776 -0.0151552 -0.0137545 0.4323417
0.9110630 -0.0076799 -0.0128901 0.4119941
0.9101937 -0.0019840 -0.0065875 0.4141258
0.9125257 -0.0107654 -0.0169327 0.4085269
0.9184328 -0.0192569 -0.0124916 0.3949105
0.9179418 -0.0174421 -0.0098202 0.3962097
0.9248170 -0.0032922 -0.0089115 0.3802938
0.9220476 -0.0006380 -0.0193639 0.3865914
0.9234051 0.0059114 -0.0116776 0.3836035
0.9343500 0.0019364 -0.0075892 0.3562705
0.9375794 -0.0093983 -0.0052695 0.3476043
0.9387499 -0.0199255 -0.0208807 0.3433883
0.9284267 0.0055955 -0.0067401 0.3714123
0.9283799 -0.0018874 -0.0115210 0.3714491
0.9340608 -0.0051364 -0.0093494 0.3569546
0.9330868 -0.0022971 -0.0072230 0.3595715
0.9313589 -0.0071032 -0.0142503 0.3637540
0.9301648 0.0131732 0.0002073 0.3669059
0.9317279 -0.0063645 -0.0109809 0.3629352
0.9319844 -0.0005857 -0.0108232 0.3623362
0.9359194 0.0021269 -0.0102691 0.3520580
0.9365600 -0.0033750 -0.0108698 0.3503225
0.9325863 0.0121590 -0.0037590 0.3607226
0.9357133 0.0022137 -0.0077306 0.3526697
0.9338388 0.0070091 -0.0071707 0.3575535
0.9320637 0.0020413 -0.0114562 0.3621074
0.9342635 -0.0047116 -0.0121430 0.3563454
0.9311961 0.0059354 -0.0081944 0.3643781
0.9364246 0.0041289 -0.0070329 0.3507741
0.9348492 -0.0074095 -0.0089621 0.3548546
0.9303013 0.0033303 -0.0102725 0.3666373
0.9348170 -0.0004374 -0.0166323 0.3547398
0.9326296 -0.0013667 -0.0099910 0.3606943
0.9391504 0.0070020 -0.0080315 0.3433410
0.9358850 0.0050328 -0.0121437 0.3520604
0.9347008 0.0016109 -0.0063738 0.3553747
0.9378726 0.0025286 -0.0103206 0.3468172
0.9357800 0.0009589 -0.0122150 0.3523714
0.9395682 0.0058026 -0.0090880 0.3421919
0.9346262 -0.0048873 -0.0125114 0.3553778
0.9360745 0.0012015 -0.0088140 0.3516895
0.9372312 0.0124484 -0.0116905 0.3482903
0.9348805 0.0060803 -0.0146906 0.3546063
0.9329822 -0.0013185 -0.0088606 0.3598110
0.9376165 0.0045351 -0.0045634 0.3476118
0.9369463 0.0085814 -0.0092481 0.3492456
0.9317015 0.0156728 -0.0034595 0.3628701
0.9352157 0.0058575 -0.0094338 0.3539044
0.9360896 0.0072282 -0.0104831 0.3515311
0.9341093 0.0084746 -0.0066897 0.3568237
0.9371937 0.0086598 -0.0108395 0.3485332
0.9392340 0.0108791 -0.0071088 0.3430315
0.9337876 0.0147182 -0.0060773 0.3574732
0.9389091 0.0120300 -0.0022761 0.3439475
0.9339574 0.0135046 -0.0060962 0.3570770
0.9362895 0.0068116 -0.0082711 0.3510656
0.9385558 0.0022945 -0.0162102 0.3447389
0.9386184 0.0049015 -0.0109059 0.3447499
0.9349630 0.0011661 -0.0132482 0.3544959
0.9335432 0.0185591 0.0000393 0.3579840
0.9278222 0.0055242 -0.0070303 0.3729156
0.9320636 0.0214434 -0.0025898 0.3616503
0.9352886 0.0199533 -0.0016586 0.3533191
0.9380822 0.0100212 -0.0080673 0.3461737
0.9351996 0.0061976 -0.0097908 0.3539314
0.9360532 0.0082442 -0.0066843 0.3516984
0.9314708 0.0053376 -0.0125513 0.3635605
0.9355038 -0.0043485 -0.0121470 0.3530810
0.9355509 0.0020961 -0.0086952 0.3530787
0.9338538 0.0033508 -0.0093937 0.3575160
0.9338441 0.0068957 -0.0099306 0.3574759
0.9359791 0.0023447 -0.0094700 0.3519203
0.9390448 0.0097528 -0.0072883 0.3435792
0.9395912 0.0020660 -0.0088202 0.3421789
0.9394377 0.0034786 -0.0111933 0.3425193
0.9428857 -0.0000005 -0.0102704 0.3329579
0.9393096 0.0175919 -0.0056094 0.3425733
0.9444698 0.0135115 -0.0098101 0.3281739
0.9512224 0.0174286 -0.0158244 0.3076066
0.9498678 0.0146348 -0.0204368 0.3116398
0.9441012 -0.0296928 -0.0279190 0.3271264
0.9519128 -0.0064097 -0.0107131 0.3061145
0.9432208 0.0072655 -0.0083163 0.3319828
0.9460133 0.0222134 -0.0031589 0.3233504
0.9365591 0.0180103 -0.0028988 0.3500346
0.9404675 0.0022717 -0.0074015 0.3397955
0.9445910 0.0039379 -0.0099965 0.3280738
0.9469424 0.0099102 -0.0077369 0.3211574
0.9455946 -0.0019360 -0.0113729 0.3251427
0.9418360 0.0134025 -0.0053844 0.3357623
0.9403324 0.0116509 -0.0098075 0.3399163
0.9370500 0.0103186 -0.0086352 0.3489360
0.9400100 0.0148108 -0.0099360 0.3406805
0.9393548 0.0070745 -0.0098226 0.3427331
0.9410999 0.0172929 -0.0048626 0.3376512
0.9396034 0.0003425 -0.0121570 0.3420489
0.9422619 -0.0041201 -0.0111842 0.3346647
0.9475490 0.0125372 -0.0043671 0.3193346
0.9392219 0.0026692 -0.0136634 0.3430282
0.9417713 0.0047940 -0.0086889 0.3361077
0.9422026 -0.0028076 -0.0131194 0.3347749
0.9435909 -0.0021326 -0.0130087 0.3308510
0.9487052 -0.0027656 -0.0133464 0.3158680
0.9444867 0.0065373 -0.0100707 0.3283301
0.9424677 0.0064889 -0.0035330 0.3342156
0.9458165 0.0046900 -0.0098831 0.3245172
0.9465996 0.0008956 -0.0112608 0.3222137
0.9446359 -0.0057209 -0.0154339 0.3277073
0.9433950 -0.0050741 -0.0132996 0.3313659
0.9424191 -0.0086247 -0.0156026 0.3339586
0.9440411 0.0049087 -0.0111619 0.3296023
0.9425474 0.0047884 -0.0081272 0.3339392
0.9519209 0.0019394 -0.0111507 0.3061349
0.9461122 -0.0056263 -0.0141873 0.3234791
0.9433345 0.0023282 -0.0108092 0.3316591
0.9450989 -0.0013671 -0.0097280 0.3266368
0.9512298 0.0103802 -0.0107555 0.3081207
0.9474856 -0.0074767 -0.0140085 0.3194041
0.9467941 -0.0018431 -0.0115647 0.3216268
0.9483154 -0.0034181 -0.0094285 0.3171709
0.9471713 -0.0185335 -0.0149225 0.3198443
0.9511859 -0.0137285 -0.0195275 0.3076941
0.9545257 -0.0057784 -0.0109844 0.2978702
0.9515656 -0.0007230 -0.0126911 0.3071830
0.9533703 0.0013007 -0.0113163 0.3015880
0.9491150 -0.0183140 -0.0140012 0.3140850
0.9474857 -0.0041029 -0.0114037 0.3195685
0.9447872 -0.0002946 -0.0134271 0.3274093
0.9499506 -0.0012115 -0.0082655 0.3122885
0.9483099 0.0000722 -0.0127796 0.3170884
0.9473284 -0.0093617 -0.0119403 0.3199042
0.9496643 -0.0029966 -0.0172809 0.3127782
0.9485816 -0.0004370 -0.0037443 0.3165101
0.9540586 0.0011498 -0.0128089 0.2993440
0.9614517 0.0034661 -0.0161944 0.2744747
0.9595230 -0.0042072 -0.0083251 0.2814757
0.9515536 0.0007075 -0.0123051 0.3072357
0.9512203 0.0019612 -0.0124375 0.3082555
0.9474501 0.0000056 -0.0064124 0.3198393
0.9520207 0.0010258 -0.0094807 0.3058850
0.9471184 -0.0005985 -0.0111362 0.3206904
0.9508840 -0.0027299 -0.0078025 0.3094372
0.9540548 -0.0007472 -0.0110299 0.2994280
0.9539168 0.0075018 -0.0049392 0.2999369
0.9520063 0.0009725 -0.0083039 0.3059641
0.9496436 -0.0091697 -0.0150801 0.3128348
0.9560098 -0.0017874 -0.0093519 0.2931802
0.9537087 -0.0019308 -0.0117902 0.3004947
0.9542082 0.0044950 -0.0125525 0.2988459
0.9520912 -0.0028928 -0.0089182 0.3056704
0.9495112 -0.0082199 -0.0127785 0.3133650
0.9523792 0.0021369 -0.0112801 0.3047000
0.9549667 -0.0107386 -0.0152543 0.2961261
0.9526400 0.0006022 -0.0090709 0.3039646
0.9535975 -0.0129715 -0.0111646 0.3005976
0.9501509 0.0000098 -0.0044346 0.3117588
0.9564662 -0.0009866 -0.0050871 0.2917972
0.9448578 -0.0115831 -0.0069616 0.3272018
0.9451438 -0.0060902 -0.0050182 0.3265591
0.9561150 0.0004374 -0.0077813 0.2928879
0.9530612 -0.0013984 -0.0139704 0.3024521
0.9635495 -0.0072228 -0.0115015 0.2671851
0.9721976 0.0065395 -0.0135506 0.2336780
0.9726525 0.0003105 -0.0056730 0.2321959
0.9599295 -0.0034754 -0.0150519 0.2798154
0.9657931 -0.0120925 -0.0079130 0.2589108
0.9553678 0.0078350 -0.0111728 0.2951036
0.9640983 -0.0028853 -0.0059937 0.2654623
0.9634933 0.0008559 -0.0038383 0.2677037
0.9675295 -0.0085632 -0.0109149 0.2523770
0.9689387 -0.0041935 -0.0145465 0.2468372
0.9686649 -0.0059500 -0.0126757 0.2479762
0.9742193 -0.0069468 -0.0009011 0.2254942
0.9758353 0.0049232 -0.0047922 0.2183995
0.9715742 -0.0040881 -0.0175413 0.2360492
0.9714904 -0.0083309 -0.0069675 0.2368302
0.9669806 -0.0028267 -0.0103166 0.2546254
0.9715935 -0.0041448 -0.0092174 0.2364400
0.9653810 -0.0181156 -0.0169408 0.2596622
0.9691425 -0.0046432 -0.0116099 0.2461838
0.9703340 -0.0011705 -0.0158410 0.2412458
0.9703196 -0.0145466 -0.0162167 0.2408429
0.9773358 -0.0122099 -0.0081878 0.2111840
0.9732354 -0.0083691 -0.0112520 0.2293821
0.9746476 -0.0029965 -0.0131544 0.2233383
0.9758612 -0.0096221 -0.0086008 0.2180101
0.9756336 -0.0017059 -0.0099526 0.2191735
0.9767871 -0.0064915 -0.0062514 0.2140227
0.9739918 -0.0078532 -0.0110574 0.2261770
0.9787757 0.0001321 -0.0155518 0.2043434
0.9761610 -0.0030020 -0.0127478 0.2166523
0.9767798 -0.0041635 -0.0108342 0.2139312
0.9753451 -0.0055874 -0.0112702 0.2203263
0.9760803 -0.0150979 -0.0087757 0.2167079
0.9791983 0.0007948 -0.0044359 0.2028555
0.9765107 -0.0044617 -0.0123524 0.2150684
0.9758645 0.0034387 -0.0162087 0.2177475
0.9803640 -0.0065593 -0.0118758 0.1967290
0.9772646 0.0001445 -0.0100805 0.2117834
0.9786536 0.0018739 -0.0081778 0.2053452
0.9798115 -0.0214125 -0.0134086 0.1983205
0.9789577 -0.0064853 -0.0090922 0.2037573
0.9779795 -0.0031058 -0.0123267 0.2083137
0.9785221 -0.0005420 -0.0098466 0.2059058
0.9806843 -0.0050824 -0.0101841 0.1952657
0.9814506 0.0010005 -0.0136265 0.1912275
0.9773781 0.0001605 -0.0084703 0.2113298
0.9794654 -0.0036972 -0.0134701 0.2011279
0.9784305 0.0082096 -0.0079350 0.2062603
0.9843850 -0.0097303 -0.0147117 0.1751429
0.9792700 0.0060213 -0.0049956 0.2024080
0.9821053 -0.0063754 -0.0106041 0.1879259
0.9790928 0.0011465 -0.0066298 0.2033029
0.9773344 0.0033776 -0.0091372 0.2114771
0.9815586 -0.0012499 -0.0110790 0.1908359
0.9775965 -0.0063835 -0.0067907 0.2102814
0.9788698 0.0014327 -0.0126958 0.2040848
0.9754525 0.0052680 -0.0183136 0.2193837
0.9794302 -0.0107864 -0.0139195 0.2010133
0.9809291 0.0026848 -0.0136324 0.1938685
0.9810461 0.0014712 -0.0101882 0.1935009
0.9833816 -0.0012763 -0.0126326 0.1811059
0.9818870 -0.0009421 -0.0112756 0.1891295
0.9823937 0.0038429 -0.0111252 0.1864512
0.9810012 -0.0024103 -0.0108704 0.1936820
0.9833376 0.0021072 -0.0115639 0.1814085
0.9806623 0.0007150 -0.0116712 0.1953581
0.9800077 0.0046233 -0.0059982 0.1988155
0.9804115 -0.0030997 -0.0104396 0.1966589
0.9816578 -0.0025973 -0.0121664 0.1902449
0.9787167 0.0032637 -0.0138463 0.2047225
0.9798571 -0.0023196 -0.0122728 0.1993088
0.9790751 -0.0034699 -0.0104749 0.2031999
0.9809738 0.0133745 -0.0101802 0.1934114
0.9801231 0.0033495 -0.0104913 0.1980844
0.9800123 -0.0023108 -0.0105817 0.1986419
0.9770605 -0.0033426 -0.0120038 0.2125971
0.9816481 -0.0008759 -0.0102620 0.1904232
0.9829334 -0.0047997 -0.0079988 0.1837249
0.9799513 0.0072233 -0.0053817 0.1990336
0.9760914 0.0001217 -0.0063789 0.2172670
0.9797827 -0.0032700 -0.0077689 0.1998870
0.9786673 -0.0081508 -0.0141932 0.2047985
0.9791189 0.0047768 -0.0101645 0.2029778
0.9819380 0.0032541 -0.0131325 0.1887184
0.9794794 -0.0046712 -0.0090985 0.2012846
0.9765235 0.0040263 -0.0043610 0.2153292
0.9805732 -0.0005730 -0.0117149 0.1958026
0.9819699 -0.0043625 -0.0113431 0.1886462
0.9800155 0.0044850 -0.0020408 0.1988602
0.9812312 0.0030998 -0.0079852 0.1926448
0.9782906 -0.0011030 -0.0133855 0.2068021
0.9863078 -0.0164493 -0.0249143 0.1621902
0.9814590 0.0050729 -0.0104013 0.1913224
0.9819889 0.0014277 -0.0202856 0.1878409
0.9791591 -0.0007146 -0.0137674 0.2026262
0.9787135 -0.0004948 -0.0167119 0.2045491
0.9835927 0.0035357 -0.0082818 0.1801787
0.9826477 0.0001902 -0.0130498 0.1850222
0.9835334 -0.0013347 -0.0095015 0.1804717
0.9831057 0.0079916 -0.0099184 0.1825950
0.9857038 0.0044214 -0.0085259 0.1682133
0.9814321 0.0035847 -0.0094391 0.1915439
0.9839448 -0.0117302 -0.0106332 0.1777696
0.9830024 0.0051891 -0.0095800 0.1832689
0.9843233 -0.0027305 -0.0169559 0.1755357
0.9867660 0.0004670 -0.0139164 0.1615519
0.9838060 0.0024056 -0.0080378 0.1790402
0.9832328 -0.0000246 -0.0132645 0.1818716
0.9831550 0.0005606 -0.0104390 0.1824747
0.9817121 -0.0115584 -0.0161372 0.1893342
0.9885822 -0.0021943 -0.0103795 0.1503088
0.9867357 -0.0006520 -0.0152370 0.1616173
0.9840188 0.0007901 -0.0091857 0.1778256
0.9857757 0.0001042 -0.0143594 0.1674514
0.9818833 -0.0033354 -0.0123358 0.1890554
0.9816495 0.0043079 -0.0102446 0.1903703
0.9834731 0.0094052 -0.0085492 0.1806077
0.9831674 -0.0018013 -0.0116395 0.1823270
0.9834921 -0.0026460 -0.0107636 0.1806112
0.9824393 0.0045945 -0.0064506 0.1864143
0.9852312 -0.0029753 -0.0126113 0.1707384
0.9859360 0.0029200 -0.0103345 0.1667781
0.9824567 -0.0026778 -0.0092339 0.1862427
0.9859477 -0.0011757 -0.0135782 0.1664973
0.9860311 0.0045855 -0.0147088 0.1658470
0.9847889 -0.0126212 -0.0146282 0.1726778
0.9846991 0.0065419 -0.0097790 0.1738659
0.9884222 0.0043446 -0.0094482 0.1513720
0.9848755 0.0034380 -0.0105851 0.1729057
0.9844980 0.0116923 -0.0083300 0.1748072
0.9861210 0.0050772 -0.0092349 0.1656935
0.9840404 -0.0031796 -0.0093040 0.1776736
0.9916019 0.0022133 -0.0126450 0.1286889
0.9846600 0.0072469 -0.0060109 0.1742297
0.9845879 0.0052314 -0.0150033 0.1741669
0.9838820 0.0071169 -0.0110774 0.1783336
0.9846264 0.0055403 -0.0089994 0.1743538
0.9845759 0.0098213 -0.0086093 0.1744701
0.9819753 -0.0078027 -0.0127780 0.1884153
0.9848149 0.0114979 -0.0093125 0.1729760
0.9839291 0.0076879 -0.0094279 0.1781446
0.9828977 0.0082362 -0.0092607 0.1837348
0.9860661 -0.0055514 -0.0131819 0.1657382
0.9871797 -0.0123743 -0.0039063 0.1590845
0.9801760 0.0035455 -0.0104869 0.1978192
0.9866085 0.0008023 -0.0113248 0.1627106
0.9849421 -0.0062587 -0.0145394 0.1721582
0.9834283 -0.0002624 -0.0071588 0.1811559
0.9800828 0.0227840 -0.0094309 0.1970523
0.9797800 -0.0014467 -0.0118274 0.1997229
0.9798605 0.0350171 -0.0087086 0.1963958
0.9756839 0.0022127 -0.0074291 0.2190452
0.9956121 0.0080445 -0.0092043 0.0927747
0.9875722 0.0120419 -0.0057922 0.1565971
0.9852323 0.0134468 -0.0086855 0.1704733
0.9791800 -0.0247353 -0.0126762 0.2010823
0.9773156 0.0088020 -0.0086498 0.2114282
0.9867071 -0.0074204 -0.0059683 0.1622297
0.9818776 0.0242065 -0.0105571 0.1876673
0.9799599 -0.0001302 -0.0092500 0.1989802
0.9811358 0.0028443 -0.0113371 0.1929661
0.9816889 0.0173469 -0.0127512 0.1892709
0.9816435 -0.0200769 -0.0119772 0.1892869
0.9820054 0.0002502 -0.0121716 0.1884600
0.9856066 -0.0007966 -0.0120408 0.1686242
0.9808707 0.0105575 -0.0188815 0.1934545
0.9817382 -0.0052307 -0.0111757 0.1898361
0.9831483 -0.0030088 -0.0058096 0.1826924
0.9809409 0.0008012 -0.0110263 0.1939916
0.9788173 0.0020931 0.0011222 0.2047217
0.9775195 0.0089142 -0.0198793 0.2097163
0.9850452 -0.0003394 -0.0124679 0.1718443
0.9804731 0.0041263 -0.0130138 0.1961788
0.9826944 0.0079566 -0.0126803 0.1846283
0.9817186 0.0013352 -0.0115749 0.1899811
0.9853374 0.0012842 -0.0109266 0.1702622
0.9810364 0.0055551 -0.0099655 0.1934875
0.9831754 0.0103390 -0.0142360 0.1818149
0.9732044 0.0101886 -0.0174988 0.2290483
0.9847203 -0.0039060 -0.0053724 0.1740170
0.9766413 0.0029310 -0.0045992 0.2148070
0.9812236 -0.0017397 -0.0074368 0.1927222
0.9811675 -0.0046467 -0.0137607 0.1926121
0.9821162 -0.0008179 -0.0089359 0.1880620
0.9777900 -0.0003839 -0.0117370 0.2092580
0.9794905 0.0069746 -0.0118397 0.2010210
0.9811169 0.0111183 -0.0079573 0.1929317
0.9776237 -0.0010164 -0.0153889 0.2097952
0.9798092 -0.0032050 -0.0114124 0.1995831
0.9764851 -0.0005113 -0.0057838 0.2155067
0.9812329 0.0009211 -0.0027905 0.1928042
0.9792800 0.0014793 -0.0060303 0.2024157
0.9830107 0.0066181 -0.0114969 0.1830684
0.9818526 -0.0029407 -0.0155310 0.1889856
0.9849825 0.0053861 -0.0074118 0.1724112
0.9817354 -0.0031653 -0.0137023 0.1897309
0.9799399 0.0130211 -0.0080925 0.1987028
0.9822611 0.0053022 -0.0065994 0.1873271
0.9808692 0.0046297 -0.0128547 0.1941878
0.9796955 0.0052848 -0.0070772 0.2002965
0.9785696 0.0122792 -0.0136858 0.2050938
0.9794667 -0.0002218 -0.0083222 0.2014339
0.9787602 0.0097868 -0.0177565 0.2040035
0.9803900 0.0071308 -0.0094699 0.1967101
0.9758341 -0.0005663 -0.0094317 0.2183082
0.9787061 0.0086895 -0.0170099 0.2043759
0.9791414 0.0050830 -0.0103767 0.2028510
0.9795059 0.0027551 -0.0086810 0.2012093
0.9767118 0.0061487 -0.0054225 0.2143990
0.9785920 0.0043450 -0.0046969 0.2057102
0.9794045 0.0015405 -0.0072163 0.2017729
0.9778543 0.0064772 -0.0115947 0.2088650
0.9823365 0.0156498 -0.0216149 0.1852104
0.9794487 0.0054872 -0.0100770 0.2013668
0.9761290 0.0276978 -0.0189593 0.2145821
0.9768931 0.0074403 -0.0091968 0.2134009
0.9760574 0.0078063 -0.0100564 0.2171401
0.9786933 0.0059170 -0.0088295 0.2050522
0.9799495 0.0102037 -0.0103869 0.1987135
0.9786463 0.0076227 -0.0099336 0.2051699
0.9821186 0.0091040 -0.0086923 0.1878422
0.9799845 0.0105671 -0.0105743 0.1985115
0.9772736 0.0073415 -0.0139982 0.2113919
0.9814589 0.0112243 -0.0082065 0.1911679
0.9805530 0.0060608 -0.0082768 0.1959859
0.9832999 0.0133470 -0.0078554 0.1813324
0.9807566 0.0022294 -0.0095232 0.1949892
0.9838709 0.0080577 -0.0121171 0.1782873
0.9834182 0.0071872 -0.0127332 0.1807616
0.9830700 0.0067457 -0.0137256 0.1825910
0.9865064 0.0107724 -0.0078079 0.1631813
0.9833129 -0.0059843 -0.0076175 0.1816641
0.9816410 0.0042619 -0.0060788 0.1905931
0.9857171 0.0041907 -0.0113778 0.1679725
0.9857117 0.0164241 -0.0140417 0.1670496
0.9863146 0.0128067 -0.0165422 0.1635417
0.9888531 0.0053588 -0.0067800 0.1486432
0.9878011 0.0124907 -0.0112632 0.1548097
0.9918741 0.0141934 -0.0117237 0.1258847
0.9937293 0.0120026 -0.0073570 0.1109230
0.9967353 0.0145720 -0.0058114 0.0792000
0.9966362 0.0145322 0.0002736 0.0806537
0.9974742 0.0167464 -0.0120311 0.0679703
0.9991977 0.0150179 -0.0014369 0.0371001
0.9994931 0.0124736 -0.0117465 0.0268332
0.9998304 0.0142546 -0.0095039 0.0067593
0.9998255 0.0153818 -0.0036567 -0.0099536
0.9998542 0.0164287 -0.0035264 -0.0030366
0.9992445 0.0115915 -0.0019502 -0.0370444
0.9991626 0.0145301 -0.0061778 -0.0377471
0.9990889 0.0173495 -0.0056094 -0.0385857
0.9969966 0.0093087 -0.0053277 -0.0766995
0.9968642 0.0152255 -0.0134643 -0.0764761
0.9962653 0.0132201 -0.0011238 -0.0853190
0.9931692 0.0088739 -0.0029270 -0.1163086
0.9929785 0.0148393 -0.0085408 -0.1170492
0.9925259 0.0077100 -0.0040346 -0.1217238
0.9859030 0.0086534 -0.0046929 -0.1670279
0.9871471 0.0171409 -0.0064606 -0.1587608
0.9836435 0.0177500 -0.0077019 -0.1790842
0.9811201 0.0088089 -0.0062451 -0.1930980
0.9761819 0.0236386 -0.0106760 -0.2153975
0.9769108 0.0102131 -0.0048734 -0.2133477
0.9769099 0.0114211 -0.0123513 -0.2129883
0.9613917 0.0142511 -0.0138223 -0.2744664
0.9633881 0.0062333 -0.0112017 -0.2678041
0.9675040 0.0087552 -0.0076389 -0.2525888
0.9612723 0.0057537 -0.0064843 -0.2754640
0.9596257 0.0081839 -0.0069970 -0.2810741
0.9619166 0.0068961 -0.0097633 -0.2730815
0.9605686 0.0078765 -0.0036121 -0.2779080
0.9509204 0.0095464 0.0011819 -0.3092861
0.9456176 0.0091234 -0.0057328 -0.3251020
0.9328824 0.0172474 0.0022425 -0.3597609
0.9271621 0.0150008 -0.0060693 -0.3743109
0.9335733 0.0096584 0.0013054 -0.3582539
0.9287853 0.0006448 -0.0037488 -0.3705987
0.9269682 0.0018150 -0.0013550 -0.3751330
0.9314297 0.0183221 -0.0033461 -0.3634443
0.9123889 0.0083320 0.0030198 -0.4092285
0.9177038 0.0120956 0.0023112 -0.3970745
0.9156820 -0.0025507 0.0061513 -0.4018483
0.9146180 0.0067331 0.0053334 -0.4042278
0.9094332 0.0066568 0.0054855 -0.4157606
0.9010321 0.0068589 0.0092368 -0.4335998
0.9047116 0.0044036 0.0096104 -0.4258934
0.8911111 0.0061901 0.0054318 -0.4537104
0.8851002 0.0009234 0.0089657 -0.4653133
0.8771020 0.0083690 0.0070546 -0.4801793
0.8777899 0.0086062 0.0086479 -0.4788904
0.8735044 0.0008616 0.0089491 -0.4867331
0.8667433 0.0101431 0.0116397 -0.4985154
0.8637190 0.0062979 0.0076831 -0.5038759
0.8519603 0.0072081 0.0108095 -0.5234452
0.8510916 0.0063661 0.0098164 -0.5248869
0.8454287 0.0031565 0.0079916 -0.5340192
0.8389144 0.0095833 0.0109231 -0.5440693
0.8405379 -0.0017143 0.0096317 -0.5416644
0.8426221 0.0045423 0.0052510 -0.5384605
0.8407915 0.0020605 0.0088570 -0.5412827
0.8402089 0.0054937 0.0096728 -0.5421487
0.8369138 0.0022922 0.0092277 -0.5472521
0.8424695 -0.0000566 0.0075766 -0.5386908
0.8404156 0.0124410 0.0151758 -0.5415871
0.8465364 0.0053059 0.0094570 -0.5322204
0.8468959 0.0058444 0.0098309 -0.5316357
0.8441625 0.0115410 0.0109730 -0.5358508
0.8439333 -0.0027745 0.0043508 -0.5364232
0.8498505 -0.0029991 0.0027213 -0.5270083
0.8401274 -0.0008096 0.0074432 -0.5423374
0.8461173 0.0052103 0.0120986 -0.5328339
0.8381200 0.0057831 0.0108526 -0.5453473
0.8491436 0.0062439 0.0106807 -0.5280171
0.8409421 0.0038381 0.0085567 -0.5410438
0.8446150 0.0040034 0.0080481 -0.5352988
0.8425795 0.0050459 0.0079367 -0.5384898
0.8561937 0.0026965 0.0100109 -0.5165509
0.8523612 0.0078359 0.0067872 -0.5228507
0.8525671 -0.0014245 0.0117721 -0.5224832
0.8446464 0.0061597 0.0115450 -0.5351647
0.8550431 0.0089794 0.0144340 -0.5182782
0.8604898 -0.0022126 0.0099939 -0.5093648
0.8522533 0.0053098 0.0101878 -0.5230032
0.8503908 0.0059712 0.0076236 -0.5260625
0.8473177 0.0084968 0.0098283 -0.5309275
0.8423310 0.0102881 0.0092735 -0.5387825
0.8421944 0.0121371 0.0114187 -0.5389164
0.8380545 0.0052531 0.0133915 -0.5453968
0.8336869 -0.0029407 0.0104748 -0.5521302
0.8354152 0.0214450 0.0192615 -0.5488630
0.8308182 0.0059253 0.0135078 -0.5563484
0.8187416 0.0083366 0.0110824 -0.5739946
0.8224382 0.0162507 0.0104393 -0.5685265
0.8202740 0.0019504 0.0089451 -0.5718975
0.8209899 0.0098429 0.0097182 -0.5707752
0.8226269 0.0096959 0.0081639 -0.5684403
0.8252495 -0.0006119 0.0095802 -0.5646867
0.8162161 0.0175136 0.0127818 -0.5773397
0.8199990 0.0166506 0.0148559 -0.5719298
0.8199532 0.0116182 0.0119880 -0.5721871
0.8012165 0.0115885 0.0099961 -0.5981788
0.8067751 -0.0051173 0.0011074 -0.5908354
0.7952525 0.0108520 0.0107079 -0.6060866
0.8011931 0.0072789 0.0092476 -0.5982901
0.7928203 0.0070414 0.0083601 -0.6093574
0.7845699 0.0225136 0.0135849 -0.6194825
0.7667513 0.0119754 0.0089444 -0.6417702
0.7659806 0.0077358 0.0071087 -0.6427779
0.7436728 0.0100712 0.0108855 -0.6683793
0.7304782 0.0197653 0.0158782 -0.6824653
0.7427125 0.0051051 0.0005701 -0.6695907
0.7081401 0.0194317 0.0136714 -0.7056721
0.7043540 0.0129981 0.0057163 -0.7097069
0.7023141 0.0136805 0.0071788 -0.7116995
0.6863049 0.0110036 0.0069727 -0.7271972
0.6944408 0.0238570 0.0201118 -0.7188729
0.6645545 0.0172851 0.0128402 -0.7469295
0.6418226 0.0103032 0.0080457 -0.7667417
0.6373611 0.0033538 -0.0063287 -0.7705319
0.6116595 0.0032620 -0.0158612 -0.7909554
0.6189365 0.0025036 -0.0112836 -0.7853560
0.5993674 0.0004423 -0.0134584 -0.8003608
0.5931963 0.0065246 -0.0070277 -0.8050008
0.5635747 0.0067377 -0.0167998 -0.8258668
0.5479817 0.0097632 -0.0059444 -0.8364122
0.5570121 0.0056970 -0.0160185 -0.8303303
0.5099035 0.0040139 -0.0205959 -0.8599757
0.4899022 0.0083357 0.0056520 -0.8717192
0.4584075 0.0245805 -0.0096649 -0.8883496
0.4346094 0.0059301 -0.0093387 -0.9005511
0.4446589 0.0107324 -0.0243556 -0.8953045
0.4092466 0.0189865 0.0166440 -0.9120744
0.4372720 0.0112884 -0.0096288 -0.8992069
0.3513415 -0.0103963 -0.0548068 -0.9345840
0.3919155 0.0081823 -0.0061075 -0.9199446
0.3267937 0.0130485 0.0004166 -0.9450055
0.3633740 -0.0010803 -0.0143157 -0.9315327
0.3362600 0.0074020 -0.0016800 -0.9417386
0.3101186 0.0026098 -0.0217239 -0.9504461
0.3338750 0.0029187 -0.0246123 -0.9422915
0.3010181 0.0046253 -0.0206215 -0.9533842
0.2532699 0.0008523 -0.0138304 -0.9672964
0.2423980 0.0074375 -0.0082099 -0.9701137
0.3171364 -0.0017032 -0.0412318 -0.9474817
0.3172889 0.0028644 -0.0189159 -0.9481359
0.2576106 0.0082456 -0.0269244 -0.9658384
0.2610733 0.0094538 -0.0269974 -0.9648951
0.2347381 -0.0046567 -0.0681521 -0.9696554
0.2312862 -0.0002456 -0.0295304 -0.9724374
0.2619576 0.0031449 -0.0238111 -0.9647805
0.2714996 0.0031191 -0.0281304 -0.9620223
0.2571136 0.0113412 -0.0263874 -0.9659543
0.2603978 0.0044785 -0.0397393 -0.9646729
0.2255819 -0.0043873 -0.0298748 -0.9737562
0.2116711 0.0098086 -0.0391806 -0.9765060
0.2274397 0.0033531 0.0003094 -0.9737864
0.2377916 0.0139838 -0.0041987 -0.9712065
0.2464895 0.0038410 -0.0101956 -0.9690842
0.2352850 0.0079517 -0.0161356 -0.9717599
0.2362675 0.0121493 -0.0248045 -0.9712954
0.2303155 0.0102695 -0.0138205 -0.9729637
0.2201522 0.0138329 -0.0237853 -0.9750774
0.2268638 0.0088252 -0.0094314 -0.9738408
0.2202882 0.0104260 -0.0210111 -0.9751528
0.2285324 0.0147052 -0.0267400 -0.9730579
0.2144318 0.0155153 -0.0142086 -0.9765124
0.2246921 0.0073454 0.0042389 -0.9743929
0.2210600 0.0082458 -0.0039998 -0.9752171
0.2183578 0.0147640 -0.0334173 -0.9751847
0.2150143 0.0117556 -0.0306936 -0.9760577
0.2280095 0.0016259 -0.0050712 -0.9736444
0.2212924 0.0121940 -0.0309959 -0.9746385
0.2191468 0.0118922 -0.0268040 -0.9752511
0.1994557 0.0124176 -0.0349754 -0.9792037
0.2163633 0.0095038 -0.0222303 -0.9760135
0.1981876 0.0072150 -0.0138627 -0.9800395
0.2196007 0.0042309 -0.0048416 -0.9755687
0.2304344 0.0111201 -0.0125673 -0.9729432
0.1805406 0.0138401 -0.0238411 -0.9831811
0.2181110 0.0101664 -0.0145488 -0.9757626
0.2203840 0.0122660 -0.0142382 -0.9752321
0.2133272 0.0146480 -0.0310623 -0.9763770
0.2157565 0.0107620 -0.0249012 -0.9760703
0.2234878 0.0121692 -0.0076196 -0.9746010
0.1958974 0.0098951 -0.0158991 -0.9804456
0.2194509 0.0130539 -0.0205354 -0.9753200
0.2364412 0.0130740 -0.0185506 -0.9713807
0.1900628 0.0080019 -0.0055019 -0.9817239
0.2211411 0.0200565 -0.0449503 -0.9739989
0.2202802 0.0105473 -0.0025834 -0.9753762
0.2073404 0.0052987 -0.0335643 -0.9776785
0.2143048 0.0097447 -0.0085298 -0.9766810
0.2334680 0.0030642 0.0078209 -0.9723282
0.1967767 0.0025832 -0.0155412 -0.9803218
0.1959874 0.0125103 -0.0189718 -0.9803431
0.1996837 0.0117711 -0.0178085 -0.9796278
0.2078078 0.0105017 -0.0066144 -0.9780909
0.1997647 0.0106246 -0.0103410 -0.9797317
0.2097080 0.0170350 -0.0350772 -0.9769862
0.1895435 0.0146445 -0.0268364 -0.9813963
0.1972169 0.0248886 -0.0549896 -0.9785000
0.1959346 0.0069879 0.0037768 -0.9805848
0.1834981 0.0152423 -0.0239604 -0.9826098
0.1968277 0.0151017 -0.0237341 -0.9800344
0.2179201 0.0107473 -0.0186338 -0.9757295
0.1926553 0.0164525 -0.0207426 -0.9809093
0.2106370 0.0217613 -0.0466936 -0.9762060
0.1997447 0.0154679 -0.0186675 -0.9795480
0.1927285 0.0107316 -0.0057832 -0.9811764
0.1928887 0.0139237 -0.0193028 -0.9809320
0.1952391 0.0138852 -0.0224959 -0.9803993
0.2082521 0.0147740 -0.0237102 -0.9776761
0.2096284 0.0195483 -0.0322383 -0.9770540
0.1862207 0.0143903 -0.0387986 -0.9816361
0.1978422 0.0197436 -0.0321245 -0.9795084
0.1867168 0.0092254 -0.0085813 -0.9823330
0.2000797 0.0135680 -0.0137551 -0.9795891
0.2117782 0.0122106 -0.0007379 -0.9772412
0.2047521 0.0202011 -0.0426247 -0.9776766
0.1802154 0.0138655 -0.0077708 -0.9834987
0.2085004 -0.0005161 0.0408701 -0.9771678
0.2103135 0.0131466 -0.0203585 -0.9773336
0.2008304 0.0021678 0.0081025 -0.9795901
0.2195454 0.0105979 -0.0126727 -0.9754624
0.2082875 0.0172910 -0.0212491 -0.9776839
0.2185015 0.0146491 -0.0146177 -0.9756171
0.2174463 0.0117835 -0.0160264 -0.9758696
0.2304609 0.0087008 0.0032939 -0.9730371
0.2197248 0.0121860 -0.0133748 -0.9753941
0.2172836 0.0165561 -0.0334945 -0.9753932
0.1915350 0.0124042 -0.0131630 -0.9813191
0.2364774 0.0206784 -0.0196169 -0.9712188
0.2215918 0.0188533 -0.0366079 -0.9742697
0.2243694 0.0187460 -0.0302196 -0.9738551
0.2242660 0.0110954 -0.0079834 -0.9744321
0.2030650 0.0140886 -0.0177490 -0.9789030
0.2256514 0.0207691 -0.0310269 -0.9734924
0.2114062 0.0046115 -0.0067802 -0.9773639
0.2348747 0.0209128 -0.0413157 -0.9709220
0.2360492 -0.0071321 0.0324585 -0.9711727
0.2116234 0.0090240 0.0043466 -0.9773000
0.2103218 0.0085471 -0.0048968 -0.9775826
0.2156602 0.0115770 -0.0013737 -0.9763989
0.2104246 0.0133999 -0.0149331 -0.9774042
0.2169716 0.0207941 -0.0268997 -0.9755856
0.2158987 0.0093939 -0.0188683 -0.9761883
0.2129495 0.0232865 -0.0337938 -0.9762009
0.2060801 0.0112142 -0.0088852 -0.9784305
0.2165401 0.0131569 -0.0093471 -0.9761403
0.2106710 0.0210521 -0.0490738 -0.9760975
0.2106945 0.0067701 0.0133245 -0.9774377
0.2034833 0.0110324 -0.0094662 -0.9789705
0.2026329 0.0203686 -0.0293437 -0.9786031
0.2114877 0.0183972 -0.0196715 -0.9770095
0.2185016 0.0222747 -0.0354383 -0.9749385
0.2091168 0.0173182 -0.0264123 -0.9773805
0.2107573 0.0302369 -0.0525722 -0.9756553
0.2104351 0.0185983 -0.0260402 -0.9770840
0.1843871 0.0153612 -0.0184963 -0.9825596
0.2039559 0.0195628 -0.0285818 -0.9783672
0.2155882 0.0203491 -0.0284546 -0.9758576
0.2034935 0.0229944 -0.0400250 -0.9779876
0.1957981 0.0203414 -0.0355707 -0.9797878
0.2018694 0.0142782 -0.0185793 -0.9791321
0.2028825 0.0076249 -0.0061831 -0.9791539
0.1855976 0.0203661 -0.0234604 -0.9821346
0.2027270 0.0153586 -0.0223727 -0.9788592
0.2092743 0.0047110 0.0070296 -0.9778204
0.2076549 0.0137176 -0.0100230 -0.9780546
0.2049228 0.0107501 0.0017956 -0.9787174
0.2086056 0.0094489 0.0034710 -0.9779481
0.2023110 0.0115827 -0.0213818 -0.9790194
0.1970268 0.0164257 -0.0282652 -0.9798529
0.2235769 0.0182790 -0.0213771 -0.9742804
0.2239493 0.0150738 -0.0156365 -0.9743588
0.2017957 0.0111154 -0.0118990 -0.9792923
0.2135810 0.0108809 -0.0041336 -0.9768560
0.2052048 0.0147245 -0.0172277 -0.9784566
0.2091498 0.0130158 -0.0138350 -0.9776991
0.2138634 0.0139378 -0.0261818 -0.9764132
0.2134877 0.0070199 -0.0150891 -0.9768040
0.2082501 0.0181897 -0.0348551 -0.9772851
0.2076504 0.0141803 -0.0044709 -0.9780901
0.2115114 0.0184179 -0.0131371 -0.9771137
0.2118959 0.0076484 -0.0004052 -0.9772622
0.2159131 -0.0019814 0.0143036 -0.9763058
0.2085431 0.0143564 -0.0220984 -0.9776581
0.2141397 0.0071127 0.0087114 -0.9767383
0.2096153 0.0101893 0.0021830 -0.9777284
0.2083413 0.0024529 -0.0004835 -0.9780530
0.2026836 0.0079846 -0.0037441 -0.9792046
0.2096100 0.0142119 -0.0181845 -0.9775126
0.2119140 0.0142262 -0.0180325 -0.9770184
0.2114274 0.0131713 -0.0197822 -0.9771047
0.2197854 0.0075706 -0.0020860 -0.9755166
0.2193417 0.0033832 0.0016394 -0.9756408
0.2274451 0.0022164 0.0044254 -0.9737783
0.2262061 0.0155005 -0.0055881 -0.9739401
0.2295157 0.0142058 -0.0086126 -0.9731632
0.2317002 0.0113055 -0.0154049 -0.9725996
0.2309466 0.0050680 -0.0061267 -0.9729339
0.2454774 0.0083730 -0.0058659 -0.9693484
0.2286880 0.0036848 -0.0046128 -0.9734819
0.2366600 0.0123332 -0.0228327 -0.9712459
0.2352572 0.0050519 -0.0137275 -0.9718231
0.2433430 0.0165989 -0.0333932 -0.9692232
0.2306749 0.0154405 -0.0252227 -0.9725813
0.2277002 0.0104578 -0.0127828 -0.9735912
0.2468363 0.0081264 -0.0095238 -0.9689763
0.2484724 0.0062527 -0.0193067 -0.9684264
0.2584278 0.0290463 -0.0468506 -0.9644565
0.2512199 0.0019360 -0.0057225 -0.9679112
0.2570672 0.0063771 -0.0121167 -0.9662965
0.2545675 0.0002897 0.0054528 -0.9670396
0.2535726 -0.0068006 0.0079840 -0.9672595
0.2536606 0.0097878 -0.0197470 -0.9670422
0.2552969 0.0093106 -0.0127682 -0.9667336
0.2541519 0.0069457 -0.0075024 -0.9671103
0.2466136 0.0064186 -0.0105908 -0.9690348
0.2492263 -0.0007466 0.0012120 -0.9684442
0.2660085 0.0039953 -0.0111791 -0.9638976
0.2818944 0.0060375 -0.0051342 -0.9594127
0.2603847 0.0014229 -0.0003224 -0.9655038
0.2536655 0.0014568 -0.0135892 -0.9671954
0.2557999 0.0023719 -0.0079878 -0.9666938
0.2778864 0.0039525 -0.0189588 -0.9604187
0.2535065 0.0050386 -0.0194697 -0.9671246
0.2496344 -0.0022493 -0.0061112 -0.9683183
0.2669746 0.0039621 -0.0078210 -0.9636637
0.2518736 -0.0005884 -0.0005469 -0.9677598
0.2664031 0.0102260 -0.0142578 -0.9637020
0.2678318 0.0069227 -0.0085480 -0.9634029
0.2687317 -0.0042784 0.0070263 -0.9631799
0.2590775 0.0106541 -0.0248044 -0.9654792
0.2642675 0.0030550 -0.0093817 -0.9643989
0.2626474 0.0075047 -0.0125281 -0.9647814
0.2662877 0.0076480 -0.0181790 -0.9636918
0.2694135 -0.0056121 0.0100069 -0.9629562
0.2619381 0.0016630 -0.0148566 -0.9649689
0.2643250 0.0135882 -0.0320860 -0.9638040
0.2467663 0.0016881 -0.0041521 -0.9690646
0.2712295 0.0055999 -0.0199338 -0.9622920
0.2755220 -0.0144509 0.0180641 -0.9610164
0.2650147 0.0054244 -0.0214875 -0.9639897
0.2398506 0.0042112 -0.0058625 -0.9707830
0.2560340 -0.0012728 0.0090402 -0.9666247
0.2578904 -0.0018250 0.0089002 -0.9661315
0.2738181 0.0002802 0.0028194 -0.9617773
0.2632534 0.0029344 -0.0072426 -0.9646951
0.2600439 0.0061655 -0.0081283 -0.9655429
0.2559088 0.0096999 -0.0155254 -0.9665276
0.2605623 0.0128664 -0.0280474 -0.9649638
0.2680271 0.0142829 -0.0277710 -0.9629051
0.2636146 -0.0012769 0.0023359 -0.9646244
0.2740316 0.0038468 -0.0111292 -0.9616486
0.2770478 0.0026946 -0.0120218 -0.9607772
0.2944130 0.0259571 -0.0424763 -0.9543809
0.2756527 0.0246472 -0.0367656 -0.9602377
0.2816683 -0.0048266 0.0100299 -0.9594473
0.2848376 -0.0009454 -0.0033567 -0.9585694
0.2820088 -0.0054208 0.0118590 -0.9593232
0.2783479 0.0202872 -0.0337070 -0.9596743
0.2937886 0.0087427 -0.0192339 -0.9556369
0.2810183 0.0186111 -0.0359610 -0.9588478
0.2906285 0.0077962 -0.0344047 -0.9561855
0.2942902 -0.0067483 0.0113900 -0.9556244
0.2931466 -0.0006162 0.0012580 -0.9560665
0.3174734 -0.0129403 -0.0000276 -0.9481789
0.3513054 0.0068173 -0.0464185 -0.9350847
0.3928411 -0.0050055 -0.0018191 -0.9195909
0.3339207 0.0036830 -0.0202947 -0.9423755
0.3016541 -0.0024074 -0.0076701 -0.9533836
0.3143410 -0.0003216 -0.0133729 -0.9492159
0.3205741 -0.0079173 -0.0013772 -0.9471894
0.3292642 -0.0006466 -0.0197491 -0.9440311
0.3164917 0.0024877 -0.0142138 -0.9484855
0.3091568 0.0022888 0.0011239 -0.9510077
0.3134873 -0.0014555 -0.0022193 -0.9495887
0.3049213 0.0032110 -0.0147082 -0.9522585
0.3053142 0.0026726 -0.0143110 -0.9521404
0.3036242 0.0044184 -0.0218167 -0.9525318
0.3052115 0.0047295 -0.0125114 -0.9521906
0.3116086 0.0153040 -0.0327450 -0.9495229
0.3084994 -0.0016870 -0.0142936 -0.9511156
0.3073253 0.0012496 -0.0160412 -0.9514685
0.3143670 -0.0081048 0.0052390 -0.9492525
0.3173858 0.0178560 -0.0443363 -0.9470912
0.3187047 0.0034345 -0.0195682 -0.9476458
0.3151850 0.0137482 -0.0259400 -0.9485760
0.3193309 -0.0028279 -0.0058176 -0.9476212
0.3168579 0.0061005 -0.0167501 -0.9483055
0.3250782 0.0047624 -0.0229867 -0.9453957
0.3619737 -0.0033210 -0.0178282 -0.9320119
0.3264687 0.0029523 -0.0204474 -0.9449822
0.3139128 -0.0046677 -0.0070972 -0.9494138
0.3293095 -0.0005807 -0.0106265 -0.9441621
0.3496540 -0.0031385 -0.0110519 -0.9368085
0.3287594 -0.0044974 -0.0100219 -0.9443498
0.3269755 -0.0031135 -0.0134587 -0.9449319
0.3252604 0.0101602 -0.0347766 -0.9449302
0.3449138 0.0036489 -0.0218509 -0.9383729
0.3348867 -0.0004999 -0.0119332 -0.9421827
0.3266179 -0.0002342 -0.0170663 -0.9450023
0.3310980 -0.0096096 0.0036561 -0.9435404
0.3234020 -0.0054339 -0.0061154 -0.9462263
0.3350238 -0.0041131 -0.0171983 -0.9420437
0.3221186 0.0042838 -0.0280839 -0.9462730
0.3251302 0.0001030 -0.0206523 -0.9454437
0.3313528 0.0002123 -0.0136229 -0.9434086
0.3190686 -0.0019645 -0.0148263 -0.9476136
0.3322911 -0.0062129 -0.0050052 -0.9431431
0.3283740 -0.0080128 -0.0014469 -0.9445127
0.3253398 -0.0117860 -0.0039100 -0.9455156
0.3430499 -0.0003349 -0.0214734 -0.9390716
0.3278415 -0.0140939 0.0129815 -0.9445384
0.3221514 -0.0080728 -0.0044548 -0.9466433
0.3272247 -0.0062752 -0.0031102 -0.9449206
0.3304056 -0.0176627 0.0091538 -0.9436294
0.3276265 0.0057696 -0.0187590 -0.9446035
0.3270306 -0.0123825 0.0074865 -0.9449030
0.3300304 -0.0043473 0.0032312 -0.9439548
0.3348148 -0.0030730 -0.0096959 -0.9422291
0.3366748 0.0126812 -0.0305627 -0.9410394
0.3248561 0.0019357 -0.0188941 -0.9455727
0.3202018 -0.0036964 -0.0084103 -0.9473048
0.3295543 -0.0048085 -0.0033496 -0.9441184
0.3296035 -0.0033960 -0.0053771 -0.9440980
0.3290810 0.0027930 -0.0176212 -0.9441331
0.3320594 -0.0088426 0.0026751 -0.9432132
0.3323204 0.0030543 -0.0259472 -0.9428046
0.3372362 -0.0164359 0.0119904 -0.9412002
0.3244198 -0.0124640 0.0040696 -0.9458223
0.3242120 -0.0002324 -0.0177789 -0.9458173
0.3337290 -0.0151656 0.0102692 -0.9424911
