4.4435515
4.1325054
4.5958527
4.0886624
4.5935724
4.3961727
4.3906609
4.0547066
3.8103132
4.3883801
4.2071059
3.8287058
3.9530818
4.5712491
4.2633522
3.8259716
4.2901105
4.4261725
4.0123098
4.6692960
4.7502219
4.1011781
4.3166511
4.1402762
4.3169229
4.0691313
4.0155050
4.5300641
3.8357606
4.1422770
4.2134975
4.3552968
4.0926090
4.5734990
4.3206115
4.3848759
4.4810624
4.1063405
4.2264168
4.2112663
4.1771029
4.2614206
4.0701236
4.0406314
4.1092500
4.0653259
4.0381118
3.8521010
4.1055845
4.4323446
4.2386758
4.1681478
4.0910521
4.0770336
4.3493749
4.0702766
4.3377219
4.3024968
4.0693824
4.2062767
4.3286416
3.8205917
4.1851865
4.3734223
4.1241496
4.4145020
3.8218680
4.0342215
4.3123907
4.1268288
4.2730989
4.0068840
4.0478300
4.3147098
4.3306429
3.8849929
4.3602046
3.9619301
4.2730441
4.3110263
4.0852300
4.1094509
4.0078775
4.3379501
4.1411789
4.4110127
4.3884766
4.3132152
4.1066715
4.3533764
4.6300365
4.2018547
3.8613735
4.0534244
4.1601685
4.2729388
4.3189502
4.3266843
4.4493219
4.2854670
3.9626219
4.1503381
4.1956326
4.1329726
4.3810357
4.3340236
3.9838968
4.1558763
4.5436590
4.2818348
4.1673066
4.1039455
4.3084960
4.5565709
4.2801177
4.2013013
3.9457391
4.1312558
4.3799601
4.1022079
4.0954043
4.3214341
4.0835807
4.4710774
4.2301599
4.2439783
4.6065916
3.9955785
4.2671504
3.8975827
4.0555914
4.3485132
4.4589882
3.8937963
3.6774739
3.8397963
4.2324811
4.0728203
4.2245388
3.9933105
4.0343198
4.1728106
3.8480484
3.8403817
4.0787320
4.1277223
3.6857835
4.2286492
4.1593889
3.9143265
4.0282731
3.6867230
3.8047497
3.9795559
3.8971782
4.2111547
3.8682823
4.0742347
4.2081544
4.2242636
4.3180413
4.5870153
4.6796377
4.2008525
4.1058816
4.1028044
4.3778385
4.3529784
4.0997793
4.4544636
4.6936209
4.3768809
5.0598734
4.4609750
4.4334028
4.2027744
4.0274371
4.3764349
4.0939392
4.5851732
4.1038556
4.5303187
4.5310635
4.1189569
4.5061774
4.1116617
3.8717101
4.1937416
4.5180494
4.2503996
4.0941085
4.3969099
4.2953228
4.2164716
4.2202248
4.3238579
4.3529537
4.4023382
4.5746887
4.0990100
4.0351051
4.3337341
4.4040616
4.2402384
4.1644457
4.3845835
4.6043979
4.3034072
4.0506709
4.5598948
4.4183528
4.3570085
4.4720438
4.2481007
4.4632824
4.5533186
4.2422917
4.3967415
4.4309219
4.3038036
4.5689149
4.5900103
4.5209538
4.0447011
4.5235007
4.2663703
3.8926935
4.0247759
4.6338809
4.4528240
4.1483025
4.6944201
4.4917704
4.3483238
4.0232966
4.4028238
4.2566103
4.2695990
4.5687003
4.4213692
4.6095587
4.4744201
4.3293171
4.5774902
4.5177372
4.5160141
4.4398510
4.3929598
4.2630558
4.1878254
4.2620910
4.1140667
4.7014317
4.3663185
4.0654075
4.8546980
4.7708801
4.7375201
4.8784921
4.9732843
4.5202336
4.4258966
4.6681733
4.3088154
4.3975231
4.5769418
4.8192596
4.5125582
4.9218034
4.3648959
4.8967047
4.5377868
4.5470748
4.7055406
4.6655438
4.6445276
4.3289027
4.7793156
4.6601669
4.4749072
4.7806954
4.5914984
4.6058907
4.4610056
4.5625292
4.8304903
4.7301627
4.9589695
4.8213165
5.0413483
4.4175476
4.7182122
4.3904697
4.5295836
4.4027119
4.8966865
4.4371135
4.5215507
4.3438020
4.2123747
4.5574514
4.3044558
4.0728532
4.3217540
4.4648006
4.4813367
4.5194809
4.2408495
4.5787423
4.1344865
4.5551866
4.4526994
4.5934174
4.6472293
4.8553808
4.4254463
4.4969605
4.1111572
4.7196647
5.0031654
4.8596267
4.6683210
4.8527921
4.0860981
4.5041103
4.3493161
4.5155760
4.0949459
4.1737358
5.2153693
5.1406950
5.0577885
5.4316547
5.0531548
4.9386186
4.8002750
4.3451172
4.6348165
4.3283342
4.6351138
7.6825777
4.7947627
4.4681582
5.3871670
5.5903085
6.4898320
5.0799881
5.4616377
6.7776690
5.8274180
5.7964670
5.2599881
4.3042505
5.2337687
4.5087964
4.0482953
4.3752383
2.8178589
2.1369660
2.8889567
2.2942761
4.3086731
4.3827028
3.6526885
1.9141997
4.0229262
2.8458517
2.6127987
3.1155423
3.5983799
3.3842305
2.5864521
2.0045812
2.3954233
2.4674382
1.8804248
1.9624677
1.0406749
1.3287475
1.5128424
1.0924297
2.9391798
7.0620340
5.0444751
3.7895504
1.8300371
1.0572458
1.9880503
4.3363268
3.1890482
3.1470591
2.4032285
2.0522610
2.6613217
2.1487819
1.7927321
0.7250473
1.6391937
3.1601935
2.3004439
1.4307735
1.9057437
4.0113802
4.5155472
2.0350921
5.8903125
2.2407481
4.1733184
3.5323322
2.7299595
4.8007491
5.1716703
1.6059285
2.8147890
2.1589800
3.5482274
6.1370879
4.6013460
4.3993978
2.6650854
3.9378731
3.0258963
5.3849920
3.6873266
3.3118671
0.9629998
3.7593225
3.9166293
4.2121641
3.0963229
3.0906676
1.8350404
3.1499779
2.9922040
2.3389108
1.3149815
3.5592022
3.9492622
2.9131531
2.5667685
3.7997603
2.2127635
1.7489913
3.2277987
4.6198316
4.4063906
2.8388087
1.9107426
1.7544944
1.8012894
1.2028266
2.6659173
2.5322941
2.6264584
2.1236948
2.2509901
4.0141664
2.6296143
2.6188549
3.9962300
7.5954736
5.3472461
5.3070028
1.9734418
5.2925692
5.4194295
6.4124148
5.1787730
6.3457091
5.4942074
6.4079627
4.3484593
3.9820756
5.3444391
5.9900421
4.4996689
2.9790486
3.5451352
1.3498669
2.2517695
1.8418660
2.8446387
1.9889861
2.1595079
0.9616941
1.6653175
1.0149401
1.5851986
2.8217210
2.9539594
3.1902633
1.2384876
5.8296831
5.6967750
3.5269034
5.3146855
5.9444137
3.3595646
5.7509737
5.2805085
5.7870858
4.8884755
5.9805361
4.9314619
4.7952726
6.5421830
7.4695978
3.8897734
4.1779461
3.7006029
5.1404682
4.9540278
4.6226685
4.0867260
3.2581620
3.9824820
3.9557785
3.0019405
3.2949482
0.6129087
1.4324368
1.2447053
2.3369384
2.0504451
1.7968468
1.5022376
0.6375520
1.0217295
0.8909280
0.8629867
1.9652298
2.8757377
3.8207075
2.9849838
1.9968630
4.3183482
5.0011427
3.9429841
5.7696758
4.0780110
2.5416441
2.6570570
5.1573216
5.0173083
4.5796355
3.9536574
3.0266702
3.5774269
4.4797182
3.0387077
4.0181797
2.7506557
2.1067471
4.0968151
2.9542352
2.8068729
3.1663326
3.6706294
4.7887869
3.3044055
3.0399122
3.2072209
2.5514271
3.7452741
3.8134412
3.3381950
1.9418376
2.8670649
3.3331461
3.0598887
4.6627268
4.1749971
3.9547771
3.0106602
2.4584827
3.2144472
3.5432566
2.7014470
4.1491709
3.4488940
4.6525202
3.0511309
3.2102033
2.8966529
3.2965086
3.8928693
3.4110021
3.9015531
2.5081501
2.8254577
2.8211385
2.0287752
2.9304627
3.0349306
1.9845317
0.6858825
0.6464691
1.2096190
0.7369318
0.6100472
2.2966514
1.7111712
3.0335550
1.3309498
1.6279256
2.1912296
1.9533545
2.2235372
4.9871480
1.6311145
1.0437233
1.7314292
1.8922986
1.2742982
1.7390312
1.1215638
1.4196334
0.9434349
1.7378655
2.2684830
1.3318644
2.1816469
1.6787873
2.3634102
1.3683736
1.9216729
2.4972600
1.2186797
2.9215307
2.7217965
1.9977187
1.9633371
1.1191266
0.6370108
1.8568018
1.8448248
1.9075433
1.8952764
2.4595534
2.5036181
1.4544189
1.6822430
2.7507346
2.8618623
2.2595983
2.5802604
2.3456982
2.5226880
2.5537229
2.6128412
2.6902349
2.0319654
2.2104952
1.9727321
2.2738957
2.1315053
2.2467797
1.6722991
2.2009736
2.1808715
2.0471887
2.0768045
2.8326336
2.1493800
2.1458052
2.7788106
2.8521664
2.5482838
2.7239490
3.0596986
3.1124081
2.2094103
3.0551863
2.3960015
2.5791215
2.5400142
2.8670731
2.9215268
2.5753175
2.7546349
2.7167563
2.6925983
2.8946735
2.9526471
3.2125204
2.1671044
2.6788603
2.8119965
2.9871759
2.3144414
3.4364004
2.8811406
2.9940483
2.1432385
2.7075901
2.7092219
2.1885606
2.0387928
2.8749825
2.1304527
2.5255627
2.6726424
2.6438476
2.7835630
2.8859359
2.7547108
2.4470100
2.6356165
2.6197329
1.8676505
3.2458761
2.1046409
2.6687178
3.1248946
3.4477347
2.8580747
3.2331510
2.9890344
2.4644409
2.5272319
3.3227003
0.8418265
2.3658166
3.4202673
3.5435261
3.4303801
3.5291648
3.5521624
3.2017431
2.5059276
1.8823129
2.7670874
3.5696865
3.0898672
2.3012859
3.1908128
4.9997900
6.1407448
2.9041316
3.0468940
1.5006245
0.7139259
3.5901413
3.0427121
3.0124823
1.4375551
0.7668016
1.4257996
2.0150446
2.4940273
2.6359867
0.6437559
1.8013611
1.8941511
2.1744918
2.5154971
3.9069910
2.7601159
2.2331748
3.7227437
2.5265826
3.9939389
2.1840163
2.7357350
3.8443994
2.8258035
3.1906392
3.4625316
4.1631569
4.5330549
4.8628646
3.4914863
2.6073824
1.4887888
4.6009514
9.1695063
1.3882349
2.6472798
8.0199334
1.4656830
2.3496575
9.5891528
13.5743412
11.9059558
11.8545525
2.4918770
11.4734416
3.9752283
10.8118991
14.0815496
4.9054528
4.8192803
8.3541836
3.0405649
3.8049469
5.8351417
4.5757903
3.0017916
3.9007311
3.4225668
3.5216214
2.9309297
3.9361665
6.1767570
4.9059298
3.0258124
3.3995732
5.0699457
5.5096038
4.4835932
6.0860398
6.7230734
8.2971157
7.6534363
6.4328878
3.3515870
5.5869392
8.5159460
7.8000983
6.7941713
6.3594180
4.9317273
7.5499505
5.7350743
7.9456391
6.8827614
7.7089382
7.3237637
6.2076691
5.0228608
7.1904636
7.9841361
4.6816621
4.9412779
4.7824429
5.9224434
5.0812621
3.4413497
4.2119343
5.0063370
3.8426100
2.2500988
3.3999879
3.8773705
4.6504242
3.7621724
4.7323179
4.2945370
5.5129875
2.6812343
4.8449798
5.2182022
4.6654891
3.8013916
2.6002796
0.8990229
2.1074819
5.6004202
3.2070805
2.1870274
4.7656985
3.3607408
3.7244087
3.6861081
3.5300162
4.0575236
4.8052532
5.3698232
4.3683311
4.0180740
3.9033047
3.8204963
5.3732460
4.2005338
3.4650404
4.0852979
4.4037985
3.3396374
2.5611199
4.0761421
1.8406253
3.8678534
2.2814735
2.8711102
2.8582667
1.9096455
2.6924412
3.4319969
3.1120142
1.2497738
2.8857792
3.1012089
2.5683597
3.4372365
3.3433169
2.9825632
3.6682633
3.6167547
3.6858754
2.6304936
2.9169024
2.9851051
4.4441073
2.8365104
3.5864694
4.6602918
3.1018563
3.0723462
4.0657409
3.2161882
3.2409263
2.5330792
2.7111607
2.2409065
2.9716052
2.3144560
2.6704672
2.2406283
2.2568041
1.8002446
1.4555439
2.1982136
1.4936780
1.4126957
2.5361843
1.8689340
2.3318471
1.7746103
1.4654964
2.0098297
0.7975345
1.7599680
0.8813873
1.1166034
0.5977344
1.4610389
2.1334852
1.2804393
1.1028150
3.1308432
2.0471224
1.7539695
2.1571378
1.6391043
2.1962828
1.4709675
1.6588157
2.5522985
1.8575056
2.0885739
2.5425924
3.0193240
1.7410258
2.8852004
2.2288971
3.0220004
2.6211348
2.4980632
4.1529426
3.2973842
2.8303656
0.9749424
2.1806025
1.1780718
1.7315488
1.9990353
1.1779437
1.7994863
1.1434822
1.4166877
1.8137296
2.3007966
1.5907812
0.8640499
2.2410384
1.2934932
0.4868677
0.3913235
1.5253776
1.4535995
2.1943019
2.8981582
2.3832825
2.7443032
2.7874873
1.7197760
4.0637277
2.1000899
1.9789775
1.8193224
1.1943149
1.6320374
1.8673814
0.9179881
3.2479093
3.0470847
2.2119034
2.2525858
3.0963055
2.8479223
2.7207361
3.0834053
2.9997511
2.0272168
2.5302608
1.8540567
1.3475495
1.8501922
1.9271132
0.9609947
0.7493007
1.7134216
0.6553863
1.2190499
0.7035365
0.6936562
1.1729706
0.7695367
0.9634972
1.2470673
2.0839987
0.9089256
1.2183406
1.1550022
2.2656471
0.9772890
0.4375462
0.7859418
1.2318889
0.6307277
0.5623426
0.6852986
0.5324156
1.1541180
1.5184066
0.7413384
0.9335992
0.5316484
0.3282284
1.9056055
0.8100639
0.9476417
0.3362519
0.2039905
1.3812399
0.5219106
0.1880487
0.5347920
0.0158003
1.3944971
1.1742168
1.4725424
0.9329582
1.0955485
1.3216174
1.2711918
0.8561267
0.5640395
0.8958300
1.1075292
0.4499701
1.4190744
0.6823453
0.6217293
0.6006975
0.5815479
1.2908195
0.9862902
1.6287635
0.5843692
1.4338543
2.2415956
0.9908013
2.1026949
1.3935084
2.4296427
0.7913383
1.1951729
2.3920038
1.5238963
1.7871143
2.2430251
1.0760229
2.4573021
1.6740400
2.6221590
2.4792245
3.7835634
2.8141871
1.3030650
2.5374513
3.7823897
3.3125400
3.1969209
2.6166919
3.7877909
3.3841068
5.6909048
4.6666551
5.8391217
4.5567692
3.8999677
3.9986519
3.4174745
4.6903160
3.0669948
3.3485005
3.9069064
3.6286386
4.4973485
7.1995654
2.5198365
8.0254596
6.1921151
6.4325994
2.1496178
1.7897670
5.2243874
3.2181417
2.0344218
3.7813016
2.2039822
3.6444681
4.2861779
3.8578449
3.3633469
2.7591242
3.1632509
5.1141026
3.3755077
5.7630473
4.1026893
2.5691431
5.1023046
0.5814452
3.3632313
4.6520231
5.3405642
1.9122468
4.0718688
3.2909637
4.4812928
5.5054511
3.5377140
4.4612095
4.1665032
3.8160516
4.9131385
4.4081544
4.1327605
5.8241592
6.6757877
5.6072153
6.3794641
5.1955189
5.2862516
5.9027898
6.2199763
4.5684239
4.7160571
5.9312657
5.8420712
6.7990900
5.1292055
5.6319776
7.5866149
4.9047057
5.1507478
4.1855006
5.4154772
3.7965238
3.3750186
2.6533605
2.7599804
3.1398958
3.7609475
3.9866306
1.3464225
3.0940490
3.7205402
1.3904681
1.8725814
3.0899547
2.0322696
1.3776791
0.9737383
2.7888206
3.1467381
1.6190876
1.2006194
0.4601262
1.4236045
0.8714618
1.0740066
1.8217709
2.0687928
2.4871912
2.5135531
2.8462279
2.6708880
0.7176553
1.5634501
0.4621776
3.1973161
2.5655560
3.4522287
3.5648300
3.4133464
3.0362354
3.4629680
3.4065627
2.8936514
3.4251321
3.6324321
3.6074636
4.0211799
3.7484022
3.8430162
3.3119527
3.9424427
2.8666252
4.0846073
5.1241999
3.4225576
4.3706484
3.4646775
3.4497548
4.1289636
3.6469219
5.6679275
4.2348760
3.5299693
3.4331414
2.8423228
3.1585180
3.0690073
2.7013103
2.2723114
2.3996054
2.6024317
2.3531152
2.0101398
2.4294040
1.6872926
2.5178672
2.4832373
2.6112055
1.9356663
2.0141891
1.8055947
2.0740118
2.1946295
1.9267687
3.4209562
2.2138022
2.7245357
2.1986230
5.9261447
4.0190924
2.3284435
2.9551052
2.5268522
1.7166373
1.4399580
2.3396320
2.2070161
2.5491426
4.3908394
5.3324071
2.0094706
4.4315680
4.3464869
3.4411484
3.0351411
2.0366057
3.0802575
3.3939032
2.1782056
1.5330444
2.2840949
1.8423890
1.8633031
2.0250165
1.8119481
1.2106228
2.0260429
1.6945924
2.4517049
1.6741444
1.8087418
2.0582599
1.8570153
1.6935330
2.1378399
2.0324017
1.7903515
2.1728562
1.9788001
2.0243075
2.2756135
2.0856974
2.4019150
2.2867197
2.3734028
2.2601523
2.5956617
2.5708774
2.4794946
2.3661716
2.2668122
2.6344087
2.4565312
2.6618863
2.8070014
2.8334516
2.4580391
2.9615033
2.7868427
2.7788764
2.6713961
3.0279708
3.1695200
3.1191194
3.0985945
3.2366927
3.2287471
3.9705573
3.8232049
3.6340230
3.7336529
3.6721932
3.8855259
3.7023803
4.0278456
3.7930660
4.2073098
3.7321380
4.1121774
3.9081083
4.0844483
4.0386376
4.2675354
4.2998808
4.3307524
4.0907360
4.5553145
4.1602222
4.3120107
4.2369479
4.0631083
3.7655611
4.0460142
3.9034816
3.7070491
3.6263176
3.4836147
3.7073128
3.8008535
3.3982610
3.4946410
3.6572317
3.3971946
3.9642968
3.1216749
3.4890116
3.1008178
3.6144178
3.2196886
3.5477105
2.9791703
2.9249255
2.8360972
2.9221565
2.4940284
2.6906536
2.4115417
2.7533693
2.6175355
2.5968235
2.9349509
2.6494261
2.8952571
2.8057977
1.9985114
2.3409074
2.4973604
2.1603188
2.2504379
2.4480978
1.9226702
2.2082008
2.3231188
1.9187711
2.3716760
2.0356605
2.3088118
1.9133394
2.0411341
2.7753541
2.1291129
1.7821274
2.2255758
2.8052253
3.2034957
3.0745270
3.4389294
3.1465844
2.8751691
3.0938666
3.6423283
3.3838750
3.1384204
3.7572549
3.9267820
4.3958745
4.6608050
4.3137297
4.4194387
3.6439760
4.9126455
4.0156118
4.2519551
4.8102516
3.2076857
3.8546612
4.9146695
3.8170801
4.5069687
3.0290288
5.3359233
3.6610453
2.9454576
3.0771223
3.6753676
3.6734483
3.7536724
3.8696844
3.3966540
4.4458821
4.1451944
3.8244683
2.8583074
2.6608592
3.2184194
3.8119296
3.8499701
2.7407958
2.5156336
2.0075560
1.2271405
2.1968908
1.9230487
3.9022998
2.3798294
3.5314839
3.5980251
3.4995125
2.1505830
2.0141058
3.3376676
3.8428021
4.3305724
3.4969476
3.7385920
3.6159620
5.1436142
4.2540209
3.0785026
2.5171862
3.6142070
4.3105326
3.6317431
3.2991264
3.5514086
3.9469566
3.8453545
3.8641900
3.6725408
3.5027111
1.9360984
2.2558457
2.0144788
3.1093555
3.4604865
2.6980207
2.4121376
2.4163004
1.7730413
2.8724420
2.8398606
4.0687433
4.8374654
5.6159803
6.1094709
5.6860332
3.8710005
5.7526624
5.4655810
5.0571877
3.8683796
5.6405602
5.9327285
6.0650982
3.8413747
6.3468744
4.6015754
4.2009667
3.0019084
3.6112789
4.9563574
4.0629390
2.9635623
3.7056483
2.7100178
4.3061697
0.9901865
2.0445832
0.9432399
1.9712483
1.0073786
2.9398965
1.8194293
3.7018589
1.7359127
3.4905248
2.3935581
2.1839713
2.0186127
4.0881196
5.8277561
4.0161809
3.4819590
3.4286094
5.5418341
3.9927754
4.7692367
6.2885373
4.3888010
4.2563338
4.0677937
5.3713542
4.8849715
3.8069386
3.2694077
4.3072726
2.9930524
4.9329475
3.7376603
4.3361149
3.9244695
3.1374635
5.2335276
4.1254488
3.8735711
3.9312389
3.8024228
3.2054513
3.3312804
2.8909948
4.8645880
2.6577653
3.0197840
1.5055413
2.9202821
2.5315831
1.7410227
3.4984772
4.7061571
3.3939061
2.1363522
3.4896347
3.3472975
3.7946163
3.6606762
3.7081342
3.9313684
4.0750699
4.2185250
4.1842435
5.4122454
5.2631398
5.5594964
3.1881097
4.4625561
3.9655111
3.5834389
4.3687008
4.9224233
5.8445804
3.8462674
4.4871786
3.3523225
4.8467219
4.6414380
5.9456245
3.9634356
3.7460092
3.1070220
4.8818891
4.2990968
4.7853347
3.2052719
4.7180315
5.4702128
4.4473917
4.7381094
5.2598218
5.4632741
3.2057333
5.3994878
3.9133194
4.5141113
4.9165150
5.6190427
5.5214763
4.1526055
5.3895677
4.7769043
5.8169808
5.1136733
3.4534362
2.9515843
4.5475789
4.2537337
4.6199124
3.4604264
5.8549595
4.4568455
4.4453421
5.0875313
5.0550838
5.2988451
5.1672799
4.5143730
4.9554735
5.0772740
5.6410705
4.8556345
3.5925429
3.9687979
5.8794311
4.0151140
5.5649649
5.0396150
4.3225266
4.1398532
5.0356030
3.8626649
3.4218805
4.3934757
4.7075017
3.5003609
2.8679394
4.0604025
4.8947234
3.6973030
3.2907530
3.8350287
2.8651484
3.3817643
3.8447047
3.1192155
3.2687491
3.4273679
3.1473057
2.0087404
2.8935712
2.6869528
2.7970187
2.5671845
2.7941960
2.8531988
2.9559551
3.0487392
3.4167445
2.8703987
3.0918873
2.6685787
2.6163385
2.7024565
3.2829399
3.5555609
4.0502798
4.4227045
3.5562666
3.3917700
4.6069519
3.7065581
3.7728475
3.5062655
3.6704680
4.2362968
3.8940628
4.8652514
4.1017152
3.4603666
4.4552409
4.5688424
4.8214849
4.7090466
5.0672030
4.3475500
4.6903111
4.8567656
3.8523649
4.4674531
4.6426307
5.3021126
3.9369438
4.8212116
4.3043335
4.5275093
3.9321391
4.7386539
4.5172987
4.7338158
4.2797005
4.5584856
4.0663157
5.0707966
2.9822175
4.7933511
5.0221704
4.6953430
5.0091791
5.5613848
4.4469557
4.3931071
4.7044292
4.8095671
5.0705451
5.2598733
5.2925477
4.8588585
4.9878744
4.8715755
3.9468458
4.0568178
4.0414788
4.5965561
3.4588998
4.1487462
4.4143828
3.7246141
3.7974164
3.7775469
4.0472767
3.8459431
3.8707939
4.0967093
4.1266992
3.4356340
3.8332881
3.9321443
3.5628061
3.3765247
3.4928564
4.4721122
4.8674636
3.9628262
3.8244124
3.4379960
4.7849099
3.9580407
3.5321924
3.6430128
3.4674350
3.7796284
4.0674391
3.1305478
4.6808145
3.1427233
3.6251773
4.8494426
3.7151017
4.7243979
4.0961057
4.1482543
4.5979184
5.2027364
4.9054806
5.2928046
5.0247546
3.5877200
5.8521176
5.0842737
6.1346232
5.0523069
3.7514692
4.1837463
7.0415389
5.3429357
4.7012362
4.2170856
2.9343476
4.0644467
2.6687189
4.0055754
3.8181490
4.8913672
3.2939853
5.5473123
3.5019392
4.8103522
4.2676616
3.5081234
3.5877465
4.1426784
2.7289247
4.1454309
3.9847100
3.6897815
4.5983652
4.8993346
3.5766239
3.8419663
3.9617819
3.9407613
3.9947326
3.8084404
3.7135847
3.1237246
3.3391541
4.1844205
2.7979187
3.4315200
3.2831148
3.4641148
3.6392527
3.7347457
3.6822357
3.4580921
2.7626604
3.8512026
3.9233290
3.5011874
4.1691782
3.4751758
3.3872150
3.8641123
3.6226011
3.4730767
3.9646378
4.6529878
4.2524523
3.2446559
3.9611083
3.4151605
3.9194226
3.7514572
4.3949082
3.9036888
3.4174995
3.6223253
4.4477153
3.5644922
3.2881473
3.6682906
3.5171664
3.6200025
3.2673026
3.3209572
3.7969377
3.7836846
3.8154848
3.5740585
4.1724099
4.2699978
3.4542557
2.7750278
4.0083334
3.0923015
2.6096791
3.2953604
3.0385843
3.3855144
3.9761906
5.5577144
4.0188952
3.6392333
3.5444066
3.8718846
4.7156141
4.5533822
3.2952836
5.1766638
4.0095064
4.2259405
4.1159635
3.8205723
4.8428695
3.9568696
3.5972043
4.1987539
4.0551270
4.7985996
4.7427132
4.1544432
4.3299453
4.1426019
3.9254333
4.0828293
5.8194067
4.8777377
4.2207099
4.1297433
4.4557057
4.3626113
5.2728709
4.6504800
4.3291077
3.5555085
4.6626442
5.4567007
4.3474693
3.9716168
3.9831878
4.7429706
4.5254279
5.1911762
5.0152374
5.0306871
4.1324078
3.7413269
3.4763115
3.2932505
4.1494226
4.8624011
5.2844587
4.2762659
5.4936486
4.1794089
3.8085543
3.3580951
3.3833083
3.2660604
3.4756590
4.3633099
3.2373501
3.4300751
3.6484931
3.6206473
3.1591721
4.1024891
4.4212966
3.5534517
2.8091080
4.1952130
2.9708847
3.0500929
2.6873206
4.2985432
3.8346254
3.0967074
2.2833253
3.1988760
3.2532130
2.9203584
2.1969294
2.5637486
2.5592046
2.4373988
2.7354768
2.3458286
3.0648488
2.9454601
3.2962567
2.9004548
3.1422686
4.5897870
2.6490494
2.4870725
3.3012101
3.0897185
3.8222342
3.9294059
3.2855372
2.8358759
2.4104355
2.6646436
2.4490191
3.1372633
3.2722775
4.3609341
3.2371309
3.0502753
3.5332641
3.2287124
2.7796433
2.4327301
2.5221352
2.4846149
2.0963370
2.9871536
3.1548944
2.7382431
2.9639403
2.6966651
2.8293166
2.1678181
2.1362612
2.3496637
4.0615112
3.0190428
3.6414865
1.8712032
2.8581146
2.6367503
3.2920018
2.0965901
3.4237409
2.1042798
5.5361523
2.7325176
3.0151812
4.6798891
3.0457788
3.9631574
3.1446967
2.4476158
2.6895176
3.0088527
3.5287965
3.2048646
2.5383698
4.7361774
2.9283236
3.1427892
2.5198564
3.1848270
2.6912160
3.6822860
2.9408480
3.4437408
2.7052286
2.9339427
2.9646721
2.8224704
2.3201126
2.3420392
3.4983210
3.3031052
3.0079362
2.2403027
2.5999914
2.9316854
2.2732433
2.6707929
2.8433182
2.6890146
3.3769598
2.5236429
3.0388250
3.4093063
3.3650982
2.4292004
2.7868619
3.2963397
2.5121964
3.0276508
2.7166964
1.7488491
2.5768565
3.3063135
3.5359433
2.7140943
2.9499676
2.5427919
3.9646068
2.6924567
2.6200454
2.4967399
3.2072419
3.4228963
3.1659215
2.4600463
3.2741645
3.6729087
3.0073463
2.9185928
2.2965188
3.2912366
2.4492167
2.3925340
2.9558644
2.8917727
3.7692660
2.8141347
3.4976478
3.1974265
2.3153459
3.2609889
3.0141227
3.8318169
4.1126000
3.4403696
3.1389664
2.7536931
3.8696338
5.4210809
5.3029637
3.4769414
2.9624094
4.2024441
4.6373730
3.0068216
3.4039718
3.7570981
3.3779983
2.9027254
2.6564569
2.0925581
2.3378930
1.5931323
2.2861349
1.4710062
2.3236906
2.5206247
2.2092459
1.5418121
1.9741917
2.2568464
1.8017253
1.4618123
2.3680934
2.6068076
1.8707322
2.2171573
1.9329531
1.8987387
1.3093443
2.0636075
2.5881730
1.7077925
2.3178488
2.3231447
2.2785886
2.6931397
2.3840642
2.2438436
1.5644029
1.9980959
2.0753569
2.0876014
1.5455722
2.8441249
2.2645623
1.9234802
2.5870221
1.7244305
2.0977843
2.1170309
4.8984199
2.2276038
3.3322543
3.9363587
2.7854535
3.5768255
2.0401761
2.5660788
2.7505482
2.8002357
2.9165592
2.4960936
3.6109695
2.2440044
2.3565264
2.5224532
2.0787016
1.7240581
2.6717780
2.6606211
3.0638195
3.4248286
2.5479283
3.5913293
2.0495542
3.7950965
2.5063897
1.3903288
2.4521839
3.0746883
1.4942494
2.0961833
2.2525622
4.2550122
2.7776547
2.9890356
4.3583382
3.1896131
3.7795235
3.5887034
2.8904841
2.5769062
3.1631142
2.4799946
3.0765149
3.0312608
2.8440110
4.2344907
4.0235476
3.7972069
2.3846416
3.7824639
4.0794547
5.4517992
3.7811921
4.0299039
3.8189691
3.4190204
2.9736667
3.7260610
3.4828414
3.1244171
2.5803854
3.2865246
2.8410040
2.8207737
2.7669617
2.6847007
2.4779149
3.5309694
4.0832881
3.6043915
2.3721209
2.0551804
2.7985329
2.8788024
2.0901400
3.0795841
4.5585873
5.3319015
3.4438167
1.8862228
4.6633092
2.5633256
5.3498748
2.3022466
4.1636129
3.6861054
5.7346067
4.9915657
3.9363243
5.0931278
3.6827092
4.0251922
4.7001486
5.1713085
2.8711014
3.4712926
3.4878980
5.5451937
5.4830719
3.8204839
4.0430031
3.2020495
2.9004567
2.9304935
3.1623773
2.7151361
3.2846613
2.4040126
5.2643211
2.9262860
1.8583888
2.6279723
4.7678846
2.2239266
3.5644117
3.4264701
3.9454861
3.3015719
3.9639527
3.9817077
3.5175335
3.9141620
1.9468195
3.1720519
3.0474392
3.5741850
3.4903179
2.2822225
3.3857703
2.9147631
3.0118847
2.7559037
2.9338511
3.1412314
3.7014794
4.1370708
2.5022633
3.9031111
3.5029051
4.0373695
3.9002538
3.2835812
3.0455327
3.0314988
2.8772542
4.3725977
3.8041230
3.9104375
3.6247567
5.0165429
4.7709852
4.0301232
3.7028752
5.0548328
4.0145507
4.0777221
3.7107314
3.9567338
5.1808085
3.8319475
3.5209291
3.0730323
4.5054562
5.0405764
4.0558690
5.8991458
6.2203203
5.2987156
4.9828683
5.3159449
7.1846184
5.3496726
4.2771798
4.8798594
5.0904104
4.7946411
4.3970292
3.9735451
4.6716971
4.5007097
4.5454645
4.0570837
5.1573314
4.8893615
4.1611229
5.0882397
5.1844805
3.3993384
4.0858219
4.1361076
2.6357030
3.1145015
3.8623641
3.6273147
4.1874904
3.3843200
2.9976200
4.3102319
3.7665883
4.0085753
3.7322800
3.7756645
4.0390908
2.7926953
2.9649771
3.3482940
3.4529083
3.7429206
2.6816692
2.8389560
2.5236594
3.0803616
2.1893983
2.3701584
3.0687083
3.5865707
2.4061973
2.9911660
4.0397180
4.1677677
2.4762209
3.5388600
3.3146410
2.7107225
2.4652660
3.7028151
4.4336137
1.9404458
3.0764359
2.8845972
3.9200293
4.9206389
3.8558798
3.6384684
2.3769181
4.3877341
3.3511888
3.4189986
2.1381445
3.7396504
5.4425035
3.7910227
3.0906380
2.5875723
2.4769719
2.6881042
2.3716882
3.5804039
3.6041914
2.8956149
2.6852356
3.5806875
2.2071516
3.6455396
2.2199040
1.9033545
1.2412188
4.0478042
2.5758566
2.1636011
2.2806269
2.1487959
3.4691891
2.8901478
3.3795324
2.4822324
2.9072976
3.1540707
3.8969310
3.5136322
3.8010648
2.6343904
2.4711357
3.1064701
3.4436949
3.6635003
4.0186260
4.1908843
4.1635480
4.2533189
4.4751267
3.6841845
4.2156325
3.7284399
4.5889310
5.0658842
4.2756429
3.5235347
3.9932702
4.2928875
4.7627509
2.8037060
4.1730596
3.8012908
3.6124843
4.0929896
3.2277850
3.6363034
2.8445832
3.1492144
3.3547523
3.7594687
3.2964070
3.6198030
2.6837355
3.9858863
3.8561644
4.7549019
4.2922405
3.4105028
3.5194119
3.5255234
3.4150482
3.5831320
3.6251186
4.7267246
5.1762258
4.2222756
3.5411200
2.5926778
3.8901606
2.3578206
4.9127652
4.0785561
3.7892284
2.3818649
2.6416307
4.6373942
3.6440954
3.5117082
3.5894221
2.4941022
2.9229926
2.4934829
1.9145816
3.2407340
3.5674785
3.5548086
4.7433646
3.5061737
2.2175871
3.7485897
3.1127461
3.8803295
4.4822361
3.2547514
3.0604822
3.4446449
3.2545548
3.1965970
4.6030809
2.8923236
3.2658578
2.5962344
3.3114197
2.8436991
3.2861411
2.3693657
1.7889878
2.9752014
3.7531306
2.9727625
2.8585756
4.3308489
3.0321234
4.3895437
2.6736630
2.1720979
4.7297360
3.1410745
3.3060250
4.9116885
4.3679523
4.8534235
3.2425630
3.8858273
3.5680391
3.2758881
4.2670058
4.8506820
3.5484912
3.5634932
4.5833090
3.7487055
3.9127385
3.7753081
2.6112482
2.1235547
2.7964416
3.7521646
3.9711962
2.0375048
4.1581832
3.2733358
2.8060010
2.2579126
3.3557068
3.0141491
2.9718777
3.0163076
2.7667340
3.3596061
3.0743381
3.5537012
2.9589983
3.1363148
3.7844953
3.3538043
3.9154020
3.8875248
3.4551663
3.0785461
2.9103057
2.8864232
2.9444654
3.2100602
2.3272816
2.7497378
3.3076439
2.5245648
3.1639191
3.1627173
4.1978851
3.5692054
3.8804351
3.4591280
3.5832334
3.5455667
3.1452467
3.6545141
3.5274741
4.6100131
3.5479665
3.6942025
2.8836539
3.0943707
3.9680656
3.5692493
3.7483865
4.2275660
3.1919917
3.3794579
3.4036829
3.6710717
4.3679319
3.8949792
3.5985471
4.6835912
3.8848691
4.1869109
3.5015214
3.9722352
4.3610309
3.7440191
3.6963264
3.2948452
4.3135800
4.2004031
3.9776877
3.3272764
3.3139373
3.9143219
3.5815071
4.2599125
3.3026148
3.2554471
3.3482718
4.3455089
3.8978945
3.6420965
4.2448907
3.2879158
4.3080671
4.1321101
3.6027528
3.5689186
3.3663879
3.3548983
3.1424942
3.8846964
3.5147727
2.5149028
3.5597153
3.1187171
3.0619484
3.9789944
3.4660826
2.8499472
2.9426288
3.2055564
4.3221083
4.4696947
4.6194898
4.5674413
3.3114893
3.6353445
3.6180880
2.9988054
3.5383480
3.6616049
3.4682471
3.5649688
3.0385741
3.0559774
2.6773859
2.9181452
4.3037316
3.7993689
4.3023344
4.4260472
4.6332664
4.8323598
4.0406933
4.2173139
3.8620215
4.0641149
4.5031203
3.9718700
3.5527939
4.1588077
3.5345064
4.1514654
3.8536756
3.1074251
4.1410477
3.5104994
3.6423824
4.1964264
3.4908363
4.5003121
3.4260675
3.9064513
4.2591631
3.6078605
4.6328374
3.7693337
3.5967450
3.2624900
3.6765245
4.6619593
3.6134308
3.4249881
3.1541084
3.1104158
2.8288053
3.6334090
3.1580309
2.7693581
3.6317933
3.6275235
3.4001297
3.9156992
4.0611629
3.5688297
3.1268267
3.5049347
3.1235837
3.0701983
3.4226383
3.0091146
2.8277122
4.0172392
4.0455754
3.2980507
3.7636197
2.7686908
3.0280888
3.3831579
2.9905802
3.3781924
3.1727891
3.5431303
3.9364457
4.4757001
4.0165602
3.7824483
4.3017493
3.5825247
3.6641010
3.6592782
3.3874222
3.5374199
3.5029446
3.1945680
3.6067007
3.0719191
3.1606114
3.2049490
2.9560407
2.9703286
3.5009095
2.9504556
3.2240559
2.8153105
2.6769449
2.5760423
2.7985292
2.5162078
2.6689952
3.0203790
2.8837167
3.0674652
2.9563318
3.2397794
2.7912394
2.7639148
2.3237121
2.9550395
2.6268141
3.1995350
2.6016220
2.6042961
2.5777475
2.6663921
3.2942093
2.5652882
2.9672242
2.8320526
2.4983912
2.5860371
2.3261197
3.1933778
2.6033988
2.3285778
2.3024032
3.0615639
2.5880708
3.0641663
2.4933199
2.1777348
2.0303188
2.7439412
1.8378324
2.4748075
2.4380561
1.7873690
1.9990753
2.0944226
2.1041676
1.9220831
2.0982632
1.5325918
1.5383978
1.2334205
2.1047299
1.8192210
2.4684744
2.4455049
3.3322463
3.0438684
2.9915551
3.1748572
2.4341460
3.2789424
4.0751847
2.9533483
3.1847196
3.2126321
3.6582255
3.3929872
3.7308406
3.5217979
2.6167080
3.2278883
3.1776591
3.3221897
3.9530044
2.7976386
2.9696806
3.9402290
4.1515179
3.3288721
3.8841364
3.7743246
4.0980409
4.6223908
3.3822972
3.4169703
2.4502786
2.8020418
3.4011313
3.6480525
4.0881409
5.2782489
3.5733051
4.6364770
4.0347523
5.9064001
4.8968026
4.1848754
3.0777661
3.2442528
3.2592551
2.9183118
3.1083175
2.9860329
3.0108994
3.3376904
3.1105362
2.5883601
2.6462105
3.1070537
3.0656875
2.9047613
3.2441649
2.9343222
3.1753724
2.7944808
2.9948691
2.5618944
3.0580591
2.8778996
2.5590248
2.5338569
2.5570357
2.5400947
2.5600737
2.5582863
2.4799105
2.1197429
2.2321179
2.3064672
2.6376424
2.4353324
2.3415718
2.2470073
2.1024730
2.5520834
2.3216293
1.9158003
2.6562200
2.7897432
2.2238985
2.1950819
2.2133837
2.4759435
2.7200808
2.8543431
2.6458180
2.8044544
2.5616883
2.7509878
3.0714085
2.4230212
3.2649623
2.6545820
2.7849129
2.5049348
2.6872982
2.8541865
2.3479667
2.5409976
2.4423864
3.5481609
2.7082550
2.2146916
2.4339439
2.4671608
2.9060179
2.7993064
3.4284758
2.9374405
2.9156017
2.8803032
2.4186745
3.2476060
2.7098412
2.8081428
2.7511290
3.3626614
3.0857104
2.7078785
3.0939704
2.9271486
2.9084983
2.6044533
2.9970301
2.8349957
2.8502708
2.7581305
2.5378607
2.8674364
2.7601903
3.1677018
3.1082170
2.9253532
3.0345090
2.8775017
2.7271401
2.8776141
2.8193245
3.4964658
2.7452491
2.3279829
2.7012552
2.9677998
3.3003972
3.1139238
2.9377148
3.0604534
2.5514978
3.0042361
2.8645093
3.0995940
2.9573502
3.2884927
3.1585363
2.9661681
2.7869990
2.5972496
2.6911815
3.0815585
2.4996202
2.5853493
2.4819925
2.9090546
2.9436242
2.5925082
2.4988647
2.3932581
2.9201584
2.5208206
3.0991804
2.8379345
2.5612580
2.6677278
2.6549473
2.7658515
2.7291572
2.8000827
2.8329907
3.0830721
2.8237047
2.6862299
2.5819747
3.1590162
2.9249491
2.6080543
2.7105943
2.8058172
2.4090078
2.4591020
2.7370597
2.9742526
3.0165097
2.6398475
3.3415352
2.5298656
2.8151218
3.0702304
2.6252942
2.7145285
2.7803432
2.5659041
2.3763122
2.5813270
2.6575936
3.0150208
2.7296960
2.4691808
2.6208538
2.3503385
2.3530259
2.2369722
2.3155227
2.5221779
2.4296246
2.6880395
2.7531379
2.6736349
2.5807715
2.6952019
2.5775920
2.6214678
2.2087091
2.4022646
2.6182046
2.7423770
2.6160731
2.6169474
2.7494871
2.4961157
2.8819775
2.6787301
2.7367099
3.0593371
3.1463904
3.0345891
2.9756224
2.9589062
2.8858612
3.4115729
3.1287346
3.2045096
2.9956055
2.7730815
3.3267106
3.1092903
3.0646786
2.8324783
3.0212806
3.2329520
3.4096686
3.3795914
3.0877197
3.4370156
3.4877252
3.1646882
3.3054635
3.2896941
3.1900077
3.2862111
3.5216839
3.5270538
4.0241985
3.6440311
3.7304540
3.3885235
3.9199612
4.0885871
3.6343082
3.6895043
3.9972937
4.2274025
4.2842337
3.8066147
4.1868827
4.8781419
4.5172145
3.9239932
4.3239406
4.3352842
3.5458871
3.5937340
4.3092297
5.0362723
5.9896829
4.3489935
5.0233104
4.4272693
4.1805322
4.6072979
3.8084319
4.0169164
3.3429822
3.1376062
4.5835561
2.9046133
3.1213409
2.9930200
4.3815290
4.1658738
5.1887113
3.8589267
3.6142795
4.3379693
3.8533972
4.7668364
4.3823116
4.3106083
4.5097715
4.2045637
3.6902174
3.0950358
3.8458991
3.9565550
5.1112565
3.5063683
4.1116261
2.4234659
2.2868867
2.2874975
2.7965180
3.4402367
3.0735873
3.2377426
3.4617580
2.4692584
3.2137890
3.4198201
3.3408205
3.2107056
3.4568811
2.7130799
2.5755577
2.6133167
3.3423192
3.7181328
3.1830659
2.6954749
3.5059995
2.5948092
2.7512141
2.8130801
1.9146180
2.8052548
3.0680831
1.9570102
1.7972318
2.5963452
2.8857949
2.8293230
2.3063330
2.2598144
2.0301298
2.8738956
1.0377866
1.7638469
1.9024997
2.7350497
2.6907112
2.6610695
1.5723709
1.8496910
1.5128438
2.0769222
0.7400575
2.2341129
1.0332994
1.6406454
1.9409803
1.7877788
1.9097969
2.0855211
1.4902576
0.7524737
2.2417530
0.9239200
3.1295577
1.6701644
2.2756022
2.0228463
2.9387828
2.0033228
2.4527406
1.9826138
2.0551182
2.7683932
2.5193720
2.5457546
2.1672084
1.9113963
1.2108191
2.3836363
2.4570463
3.0754077
2.7354798
0.8487164
1.7039314
1.7089399
1.2158219
0.7137952
2.0881109
1.7730010
2.6384372
3.0470792
3.0124701
1.9299951
3.1455175
1.9569032
2.2328390
3.0007238
2.4748712
1.3210570
2.4414121
1.3807782
1.9575993
1.4822286
2.1071044
1.6060850
2.2700882
3.4428541
1.4884177
1.9910408
1.5133824
1.6252958
1.7123659
1.8738054
1.3845102
2.0856843
1.9571879
2.2560658
1.3095000
1.5662374
2.0816252
2.4595619
0.6939441
2.0940464
1.8855313
2.6063661
3.1368465
1.7782327
3.2591274
1.0978436
3.2349159
5.5552601
2.3459084
4.2933261
1.7347962
1.7302286
0.2886997
1.1889147
1.2595353
1.0349449
0.2725198
4.4067939
1.2022310
1.4937845
0.8212700
1.8289100
0.9566187
0.5403137
0.7970881
1.0733606
0.6245552
0.6810668
0.3262562
0.5291789
0.9580268
0.4998184
0.3806019
0.8243128
1.1474284
0.5261799
0.2476679
0.7178356
1.5932173
0.4819144
1.1299204
1.2264885
0.5223670
0.9028364
2.1989917
1.4665806
0.2360211
0.9013277
1.3105698
1.4895146
1.0331023
1.3461742
0.5220823
0.4320738
3.2215828
1.0241634
2.2315523
0.8975647
1.0982102
0.5391672
1.3605462
2.1458950
1.1064427
1.3641129
0.8166242
0.6349654
1.1242466
1.0433519
0.3971924
1.4294924
0.9699499
1.5637965
0.7846708
0.8937039
0.6986875
0.8219876
1.1609122
2.3613381
1.3923472
2.4444675
1.1418832
0.7654784
0.6334578
0.6363856
1.9018905
1.8161526
1.5396821
2.5856346
1.8048327
3.4434126
2.7698820
3.3319935
1.6809340
2.5118028
3.6999193
2.3413267
2.0519601
2.5475882
2.7297589
3.0849782
2.9464904
3.2548858
2.5697106
4.0039002
2.5982785
3.2964072
2.6853517
3.6210821
3.7964445
2.9764329
3.8532466
3.9350632
3.9089198
3.6242055
4.5213761
4.1299902
4.8232444
5.0685826
5.0144813
4.9465057
4.7218806
4.3134292
6.7544242
4.7317420
3.5189961
7.0974942
4.0686934
3.2404163
3.7569416
3.7984751
4.2355444
3.4944106
2.7431713
3.8347934
3.2762442
2.9595152
3.9814694
3.8478644
3.6927127
3.8967033
5.2660165
5.9648860
4.3043350
3.6971464
3.0782088
4.8199801
3.9562187
3.1903893
2.6682853
4.6798940
4.3508236
4.6866817
3.9646398
3.3960163
4.0826163
3.1440281
4.6138786
3.4592144
4.9575640
5.0823380
3.1389226
3.8315454
4.4504988
2.6343080
3.4860283
2.6859156
2.7442319
4.2494130
4.7215173
3.2925323
3.3119888
3.5046356
3.2352457
3.6670173
2.9169655
2.5741063
4.3399586
3.7847392
4.4098884
3.1058179
2.5826087
3.0776913
2.4866051
2.0424526
2.8318252
2.9992525
2.9472795
3.4457439
2.9957721
2.1765501
3.0332197
3.4112169
3.8052203
2.4202710
3.0356156
2.4741564
1.4050583
2.2235787
2.6214170
2.6234689
2.4183956
2.5890555
3.3927435
3.5025179
2.5689085
3.1612802
4.4718321
2.5210990
3.7952793
2.8923299
2.9424683
3.1627985
4.0136969
3.4255536
3.8060909
2.7339629
2.1445457
2.2181575
3.1168513
3.5151830
2.8761368
3.1249043
3.8671244
2.6962643
2.3450868
3.6439988
3.1005067
2.5335150
2.3833074
1.6677481
2.3005307
1.9725307
1.6607753
1.5198634
1.1357654
1.5115424
3.4959475
1.5923963
2.2762235
2.4519309
2.7954605
3.1497791
3.2752957
2.7541798
2.8857127
3.1103733
2.0270074
2.5401293
2.9932981
2.3044728
2.4593177
3.4872314
2.5710663
2.3856032
3.5407166
3.3385361
3.0640395
3.0510510
2.4525218
3.0037198
2.7208262
2.9167934
3.5208906
2.4718529
2.8422702
3.3879304
3.0036180
2.6909621
4.0237817
2.7682762
2.9710330
3.6825176
2.7299091
3.0653190
3.2083701
2.6507535
2.9072811
2.7825933
3.6548043
3.4377203
2.4311736
2.5941085
3.6236947
3.4628288
3.5446230
3.4569086
2.6793529
1.5250674
3.2362213
3.8168579
3.4659341
2.8835784
3.6559641
2.7712152
3.2702958
3.1877853
3.4613393
2.8607721
3.1287282
2.9519958
3.8649270
3.2537652
1.7058912
2.3773271
2.9540256
3.1826990
3.8137946
3.1314541
3.7255727
3.1483778
4.1169227
4.1081234
3.9091434
4.1786170
4.0644702
4.2735966
5.0602857
4.1943631
4.0988651
5.2732966
5.9922570
5.5514122
6.4230879
5.7943538
6.1318357
4.7683560
4.2989166
6.2573037
5.5361811
6.3417847
5.9853581
6.5914797
5.6897546
5.9876518
5.2820264
5.9741481
5.5825246
5.4184835
5.8075151
6.1840456
5.7018095
6.6711396
6.0901828
6.0458388
5.0012588
3.8128604
3.6484738
3.5382604
5.1199268
5.4540571
4.5675191
5.1430673
5.7235365
5.9565629
5.8593188
3.6347076
6.7262380
4.1940135
4.4231955
5.3359617
6.9577296
4.6153445
7.0084143
4.3112955
6.3935999
6.3243589
6.3386106
5.2004348
5.8636508
5.1632777
6.8570273
5.4681059
6.3175865
6.9192180
6.2566376
5.5605811
7.4152520
5.6323903
5.4930259
6.4544370
6.7397873
4.7253212
6.7059064
5.5957794
5.8260522
5.7563148
5.9237574
5.2496593
7.0786381
6.5082622
6.0829133
6.6288901
5.9899866
5.7431752
6.8342029
7.8711108
7.1635183
5.5573779
7.1398505
3.4115344
7.0964604
5.5991581
9.0360768
8.4663908
5.1974377
7.9759466
5.2920156
3.1377861
5.4898429
4.9420636
5.1353903
6.3212626
6.2850129
8.9448544
5.4836752
9.4077107
5.5307796
4.6676510
3.9600900
6.4874007
5.3996647
5.0704799
5.5200467
5.0416500
6.7578144
8.1646913
9.9333662
9.2786865
9.0679927
7.2050078
5.5545192
7.3321062
6.0370168
6.9163192
6.7268544
7.5387810
7.6763028
5.2736391
9.3956098
14.2915735
5.9932446
6.4026654
11.7380166
7.0072092
11.2302739
5.7008663
7.8004332
11.6769812
10.2617561
11.0611222
12.4136502
10.7055515
8.3069366
7.9532285
7.8195178
8.5331939
10.8214847
7.6680029
9.4734836
9.1472452
9.0434751
8.4838858
6.0802418
9.3274596
5.4986320
7.6940120
4.8044886
11.8159140
2.7141254
3.4140300
4.7121050
8.7909016
7.1949644
4.8901152
6.3300881
4.9068836
7.2030760
8.6707181
3.3655867
5.0994023
10.0379108
9.5831456
9.2807117
6.5995449
6.5264390
8.6114419
8.0892310
4.1521285
7.0426880
7.7226419
6.4353348
6.6616963
7.5299012
7.6294336
8.4748961
7.3131287
8.2639754
8.7454186
8.4528705
7.8019349
7.1800111
5.9189995
10.5169870
7.5643321
7.5885629
4.7523829
9.5272067
10.6730663
11.8331140
9.0238928
10.5364519
4.2621141
8.9488761
7.7716512
7.1017202
2.5899658
10.1335661
7.1436749
10.7687687
6.3486418
6.8982419
11.1198635
12.7275035
8.9454686
7.7093944
8.4330281
12.2136131
7.8566118
11.1962966
10.4841868
12.5742734
4.5841362
6.5099602
8.7120076
4.6024585
7.3038351
12.0836455
11.7119912
6.0368096
2.9302300
2.3824282
5.0200083
9.3037974
8.9510183
3.7971891
2.8219926
3.3931363
3.9615246
4.0832248
2.2557212
4.8176333
9.3104557
8.6538916
2.2410639
4.5123633
4.9064566
6.1250716
3.9466399
3.8225598
3.2148238
3.9829435
2.9989084
5.2897742
3.8505546
1.6643091
6.2551321
2.7738781
0.6028883
15.0339021
6.6459726
6.6633503
4.0148908
4.9234082
6.2163645
5.9685679
5.9785826
2.3244610
5.2721398
2.2774290
5.3027953
5.0222165
4.2668941
3.7161371
3.7121395
7.8231157
2.8428643
7.2734375
4.1487711
6.9802050
5.9496302
6.8222152
6.1968793
6.8948858
5.8127327
2.6900606
2.7718009
7.2697881
6.8164450
7.6869817
6.9869207
5.8794959
9.4245741
3.1959141
16.3189460
16.0307358
8.3033305
8.7628134
3.4192039
7.7667115
7.2121168
2.8654838
1.1695229
9.4674509
6.7849849
5.9493696
4.8514629
8.2254879
6.8800563
5.8594404
5.2876315
7.9765697
3.3539904
4.6263643
5.8608121
4.8305007
8.1053341
3.7106714
3.0707277
9.2303437
6.3423301
2.7556249
8.4789669
7.1506817
5.6979163
5.6880919
5.0379921
2.2408145
5.9232896
6.6205078
3.7308821
4.6081911
3.3242290
4.8351209
7.8447931
6.9059255
4.2223732
5.5368357
5.4507346
3.3312684
5.4425654
3.3490464
2.8427149
2.1456546
4.7396172
4.8780827
5.6500044
4.0402800
4.5155451
5.2200058
3.3859043
6.7846488
6.0687497
4.8102472
4.0205143
5.2499273
5.7053492
5.7354828
4.3228294
5.3711275
6.3206393
5.5086857
4.6740124
5.8563361
3.8795775
4.3746901
1.8778316
4.1904072
4.3900814
4.9926185
4.6853950
4.6882305
2.3555880
3.6692832
2.2655985
3.4725042
2.4065877
3.8951297
3.3407713
2.7487269
2.7439591
3.1904898
3.0049912
4.7899227
2.9550979
3.9331795
2.7830670
1.9562822
3.9092817
3.4771903
2.3388267
3.1156723
3.6720077
5.0665307
1.0720258
2.1700063
4.0160026
1.3736627
3.1567907
2.2875219
2.6958642
3.1040327
3.3261909
2.4706756
2.3381063
2.6323230
2.9501795
2.7305532
1.7842464
2.3478018
1.8121700
2.6473695
4.2997088
3.2943487
1.6484116
1.3075087
2.5744866
1.6349649
2.9346137
3.1285979
2.0056220
2.3399928
1.5225168
0.7624293
0.6035186
2.4059320
0.6687731
1.6878361
2.1037749
1.1261708
1.7038633
2.1027024
2.5340710
2.4999242
2.2821083
2.5812622
1.3472322
2.4699928
1.7067519
1.5938462
1.7538288
2.4958852
2.5056829
1.2590967
2.5512524
1.6595294
0.4657541
1.4705181
1.3931472
2.2114684
1.5098533
1.7757288
2.8312482
2.1308564
1.8990638
2.8028369
1.6989852
1.6082096
0.5009384
1.9938936
1.6073900
2.9055252
4.7435616
1.5419861
1.1929629
2.0769317
1.2929468
1.2604673
2.0030226
1.6456231
3.3813529
3.3236707
1.8248659
2.0030354
2.2887280
3.4630610
1.3628531
2.2642051
3.3827277
1.1465332
1.8958688
1.2682697
2.9015047
2.0888624
1.1048672
2.0291360
1.3378849
1.1293315
1.8455249
1.0285158
1.8858700
0.8949156
1.7213168
1.4147858
1.7676618
1.3842460
1.1617063
1.6340061
1.3048331
0.0668943
0.7413394
1.4362305
1.3641509
0.9887744
1.0495670
1.4617147
0.9035096
1.5153250
1.5664287
2.7685097
0.7638412
4.1479946
2.2368693
3.4868967
2.7930416
2.6957653
4.6172132
2.2792551
2.8183683
4.0737322
4.2764264
3.7842615
4.8025561
3.2266020
4.0401679
5.0708986
3.6490307
3.2460495
2.8925406
2.7347039
3.3206829
1.4644594
2.5378105
1.2086385
1.4382732
1.5458682
1.5443040
1.2141954
2.2373983
2.2808167
1.9923789
1.3620063
1.0150125
1.2680438
0.4044848
0.3002060
1.2836721
1.9111000
1.4295698
1.1291728
1.0555644
2.6450731
1.7975052
0.5671675
2.4145547
1.9435106
2.5055223
2.7913070
3.3707816
3.4515562
1.8832150
2.3396452
3.3796981
2.1552606
3.0073996
2.7664483
2.2256870
3.3130230
0.4700721
1.5366592
2.2332486
5.1785336
3.0271464
4.3882162
3.8729518
2.2121071
3.3358293
3.4638480
6.5542201
4.5790094
3.6642593
3.5687592
5.1158790
3.4239043
3.1638094
5.5003480
4.2411598
5.2799872
3.9680503
2.3338398
3.5746740
4.3917968
3.1192105
3.9988764
3.7603115
4.5530171
3.6120574
3.2846736
4.3236608
4.5797999
4.2501813
5.0647936
3.9173812
5.4607306
4.2367766
3.9986573
5.0634161
6.2107885
4.4366682
3.9207973
3.6482084
3.8151840
2.6825521
3.3438005
3.4655399
1.6900046
2.5313587
1.6369549
1.6791720
2.5541633
1.9431635
2.0548842
0.7964056
1.0243853
1.6125272
1.7837744
3.4603764
2.3103797
1.5376148
3.3457993
1.6924572
2.0783427
3.0679308
1.6991537
2.1457270
1.1339101
1.4335279
1.6229931
2.0183780
2.2902095
1.7317345
0.3477929
0.2696654
0.8644129
1.3129962
1.3794832
1.0640171
1.5738477
2.0446070
1.0105487
5.2096265
3.5321987
2.1418602
4.0748370
4.4869411
3.6975782
1.6040237
1.4468920
5.4292686
4.4537042
6.2567626
6.1735244
3.4940370
2.7352971
2.4834941
4.2690020
4.0272596
2.7272371
2.9092451
3.7707959
3.2442264
3.0441022
3.5898737
3.1128787
3.4876397
2.6902358
3.1956332
4.1362414
3.7778944
3.8715954
3.0560826
5.5407781
3.6766036
3.3302328
4.1468980
3.3853807
3.5060459
3.7375391
4.2270171
3.3308010
3.3348655
3.1401024
3.3278341
4.6937680
5.1213994
3.6159567
3.0910878
3.4689953
3.1795794
4.0027727
3.0891379
3.9000179
3.4912621
3.9044732
3.5838419
2.9045557
3.6259538
3.6842110
4.9249636
3.6475105
5.9935589
5.2502630
3.5863701
3.3449629
3.7600508
5.1248190
4.2858320
4.6352999
4.7714056
3.0708021
2.0305522
3.7533633
4.2113530
14.0925760
3.4130150
4.6607818
4.7976453
4.7114477
5.3552772
4.7287417
5.0533581
4.5035216
5.7271709
4.8217377
5.7819406
5.6195620
4.9417733
6.1017442
5.0861452
6.0149317
2.2711137
2.0553548
5.4703537
5.3967676
6.5231165
5.6835553
6.0517810
6.9614868
8.4056337
6.4061673
2.6271911
1.4105174
2.1414529
3.0721341
3.9867207
2.8114491
2.9411111
0.8383656
4.0690749
1.2695292
2.1003246
3.2143399
2.3125196
2.0746679
2.2667779
2.5043447
5.7380604
1.5173606
4.8232988
4.6253760
1.9727265
3.6603269
1.6820341
2.9412837
4.7361719
3.8877465
4.8966473
1.7348863
3.7484958
3.1339510
4.1015212
3.6608486
3.4582953
2.1451325
3.6931410
4.1602479
6.2458159
7.2295332
6.4443454
6.6915783
3.0559143
4.5341748
3.9739534
2.2934609
4.2882464
2.7152806
2.1256173
4.0304521
1.4458097
4.8605777
2.8974274
4.3348617
6.8984321
3.2821903
3.1808764
3.7705644
4.8521472
5.0167181
2.9270583
4.9711257
6.5111443
4.7228131
5.8334672
4.6403271
5.5123846
5.1955373
6.6945925
7.2924966
7.1775788
7.1539827
5.5606072
8.0375066
6.9810286
8.4785722
7.8805355
10.7723921
7.8846744
6.7182409
8.4454615
7.5732235
8.5066117
7.3492542
8.3093425
7.6347300
6.7327361
7.4190171
7.5939851
8.7237016
6.0669113
7.9018597
5.6990771
5.5102803
5.8699344
5.3199225
6.6158842
5.9759467
6.7128144
5.4600253
6.9594025
7.5537712
6.9831473
7.4156413
6.6344650
7.1615152
7.9888160
7.1042726
6.3373351
5.5990747
6.9854390
5.6538578
6.2348285
6.1912172
5.6733487
6.6423343
6.2058186
6.0859304
5.2055226
4.8721955
4.8057477
6.2422793
5.9063712
5.8446855
4.8702602
3.6857044
5.5977882
3.0842612
3.6412900
3.9879722
4.1788384
4.6301358
3.4724562
5.4556903
2.8651766
3.2089686
2.7597922
0.9446437
3.3908289
3.5554177
3.2116446
2.8092989
3.5867252
2.8009906
1.8369753
2.9128142
0.7997844
1.2752023
2.9466772
0.9593192
2.1548662
2.7886215
3.2869331
2.3320108
3.9812324
3.7585540
4.5575209
3.8889979
4.1980452
5.4074688
5.9279221
6.7039448
7.3467410
7.2442908
5.7414853
6.0175172
6.1843040
5.3660141
7.0172491
7.2293067
6.9675688
6.7995011
7.0032447
7.3525415
6.5200708
6.6861674
6.2037639
6.6207786
6.9343931
6.3676995
6.7083648
7.8789543
6.5592125
6.2941673
6.8060653
5.9761155
6.3987382
6.0036045
5.9197991
5.9766228
6.9815107
7.3721097
6.6854550
6.3198223
6.3780381
7.4519622
6.4276311
6.9360102
6.8568663
6.3812325
5.3905513
6.3563569
5.7612627
7.0030116
7.0489616
6.4700834
6.5806529
6.2336159
6.7678834
6.7843935
7.0838002
6.8939244
7.2845286
6.4840252
6.4605927
5.5527406
5.6824828
6.1425586
4.6655349
5.8256622
5.5391907
6.6137023
6.3530910
5.2656670
4.3049738
3.8746690
5.8556712
5.9443999
5.4709516
5.2703081
5.5669450
4.0765956
4.5298793
5.4330360
5.1832308
4.6725586
3.7305233
3.6790670
3.6634560
4.4211642
4.1470090
7.7771771
6.2080088
7.3074524
6.2695601
4.7201629
6.3460001
4.7635794
6.1421921
6.1288825
7.3149204
3.9531097
5.6584801
3.8417627
2.9787820
4.0904066
5.2844152
4.7979261
5.7072443
4.6038600
3.8172169
5.7179656
6.0162294
5.8496186
5.8894261
5.2482443
5.7596024
4.5817593
4.4467466
5.5800298
4.3604102
5.0149541
4.0730078
4.2723928
3.8421815
3.5303083
4.5031183
5.0929856
3.3708848
4.4642882
4.8308161
3.4135460
4.7487431
5.4778827
3.7229200
3.5600125
5.0026264
4.9089496
5.8405473
3.4678931
2.4399170
3.8514968
4.2355342
2.7609817
2.9482083
4.0586858
4.7955468
5.3382812
1.8888837
5.3436976
5.4118358
2.7479270
4.8164043
3.5595441
4.2935115
4.1014541
4.2841713
5.6278083
1.6740246
4.4040407
3.5770110
4.8396364
3.9522009
5.1612603
4.0525658
4.1793206
4.2088117
3.5026005
2.9561037
4.6609203
5.0488263
4.0746093
5.5797060
4.7445323
5.6588536
4.8580038
5.7303987
4.7848588
4.8203909
5.5990190
5.5665660
5.1370596
5.6905923
7.3553441
5.3728221
6.1263456
5.1348088
5.8284612
6.3419230
4.6592399
5.4187261
4.9341616
5.3053438
6.0491439
5.3692014
6.2310447
5.9106772
6.3680243
4.6206506
5.3513603
4.4925041
5.8132960
7.1814918
5.9189874
5.1527764
5.7317700
6.4818105
6.8114909
6.6364797
7.1533889
6.7415916
7.2596530
6.4668353
7.2706100
7.0814939
7.9064457
6.0409676
7.4701799
7.1394204
7.7621957
6.9382825
7.0754378
7.6721763
7.2424306
7.5644421
7.9026857
8.5278206
7.7857781
7.4739761
7.0149364
8.0310279
7.1689802
7.5099235
7.2355587
7.4759696
7.5352866
7.0432761
8.5241381
7.2287191
7.1341693
6.9726955
7.0536696
8.7625469
6.4228126
7.4111836
6.9357455
6.1351806
6.2022547
7.5824524
7.5071527
7.2242079
8.2828212
7.1832351
7.5692092
7.6756603
6.9875364
7.0590460
6.4977273
7.4790936
6.3664123
7.6084833
7.4308913
6.9695837
6.7423842
6.5931258
6.4333006
6.8527367
6.3593034
7.7043881
6.8906288
7.0647145
6.8231033
7.1431991
7.2459773
6.3871547
7.5025713
7.6698688
7.4758630
7.0224132
6.6291911
6.5225522
6.4801433
6.9224297
7.5425805
7.9379599
6.7636235
7.1984372
7.2355891
7.8589010
7.9615175
8.1894260
7.7738506
7.0362790
6.8242284
5.7217337
7.1035792
6.6529886
7.0175226
6.8229648
7.6437970
6.7455403
7.0542014
7.0490220
6.0996861
5.7966745
5.5011991
5.8401477
5.7225397
5.5847192
6.2759896
6.7463797
7.3812324
6.1066711
6.0066639
6.6228054
6.1695905
6.1633102
5.7445335
6.6243278
6.8786786
6.3296174
6.2671967
6.5728873
6.3068226
5.7189341
6.4522337
6.3284378
6.6831440
7.2818508
7.0538272
6.6635478
6.5607643
7.1965371
7.3549347
6.9213621
6.4201826
6.4759238
5.7257651
6.8706734
7.2310170
7.4681344
7.6230793
5.8214844
10.4816436
6.7741489
7.6480877
6.3278543
5.8358351
9.6060762
6.9901653
6.8400061
5.1763992
9.0051006
7.0978080
6.1411894
7.4967156
7.2476954
6.6201733
8.4391611
6.4409858
7.3501032
8.7931543
6.8076750
6.9730017
7.6055456
6.1724958
8.3105276
11.5488522
7.8868695
7.5563387
6.8755197
7.7587807
8.7931337
7.2954422
8.7497278
8.7320846
7.3833633
9.7288447
11.1524627
8.3194508
7.1603690
8.4188965
7.2999004
6.7379768
7.9189757
6.8137238
6.5002957
7.4232325
6.3448480
6.9662875
6.9752407
7.5667469
6.0630994
8.3745578
8.0088677
8.1395362
8.3166124
7.5971461
6.8432741
6.7887085
8.1271674
7.0543272
7.1222024
7.4483746
6.0365978
4.9823260
7.9437431
7.7166373
5.9281145
7.3347054
6.0490288
6.8759066
5.9324913
7.1280599
7.9591046
6.2986439
6.9986296
7.4387400
7.1917993
6.1828618
6.4163100
7.1508391
7.5426449
5.6353042
5.2895124
5.7470323
5.1257943
7.6510693
5.4747071
5.7373374
5.4632852
6.0017853
5.0530532
5.5423049
5.4914739
6.8400070
5.0285037
6.3653920
6.4630616
6.1778021
4.9090802
7.5027474
6.2360268
5.8585522
5.6405376
7.1759349
7.5244099
7.2865928
6.5464404
6.3551264
6.1994305
5.9297580
5.3960188
6.3004571
5.6071881
5.9318866
5.6125786
6.0385428
4.3103953
4.3170063
4.5185256
4.5596019
4.8012162
3.4170726
3.5663746
3.2384524
4.1501643
2.8060829
3.5728876
3.7443917
4.5837765
3.5058611
4.8096524
4.0381470
4.2036853
4.8896902
5.9611658
4.9417518
5.3532443
5.6540450
4.4603761
7.0716891
7.0658096
5.6998164
4.6633721
3.7294198
5.5679281
4.6881742
5.5997654
4.5957132
4.9565698
5.4803303
6.6228213
5.8330179
5.7660552
5.8232174
4.3556020
5.7971315
5.0824250
5.3607823
5.4733877
6.3677721
5.3775295
7.0869739
6.4478498
6.0132203
6.5408642
5.7345561
5.8299068
5.5281669
5.9848068
5.5940685
5.5160436
5.7776250
4.6694991
6.6711210
6.1604733
4.9228301
6.0548765
4.1021209
6.4151077
5.0944818
5.5729996
4.4552120
3.8183104
4.1393476
4.9878791
4.6681160
4.6463039
5.3149392
4.0749483
4.6616091
4.1769509
4.1312249
4.6060830
3.8417303
3.7149153
3.5646834
3.6575649
4.5483238
4.7937177
4.4968331
4.7537588
3.9346633
5.3884576
3.5620882
4.0673799
3.6919614
3.7955845
4.6248263
5.2992938
4.9277152
6.3280865
3.9326797
4.6594056
3.5892409
3.3326443
3.2786354
4.4996936
4.0343859
4.2296481
6.3480427
5.4599590
4.5783210
3.4772098
4.1940048
4.6959056
3.6962862
3.5610693
4.1890682
4.0482472
3.6842991
4.2761111
4.2360016
4.7080314
4.2547807
3.9371568
3.2348913
5.0773789
3.6222223
3.9934420
3.4665407
5.3032537
4.2791428
4.0656056
5.4482402
5.6206072
4.3329845
5.0323977
3.8004742
3.9607257
3.5344009
4.2713835
3.6613025
4.1938151
4.0882802
3.7812501
3.8906185
3.9580756
3.1876512
3.5578113
2.9222295
3.5187511
3.2053862
3.1092645
3.8942285
2.2470622
2.8931106
3.0474551
2.6998521
3.8295400
3.2214881
3.0703560
2.6395442
3.2496058
2.2713438
3.8071994
3.3980746
3.5319949
3.1084544
2.7254217
3.7539734
3.8153469
4.1359268
3.7972567
5.6657007
3.8555321
4.0846988
3.9095861
4.4129450
2.9001466
4.3745794
4.3270949
3.2704199
3.7001985
3.7618566
4.2478706
3.8525165
3.9727714
3.3333345
3.5258799
3.5790121
2.3431228
4.2810550
3.2465809
3.2065800
3.6723457
2.6174755
2.0308574
2.1196818
3.8134663
2.4152136
3.4566315
2.0231738
2.7653055
2.2154527
1.3652675
1.9117312
2.4941690
2.4172873
3.3479572
1.7108669
2.4307148
4.1055012
3.1151665
1.7493892
1.3089889
3.9962471
2.5816944
2.4505034
2.6576469
1.6188264
1.7576872
2.2829292
1.7614576
2.2038692
2.2148930
2.2044130
2.5731019
2.7247769
3.2480643
2.8945098
3.0466431
2.9777840
2.7456133
3.2105048
3.9837393
3.7740111
4.1177433
3.8122831
3.9102310
4.0439994
4.6892161
4.3486724
4.0941815
4.0411524
4.1107499
4.5013893
4.1980394
4.6164122
4.6230046
4.2833766
4.7352358
4.5495231
4.9344738
4.6821793
5.0107980
4.6532617
4.9064352
5.0554233
4.8605599
4.3587972
4.8896864
4.5756980
4.7670828
4.3776703
4.5939607
4.5905174
4.6721699
4.3586076
3.9825574
4.4064002
4.3584756
4.0383635
4.4664521
4.0892781
4.2687361
3.9829027
4.2521888
4.5207843
4.5650998
4.5186441
4.6302428
4.4760510
4.4711006
4.6456736
4.3561464
4.1434163
4.3929554
4.4661448
4.4132092
4.3227707
4.7213429
4.3552961
4.5003007
4.3274919
4.5521821
4.2399027
4.5463611
4.8267959
4.2947338
4.3948147
4.5037961
4.6747650
4.7330375
3.9782771
4.2250250
4.5486460
4.4157998
4.4996573
4.5740255
4.5668743
4.6969179
4.0607234
4.0307061
4.4056930
4.5078156
4.7817495
4.3732809
4.4816189
4.4723347
4.8419977
4.3285145
4.4877076
4.4317095
4.3942778
4.3720462
4.5608986
4.5632428
4.2593400
4.6241433
4.2420642
4.7271661
4.3787024
4.4524651
4.6014855
4.1502679
4.3902787
4.3830797
4.1380894
4.3522019
4.7146840
4.5641551
4.4071914
4.3935106
4.3173396
4.6151490
4.5040478
4.2269391
4.2478786
4.6431089
4.4920750
4.6552860
4.3685725
4.5162753
4.5373707
4.6564600
4.0350568
4.1827928
4.3865890
4.4471890
4.2257956
4.1204238
4.6778064
4.2915691
4.4347620
4.1382567
4.2457937
4.3998874
4.6089279
4.6525430
4.5693012
4.2446900
4.6235989
4.0255090
4.8126992
4.4829452
4.2866937
4.0949244
