0.9929902
0.1362340
1.0205721
0.2730687
0.8580984
0.7931014
1.0529054
0.9803523
0.5828788
1.2897143
0.6328430
0.7146624
0.4515392
1.0089788
1.1613375
0.6413174
0.6060035
0.7160565
0.5691877
1.1575131
1.1157372
0.6664939
0.9466408
0.3905223
1.0949511
0.7765859
0.6755100
1.4148832
0.5313222
0.4688381
0.8055926
1.3424205
0.2528731
1.2227516
0.8243287
0.9962983
0.7281128
0.5835221
0.8423359
0.7783176
0.7068502
0.7460374
0.4182387
0.5271436
0.5496744
0.5399547
0.5045722
0.5338137
0.6218909
0.6713526
0.4650634
0.5200987
0.6093363
0.4116750
0.5174918
0.5650276
0.4947746
0.8025431
1.0028837
0.6598430
0.5923855
0.6056049
0.9687268
0.4591059
0.2700856
0.4399022
0.7074872
0.3880835
0.7292917
0.6415216
0.7896765
0.3338720
0.4576641
0.9227777
0.4265329
0.0742674
0.7049141
0.5205795
0.2629309
0.8984496
0.3181561
0.1634642
0.2608398
0.1972266
0.7352922
0.8265261
0.7442393
0.7748551
0.7655628
0.4287866
0.5791002
0.7455298
0.5934489
0.6563352
0.3023096
0.5819959
0.5058492
0.4554601
0.6117061
0.2706251
0.8717900
0.4997905
0.8509970
0.3668073
0.3550059
0.4934700
0.5717371
0.6342913
0.9008358
0.6981009
0.5645291
0.6867154
0.6735669
0.6746632
0.9360089
0.5417068
0.3536094
0.4989099
0.7220297
0.9672186
0.6065847
0.7980493
0.5015484
0.8656043
0.8785925
0.5459220
1.1055568
0.5546683
0.4829404
0.5302184
0.2748408
0.0850426
0.4694284
0.2505278
0.5732268
0.7333693
0.6670262
0.2859156
0.1979613
0.2763023
0.4737594
0.3801937
0.6060344
0.6996841
0.7573537
0.3647981
0.2569597
0.6256763
0.5035655
0.6083102
1.1359681
1.4979451
1.1034256
0.9044276
1.7662561
2.9062766
2.9267518
3.1039715
3.7646908
3.4415292
4.8841209
4.3309866
5.1138060
4.0315360
3.4552441
2.9465117
3.1610107
3.0277528
2.1503449
1.0472214
1.1425359
1.0575402
1.0362592
1.1867896
0.1525419
0.5018804
0.2752904
0.6190734
0.7583425
0.7883068
1.0899587
0.6194716
0.9296701
1.1762077
0.9863851
0.8101163
0.8254197
0.5064536
1.2612752
0.3460355
0.4686727
0.6551142
0.3015621
0.6300106
1.4988055
0.1963993
1.0851801
0.6058342
1.2038383
0.8084205
0.6987158
0.2274416
0.3885812
0.1467726
0.9999193
0.4638571
0.9301566
0.2124889
0.4790997
1.0152640
0.3947348
0.6194919
0.3016303
0.5944251
0.4000811
1.2673757
0.8062840
0.9578683
0.1362129
0.7620131
0.6241155
0.3966873
0.9336707
0.8626252
1.1792377
0.9948810
0.7914132
1.2198510
1.1839267
0.2159715
0.6298145
0.7294890
1.0524385
0.2814167
0.8395103
0.3525487
1.0721010
0.7896610
0.8693069
0.5064775
1.5266553
0.8017025
0.7697564
0.6949328
0.9756638
0.0997952
0.7646468
1.6721139
1.1700912
1.9801710
2.9523153
2.5160314
3.0754635
2.6910083
3.4416419
2.0800052
3.1264774
1.6477489
1.5429060
2.4664757
2.6240490
2.9362408
1.7915081
1.3161984
1.8955813
1.3793484
1.8764616
2.5308031
0.9353524
1.3985964
1.5120071
1.1089713
1.1869248
1.1143123
1.5437916
2.0548185
1.9365773
1.8658327
1.0361434
0.9284096
1.0727354
0.9752676
0.9530324
0.7412887
1.3456988
0.8344144
2.0464379
0.6056464
1.5584344
1.2964621
0.9767514
1.7933623
0.8849343
0.8185709
1.9722057
2.9117669
0.7503158
1.3815114
1.9156182
0.7900235
0.6162165
0.6624742
1.6048632
1.5595567
1.6392347
1.0364436
2.2161507
0.7951486
0.9382900
0.4257621
1.6221879
0.5981069
1.0399659
1.2227506
0.9930132
0.9445638
1.1089132
1.4962835
2.1462068
1.0161419
1.0746613
1.8198124
1.2397815
1.2546119
1.3807517
1.4740526
2.2274912
2.7658128
3.7111235
2.5939476
1.7496167
1.7743649
0.8605334
3.1715065
1.0987023
2.2327685
4.0209839
4.0953422
2.7371221
2.8624724
0.3080544
4.3923227
3.8025027
2.1431503
4.0641002
3.1117851
2.6801839
0.6296566
0.6134979
1.1984529
1.2291814
2.8273492
4.0737111
5.2465033
5.8562502
6.3690380
4.4224182
8.0879530
6.4125787
5.9571575
9.9453001
5.4150216
5.3142040
5.9514578
10.0157310
4.4588606
7.5733399
7.5039993
6.5589346
2.9336037
1.9729314
5.8118832
11.1035954
5.9225729
5.5111714
6.7681271
2.7008849
8.0867226
3.8751600
4.6266530
6.7574172
2.7982877
0.4912470
1.3735124
1.7763135
5.0706059
5.3533050
1.8720596
1.1066882
0.6924597
1.8975891
1.3510345
0.8529864
1.1066988
1.4731712
2.1637301
2.6069297
1.7708648
2.3445748
2.4107990
2.2657124
1.3328684
0.2361198
1.6663843
1.1444473
5.2706571
2.2378347
2.5043355
0.7693790
1.5771535
2.6325014
1.1573075
5.7364320
0.3075070
5.0810335
1.3437454
2.7955451
1.7229402
2.0508201
2.7644976
1.0328424
4.3701649
1.9368757
1.4141002
2.1426985
4.6497904
1.2639926
2.1741659
1.9551003
3.4721413
3.0313008
4.6312041
2.8957418
1.7635906
3.0070028
4.2759984
1.8803963
0.5880339
1.6593581
2.2726113
1.9955270
1.2632744
4.4716336
1.9605668
2.4943624
0.5330033
1.6646144
6.4365382
4.6847340
4.5920155
1.9037788
1.2391898
2.7509902
1.5400397
2.9198701
3.5485431
1.3128992
3.2216580
2.0426481
2.2810305
3.3781776
1.8588024
0.8828189
5.2192445
3.5150818
1.5534296
0.9032052
1.1650403
0.8956520
1.3554665
1.9349821
3.2705229
2.6184833
1.7247762
2.0674835
1.0198454
1.4036710
1.7261323
3.6343679
1.8857519
1.6427325
1.3440372
6.2562528
4.5571465
4.5187143
2.3746024
3.8214215
5.4795811
2.3177321
1.0335129
1.0912622
3.2560239
1.3543320
2.9842989
3.1546222
1.7227046
1.5582873
0.8879111
2.0701070
1.6882874
0.9999690
0.8864353
2.1546848
2.3293246
1.7634184
3.0984207
3.8004722
1.0343519
1.2150318
1.6944975
0.6635565
1.5565651
1.9351368
1.4251004
2.9567560
0.6570917
1.5191142
1.9845296
0.8822682
5.8029085
3.2325833
5.6776969
4.1317338
3.3405175
3.2185558
2.2647835
4.6737503
3.1243946
3.5101087
4.5266034
4.3797687
1.6674967
0.4062485
1.2621000
2.3738867
2.1937738
1.6829802
1.3180019
1.7796703
2.4518536
3.5634037
2.5775547
1.8759261
2.1679759
2.3084089
0.9586349
2.0555048
1.5527110
0.8277444
1.7276892
2.1099471
3.4756958
3.4447351
1.5806461
2.8687189
3.8970310
3.4835539
2.3561178
1.2288990
2.2766826
2.1431787
2.4312645
1.9612250
1.3228016
0.5792961
2.1830791
2.8683029
2.4706994
1.8919210
2.2281248
1.0688465
1.4232518
2.4082018
3.2239258
3.1133844
3.3801424
1.6967741
4.1719598
1.6658590
1.8811923
1.5990258
1.3630453
0.8717319
1.5562046
1.3983529
1.7447396
1.9036648
1.0122591
3.0779072
2.3613477
1.9491830
2.9411452
0.6444410
0.6620911
0.8191887
3.5567717
2.4267243
1.9153678
4.2799715
5.5239340
7.3864206
4.4917420
5.5962824
1.4260290
2.2002205
7.2638815
2.5168360
3.9428534
6.1471136
4.3590255
4.9287448
0.3414351
3.5405750
4.4990663
2.4600169
1.2220652
3.2954161
6.1488112
2.6057509
1.9959355
2.1024706
1.1375856
2.5066189
0.6450843
2.3912568
0.8414284
0.9218738
2.5076236
1.1985159
1.2863299
0.8605351
0.7103781
0.7001496
1.6728311
0.6766187
1.4885632
0.7021329
1.1395201
2.1682340
2.6720069
1.4905269
0.9281685
0.8065018
2.2891849
0.8428988
1.2703745
1.5243191
1.8872750
1.6586137
2.3463375
1.6282706
1.0432271
1.0443542
2.6136926
1.6562763
2.4511036
0.8606424
1.6621560
2.8551030
2.3188631
1.3430843
1.7582828
3.2930723
2.4540919
3.1371893
3.9939780
4.3913141
3.8829045
2.8656992
4.8419809
4.4183183
4.2884433
6.3784172
0.8874522
3.1248868
2.2398292
2.2819385
1.2342869
1.9108803
0.6202566
1.4449923
1.7538782
2.4195753
1.1865803
2.6264952
1.3898385
0.8076718
1.5231354
2.3570287
2.0309316
1.5025048
1.4237654
1.6646127
0.9334146
1.3226452
2.0548544
1.3422962
0.6589912
1.8066774
1.5834166
1.0218063
1.2853872
0.8456559
0.8913385
0.9002426
0.7217884
0.8621653
0.6176664
0.4973473
1.4376957
1.2398996
1.2364656
2.1396431
1.0292238
0.2925796
1.3110767
0.7422879
1.3197354
1.7429959
2.6269675
1.5262341
3.9435322
2.2861491
1.5886164
1.5242834
2.3732002
1.8344241
2.5383389
1.4836746
1.1131025
3.3911034
1.3927469
1.1565840
0.8942772
2.7318208
2.5298133
1.0620783
2.0576275
6.3880319
1.4866053
3.8376006
5.2829668
1.1155495
0.9788921
1.6366068
1.1982041
2.9365841
0.8392700
1.5177934
2.9010796
1.2668838
1.2287006
0.6098768
1.5953748
2.0416220
2.0756882
1.2704647
2.1115120
0.7208473
4.6562087
0.9258153
1.1747215
0.4118474
2.1407612
0.8422651
0.8662661
2.9019009
1.3496897
2.4343463
1.4304537
2.5358299
0.4531921
0.4157662
1.2318019
1.1912045
0.2729517
4.3225558
7.9850559
5.2509883
2.6544532
2.1531849
4.6197730
2.1286330
3.1422240
2.8125815
3.9242898
2.3176086
1.3314503
5.2121116
5.4168009
4.6056035
1.3853749
3.2669528
1.5450077
1.4756988
1.0218789
0.6900032
0.9909331
3.6693166
2.3448161
0.8832750
4.3219572
3.9683448
1.8131833
1.6959118
4.0844080
5.2675403
1.5969111
3.7533505
3.9022191
1.1663620
1.6946988
2.4645163
1.4062123
1.0964569
4.0552599
2.5934105
3.5209271
1.6682652
1.0739562
1.2398873
2.4074989
0.4477439
2.1608719
1.6303556
1.2020777
3.4690128
1.6674073
0.4219939
2.2417028
0.7797796
1.4234277
2.6557216
1.6356105
1.2003270
1.8119158
1.5209568
2.0036820
2.8093689
2.0744636
1.9354199
3.4922313
2.2827775
1.4406712
1.1485580
1.9396726
1.2461781
3.0036271
1.1286836
3.8129641
1.4877545
1.9435061
2.7639087
0.5328022
5.0542912
6.1584477
3.0783418
0.7734267
2.2179082
3.2056959
1.2619635
2.1640051
1.6990130
1.2771228
2.0831351
2.4133884
1.6323988
1.2824702
1.8399346
1.3082350
3.2221072
1.4688970
1.3065986
2.3651523
2.8904417
2.2648046
1.5270083
2.2594326
2.9818097
0.7304758
3.9629834
2.8375127
2.9029922
1.5141668
1.7582575
4.2525817
2.9586015
2.5631388
2.0713096
3.6710110
1.4988757
2.9284883
1.7771171
0.9861226
1.2718972
3.0664676
2.1426550
0.3219200
1.2651630
2.6113064
4.6378071
3.1031131
0.2365033
2.8300880
2.8505063
1.6490118
2.6186953
3.5595334
2.4784721
2.3078304
2.5957398
1.0612009
2.3296051
1.7595631
1.4471625
3.4815167
3.9165591
3.5208431
1.2800787
1.4342159
1.7104325
0.8422464
0.2108723
0.8538486
1.9641553
0.9978542
0.9916737
0.2645800
2.7826749
0.8409807
1.7187732
0.7841569
3.5191748
1.8948493
2.5627649
0.8203164
2.6679585
2.9103158
2.3830218
0.9783434
3.6784689
2.3850817
0.8745703
1.1958942
1.1559023
2.8190604
2.0138385
1.5337037
1.6121289
1.6379652
1.5281896
1.2705503
1.2472824
0.4199370
1.2524949
0.4504608
0.3599567
2.7470267
0.7732776
0.9708517
1.3730984
5.0320315
1.7602343
3.9602448
4.1556526
0.5652206
2.6330578
1.3894337
4.1902251
3.8482783
3.2940752
0.8353879
0.8047643
4.4437648
4.6129225
4.0340194
5.2598601
4.3181520
7.0374274
3.2725101
3.0362045
0.6756627
1.8668781
1.8388944
3.4986658
1.1308893
1.0425857
1.5066373
0.7895351
2.9518791
2.7844513
2.1362799
1.3868962
3.0024055
0.9083104
2.4286387
0.8940240
1.6078193
0.8679298
1.6266569
2.0790861
0.8134515
1.9926518
2.5533629
0.8197314
2.5577332
2.8014912
1.0369159
0.9667276
1.3085763
1.8648832
0.6307146
3.0281329
2.2111093
3.0734066
0.5845752
4.1041138
3.8904549
2.6599808
2.9016519
0.7871559
2.3349474
2.7755916
1.5423626
0.3415811
1.2111901
2.7709131
2.1663585
1.7448995
0.0787545
1.0725937
1.5763978
0.9437950
2.2156705
2.5564589
2.6837542
2.3465188
2.5143825
0.6463057
4.5924014
2.4130720
2.4077480
1.7989800
1.4600037
3.8330107
1.8180904
0.8907901
0.9217046
1.1531715
2.6990630
0.7422449
0.9506929
1.9613125
1.7073517
2.1298367
3.8396358
2.8498744
3.3705642
2.8255241
3.3801803
3.6800922
2.2203585
1.7534133
3.0435404
1.4265824
1.3100530
3.8848071
0.6011479
3.5869462
1.5058572
4.4321115
3.4617757
0.9874554
3.4090154
1.5627166
4.4430388
0.8796679
0.9073043
2.3123131
1.5456471
1.4911257
2.7596050
1.0957334
1.7712016
0.8717225
1.1156517
1.5426862
3.0810772
2.0325594
1.0466754
1.1199415
1.9705500
3.6214088
1.7026395
1.5316880
4.1650808
1.8629064
2.0664223
0.7419077
0.5939708
1.8316811
1.0547210
2.2868903
1.2093636
4.6294441
0.4061870
2.8127432
2.3788787
1.9035958
5.1907200
6.2180919
3.4778732
7.2980163
5.0577681
6.7190086
2.1796490
1.4108166
0.7815216
2.0939110
1.5168191
3.6331321
1.6087730
1.4695104
2.9322253
1.6317223
2.3822740
0.9420008
3.1241171
3.2771468
3.3081900
5.2678469
0.9759107
1.8510751
4.3457380
3.0144166
1.7386211
1.3792929
3.5462795
2.1897517
4.8679026
3.1981131
4.9284456
8.0685589
0.9744066
2.2592177
4.7151624
3.5761528
5.5989508
4.3145778
6.0304049
7.5724664
7.4212428
5.9488388
5.8865481
3.0486762
5.5054453
5.3802530
4.6660230
2.1819407
3.6676506
5.3512888
4.6453250
6.6331565
2.9733768
4.7959514
6.3506116
3.9587712
6.2539740
3.7881544
4.3783566
3.0419970
3.1602229
2.1199286
2.7178322
2.9727284
4.0403186
2.9937225
0.4600367
3.4311688
2.9897228
1.2569121
1.3492830
2.8626300
1.3066798
0.7126878
0.4492905
4.2994326
3.4862915
1.7490798
0.9002281
0.2788085
1.5885947
0.6893219
0.3049601
1.1622275
1.4317285
0.5476559
0.9991205
1.1617735
0.8730991
1.5991904
0.8341144
0.9098196
1.7198531
1.3038762
1.2597265
1.5462838
1.7760715
1.0967663
1.4401331
2.0311536
1.4854306
2.1182053
1.8203282
2.2613536
1.6223609
2.6200847
2.7571782
1.3471452
2.3053061
0.9635648
2.1406297
3.1827237
1.0782201
2.2754550
1.6144159
2.2278603
2.8332029
1.1257880
2.5775029
1.5977786
2.0102396
0.6652107
0.8178425
0.7252999
0.8977070
2.6239573
0.4447161
3.2461605
1.2183209
2.5463634
1.2748096
1.3111591
4.0822581
0.9849659
3.0089381
2.7179387
2.6385685
3.8370202
4.7383028
0.8525613
0.5429784
2.4858171
3.8145469
2.9538267
0.8185250
2.8617877
5.3009671
7.6476969
3.2386659
6.2224759
2.3830972
1.3329552
4.2755205
6.2025144
2.1324835
0.8824623
1.4873053
2.1097822
1.0059333
4.4885081
4.6059511
2.9207927
2.0033287
1.1009873
1.5767895
2.9654728
1.0845850
1.4235878
4.4032847
2.5838635
0.9914844
2.4020250
0.8669965
1.0164195
2.4643595
2.1135713
3.5577192
2.2068237
1.6605887
3.0094561
2.5264767
2.0173503
3.8474928
3.7321533
2.9200089
1.3037508
2.3570967
2.6647549
2.5959050
1.9293411
3.7489464
2.9385278
0.6427367
2.9248219
4.5664488
3.9252919
4.1099863
3.9450335
2.9292180
4.5783087
3.5678354
4.8272040
4.9990242
5.8908931
4.1157821
4.5832399
5.5656359
4.8456133
4.3880856
4.7226812
3.7587306
5.0207465
2.9517938
3.6810919
4.1864642
5.6861757
6.3315771
4.6493800
4.8283525
3.1210039
2.5805279
4.6133578
4.1149180
2.5740125
2.1176811
2.8055142
2.7195399
3.2635795
1.2499764
1.9357102
1.8072978
1.5650387
2.0782289
1.1162595
1.1493001
1.4191257
2.4595523
4.1479718
3.2383351
5.2045426
4.7551225
4.2598345
5.1519109
5.4411563
4.4595819
4.8013903
4.1503049
5.9592404
7.1122496
4.7799549
5.4475200
2.4081574
6.8727226
5.3478409
3.1401829
4.6046516
4.8395431
3.2656684
4.2936451
3.6618021
4.5490747
4.9636473
4.2645092
4.4640046
3.9607178
4.8652225
4.6910883
5.0788408
2.9912932
3.5342040
3.0040180
1.4202306
1.5379941
3.1123645
3.6963244
3.9438883
0.9651720
3.8754636
2.0941303
0.4957417
1.5093522
2.0816894
0.7256101
0.9019622
0.4107871
1.8244359
1.0950908
0.8657099
1.5806184
0.3875960
0.5660416
1.3396079
1.8380525
2.1859475
3.9137263
1.1182191
2.2923740
1.0614016
3.4629230
2.6079618
2.8750420
2.8070634
2.0621790
2.7131498
2.5423099
3.7404035
2.9276712
0.9040392
4.5491155
0.3412176
2.4178460
3.5448444
0.5818384
0.4686470
3.1147024
1.0392012
3.3273830
0.4176266
5.3608329
2.8121974
0.5183880
1.3560991
0.7588829
1.3743664
0.7117955
1.5275430
0.8110196
3.3210215
1.9773898
2.1468890
1.0108809
1.3623223
1.4404052
3.2695502
3.4610792
2.9145198
0.7073036
0.6111133
1.7953009
0.7577203
2.0298817
4.7721125
1.3846449
3.9262898
3.6876846
2.8640800
0.5650077
1.5529159
1.2306852
2.8509376
2.6448470
1.3852110
3.1400376
0.6087114
3.8045443
3.1442319
1.1961504
0.4740635
1.8821874
3.3081734
4.3990173
1.4915845
3.6682150
2.6410625
4.7284016
6.7561588
3.9476652
4.1403072
0.2081092
1.7543917
2.5895908
2.7916568
3.9611262
3.3766055
1.5451121
1.6802998
1.1558110
1.6317056
0.5481853
0.2733049
2.1941325
1.3784993
3.8550659
4.2381759
1.4339247
2.1829545
2.4279161
0.9153606
0.6977608
2.7067782
2.8374851
3.4066670
1.3515675
6.5920419
5.9652457
2.9163568
1.0524728
0.5223098
5.2011092
4.1488146
0.3287804
2.4866950
2.1923754
6.1442177
0.8246973
0.4988859
1.4376734
1.3405550
0.4953919
2.1044499
1.4314351
2.5771457
1.0212060
3.9263432
1.7994072
1.8159335
2.7021669
4.4655331
5.2422067
4.1371538
1.9216001
2.1229177
4.7223309
3.3230335
2.9960165
4.4357786
3.3558623
2.5449463
1.2375844
2.1235108
1.7023338
2.0048633
1.4476474
1.3509508
1.3903774
2.8738382
1.3553474
2.0776596
0.6349314
1.4302547
1.9012147
1.6388389
0.4806327
0.8905128
1.8260328
1.3269292
1.2421829
0.8044100
1.7770068
2.9965565
1.1355886
2.7311617
1.3119776
2.4624364
1.8002586
2.4442512
3.0836333
0.4679300
1.1033733
1.3968996
3.2454439
3.2468189
2.3726208
1.9677793
2.8875987
1.5329363
1.8344643
2.1091010
4.0981729
4.4545956
2.5618749
0.9722893
2.1951070
0.6941157
0.6088420
0.8389201
3.0734143
3.4882917
2.6757790
1.7555580
0.6253206
1.3780830
3.8270683
5.4304945
1.8658280
1.6435080
0.7306205
1.6600763
2.8753112
2.2808759
0.7360103
1.7531976
2.9959979
1.7714390
1.3142731
3.4385838
3.8932299
0.4003947
2.4770318
0.6749465
2.5614914
1.5951978
3.6368525
3.6767263
0.7682021
4.1611690
1.9998729
2.9314849
5.0450619
0.5722024
0.7132775
3.0141516
0.6548176
2.7463692
1.3970147
3.7550779
2.9193946
2.2480525
3.5585295
3.7890246
2.5686101
4.5151157
0.8341637
1.4952215
3.1924576
2.1355571
3.9819394
1.2198041
1.3241616
4.5548569
3.3405673
2.2259309
1.1893717
2.3857488
3.0514670
2.8203258
2.0379532
0.2621122
2.7570260
3.1949537
0.3038151
0.6486494
1.3870713
4.6266897
0.5954961
0.8745785
2.0690212
0.4887200
0.5943550
2.2576381
1.4030531
1.1387016
1.5474227
0.3776879
0.2332777
0.3021036
0.8310231
2.1862999
2.0019494
1.9701868
1.1021950
1.2899283
1.8057875
1.0027097
2.2956781
1.8171029
1.2436765
2.3871611
2.4051442
1.0079485
0.9607646
1.5284994
0.4263946
1.5003233
1.8238324
0.3377340
2.2558351
1.1501642
2.5721267
3.4204783
3.0574683
3.2444317
0.8970328
1.8539653
1.1983637
2.2222644
1.5824267
1.7156110
2.8733443
2.3296129
1.3194505
1.3213013
1.4415497
2.9849321
0.7356640
0.7458507
1.3965440
2.8512446
1.4280106
4.8094536
1.2198978
1.7369105
1.7301170
3.1831029
4.0459632
1.2021855
1.9278856
1.3377765
0.9403271
4.6024672
1.3370800
1.8099497
3.3542432
1.8286811
1.0478319
1.0046249
2.2801944
4.0815374
0.3150436
2.2523718
3.0115078
1.1593812
2.2980252
2.9495367
2.5331825
3.6842787
2.0897204
4.1104928
1.0310680
6.1128390
4.1488744
3.8794582
3.2147941
5.6677873
5.2139368
6.1744332
4.7400463
5.9722969
5.2821598
4.8176863
5.5829233
2.2241732
3.9670657
4.1859932
5.2470084
3.6534895
2.1402202
7.3358776
1.7841651
2.0281888
3.1956806
0.7996538
2.9734521
5.0096642
1.8212667
0.3087521
1.4302534
2.0552542
1.7530462
3.3996271
1.4443715
1.6820592
4.2040882
0.9290648
3.5752811
2.7545762
1.9207327
2.6388249
3.1593224
2.3968156
2.3406064
1.3570338
0.7574672
2.1709399
2.5421982
4.2523345
0.7721048
1.2488164
0.8665376
5.0325492
3.1505015
2.3610977
1.3557268
1.3118913
1.7495497
3.6184004
5.0224787
2.8951481
1.7833653
1.0529534
1.1534018
2.0485521
1.5406381
2.6508421
2.8399531
5.4136609
3.2643708
7.2851971
3.5808563
2.8779628
5.9096438
5.8439313
5.4377387
2.3462461
5.8874478
3.3269271
3.9246524
3.3910979
2.7694199
3.6832354
3.1825272
2.3571467
3.0748088
2.7084173
4.4452844
4.7656684
4.0381575
1.7070814
3.2803953
3.6758517
1.9462226
3.9830335
4.8902868
2.8722876
3.2143074
5.3803593
1.5248070
2.2473573
2.5552923
3.3002477
3.7318683
2.7731294
1.4460607
0.4520173
2.7585992
1.6805991
1.5234539
2.4691784
1.9212668
1.2739820
0.9880184
2.3662016
1.2256798
1.3552017
2.0490270
3.5611034
2.6856468
0.4709481
1.3817040
2.3281059
2.1502148
3.9626449
2.0306818
2.9651630
1.6337692
1.4968111
3.9519652
1.2167788
2.5879051
2.2029793
4.5201130
3.3631773
2.8649585
2.8622416
3.0301542
0.3663664
1.4409435
0.9994184
3.3500633
2.3116573
2.4414799
1.5836880
0.8578494
1.3125261
1.7020941
2.5698841
1.7594765
1.3448781
1.4151134
1.5643219
2.4413888
1.7269138
4.4976482
6.3598241
3.3056932
3.6229067
2.5187824
5.9487636
4.6149742
3.0836768
4.3020778
7.2422149
0.5809009
2.7442536
1.7718779
3.2453714
5.9448555
2.7756576
3.4195996
3.1983914
5.0345826
4.1794456
1.2577074
2.5455715
4.3527945
2.7738897
1.0476327
1.4443546
2.5291704
3.6837212
2.1463037
2.3543940
5.3280582
2.3404754
2.5879491
3.5080058
2.7178585
6.7433267
2.2198866
6.9339034
1.4650753
1.5462101
2.9136035
2.5288364
2.8021936
0.8543457
2.8430946
2.5064590
2.1283145
0.1880168
2.5364020
0.9924955
1.1680083
3.4335750
2.2614450
2.1569660
2.0344043
1.8620644
1.3735019
2.4024913
1.2283332
1.3055774
1.2111079
2.9710103
3.1718351
0.7052789
3.4458738
2.5903508
1.1805325
2.0920183
3.1912529
1.5471220
1.4744897
1.2916523
0.4921296
0.3069675
0.7740734
2.1983782
0.6067020
0.9616028
0.8930352
0.5666308
1.7511611
1.8232896
1.4076256
1.1714566
1.2590569
1.9406137
0.7783320
0.6106995
1.2912499
1.8827245
1.9833243
0.5819243
0.8725241
1.4685116
1.8875357
1.8584900
0.7751465
0.7794721
1.8905272
1.2614434
0.8786952
1.8381675
0.9690456
1.2968420
0.8647845
1.5746634
0.6197565
0.4131741
1.7786267
4.8352524
0.5024029
2.1431044
0.9872625
1.3615159
1.5013531
1.9299470
0.8082822
0.6878337
2.5800927
2.9450568
0.6625197
1.2049949
2.0049154
1.1010088
0.5513736
1.5744748
1.0031698
1.5180753
0.3999343
0.8979003
0.5354603
1.7636473
2.6357532
0.8629160
0.5390944
1.8854865
1.8637493
0.5940018
1.0371091
0.8751941
1.0631040
1.0838619
1.5331080
0.5810172
0.5956826
1.3737649
0.5630953
0.7979533
1.2264731
0.7987974
0.5679439
1.0562523
1.1751095
0.3193192
0.7550840
1.0428785
0.9117239
1.1874995
1.3433939
1.8153643
1.9584477
1.6870524
1.0464992
0.3464055
1.0915726
0.7083126
1.4322299
1.7855040
1.5704911
1.7440581
2.3700207
1.9390362
1.1078058
1.7897490
2.0823081
1.4899939
0.8353913
0.8842975
0.9118658
0.8323225
1.5672484
0.4697261
1.0130856
0.5174924
0.5834319
1.5455490
2.1422368
0.5854881
1.2591206
1.7123396
1.2011176
1.7984971
0.1947892
1.6298045
0.6357917
1.2380417
2.6286538
0.4184016
1.2356975
1.9790678
3.1769599
3.5570191
2.4830313
1.8001612
1.2606703
2.3184424
4.3294115
2.0655003
1.1464334
1.1577652
2.0245188
0.9346715
0.3305722
1.0831944
2.1919675
1.2515557
2.2907872
1.6083206
0.8767215
1.3565831
1.1041577
1.5658554
1.5788982
0.5497233
1.3438239
0.8559267
1.8482309
1.8202316
1.0020519
1.0517283
0.6533710
2.8515286
1.5389577
1.3752528
0.3005452
1.4172030
1.1497833
1.2117997
1.5191796
1.2942669
1.3546538
0.8722347
1.1272040
1.5589842
2.4325070
1.6657851
1.1549215
1.0843855
1.0340743
1.4623092
2.1163168
1.2539390
2.1376464
1.1602328
1.8389485
0.2890592
0.4439052
0.8886352
1.2063516
2.2678268
0.8060819
1.4760032
1.7094527
0.7427318
2.4082298
0.3264781
2.7652159
2.3144904
2.0514345
2.2189084
0.8046481
1.1685606
2.2552590
0.5737183
1.8304444
1.0573460
0.9366630
1.2867765
0.8938848
0.5708145
1.8612043
1.3121482
1.8698545
1.4214586
2.1807353
0.9681677
0.2697907
1.3442407
0.4003870
2.8482190
1.8344908
0.6937089
1.9685221
0.9614917
1.5078018
0.9876621
0.4589253
2.2254557
2.2309270
1.3124003
2.1540154
0.4397050
1.5076361
1.3067385
1.4463111
1.2772260
0.0718888
0.7236028
1.0526576
1.0350683
1.0441523
1.0464694
2.8935545
3.0555770
0.9912252
1.0993086
0.9042958
1.3270901
0.2560004
0.5851178
0.4049453
1.5086202
0.7643510
1.8485512
2.9876562
2.1601976
1.3515037
0.8320087
0.8947231
0.9740431
0.9370171
0.2797334
1.5215451
1.8156358
4.0456545
1.0420951
0.3536375
1.5339034
2.1803078
1.2940291
3.8208753
1.0027766
1.9534472
4.7710041
1.7026309
0.7341613
0.9291054
1.7238524
1.8921410
2.1670719
0.6213919
0.8801262
1.7195062
2.8802749
1.6444694
1.7275611
0.7124716
1.6939581
3.5398919
2.4754197
0.3346137
0.8724951
1.3438384
3.3825720
0.6220464
4.1007774
2.5467848
4.1803590
1.2216037
1.3503765
1.2899498
1.3623651
2.1571024
2.3505399
1.9171714
2.2124086
2.7414311
0.9381853
1.8234100
0.3741398
0.9117156
2.5379674
3.0457914
2.3571986
2.7811393
0.7428823
1.9170883
1.0803152
3.0293241
0.8610102
3.4272023
2.6194659
0.9166534
2.0412393
0.7830596
2.3378911
2.1471950
1.8169782
1.2340998
2.2098647
3.0612990
1.0029763
2.2960531
1.3882331
3.9520609
1.8851040
4.9115594
6.1912226
2.5407994
3.6913639
6.2088440
5.6035983
1.5874911
3.0785116
4.6995488
2.4481505
2.6455006
1.2229399
1.3996375
3.4859111
2.4516754
2.7553017
0.3608170
1.2104378
1.5197750
1.1224018
1.9516595
5.1952235
4.2814829
4.2729476
3.7386872
7.2984682
3.6048234
6.5264631
1.3208575
6.0078875
4.6622670
0.8338350
8.1435718
4.9390802
5.8018070
4.2612462
2.5733884
3.0278488
1.9968526
4.0345258
1.5023022
0.2076482
1.3423069
2.4907255
2.5260446
3.8316621
1.8181262
1.1529544
1.4915092
0.7882148
4.2870833
4.3476104
0.5920062
4.9664628
1.4022228
2.9006212
1.8346328
0.6443931
5.2037215
4.1415653
1.4183933
1.0873954
1.6300228
3.3909256
3.1748083
4.1470251
2.6412835
2.7595412
5.3534475
2.8217825
1.2818473
2.5435381
1.0854387
0.3741904
1.2165655
2.9585690
1.9769657
1.8141366
4.7640554
4.3758033
0.8053892
0.8928034
2.8497376
1.5906327
6.2474377
0.7033566
1.0903105
0.9834606
0.4233422
2.6426649
0.8026965
0.8277270
0.9257003
1.8379557
1.1170602
4.1505801
1.4412128
0.9562780
0.2024356
0.3981378
0.2447650
1.5840035
2.0828312
1.8180452
2.9385231
1.6552110
1.0988685
0.8828698
2.8898166
1.2738050
2.0790558
1.6539606
2.0359184
1.4276918
1.6643611
3.3359911
1.1795805
0.4892549
1.9036865
1.0008060
1.7067947
0.7340182
1.7266997
0.9375891
1.1960925
1.2072626
2.4778590
0.7482609
1.1921525
0.9837176
1.2734488
0.9645619
1.9285326
1.9862263
2.1158410
1.9395040
1.2859304
1.5047811
1.0831247
1.9099171
1.9261191
1.5503104
1.0993058
1.1309177
1.8008616
1.7830859
1.3532506
2.0948769
0.6084074
0.6699973
1.0503502
0.6023917
0.9542715
0.7332303
1.2400114
0.7517590
1.9461808
1.2067418
2.1622662
0.9031199
3.0495475
1.5103584
2.8711151
1.6989987
0.7938969
1.5744414
2.3404545
1.3353867
1.6647172
1.4507193
3.7844951
3.9208682
2.7393856
2.8492320
1.1800905
2.9504215
1.6782933
3.7917356
3.5837623
2.9822206
0.4653024
1.4946499
4.0633606
3.0552571
1.9658588
3.0739775
1.1746781
2.3046027
1.2620333
0.2130395
2.5319796
1.7753242
2.5163787
4.2097304
2.3187883
0.5713098
3.2387869
2.9472593
2.8763440
3.0751060
1.7187217
2.2154659
1.5006199
1.4077521
1.0927750
3.0903196
1.1634165
1.4672418
0.5844715
1.7940793
1.4414101
2.1963542
0.8622385
1.7464531
2.0322965
2.7696521
1.7512344
1.5712287
4.5140746
1.5602773
4.6199468
1.3829403
1.5131433
4.7104049
1.8475059
1.4513064
4.0202830
1.6296648
4.8673154
0.9068929
1.7125201
0.8679518
0.4044456
3.0516159
3.8317229
0.6422336
0.4707555
1.2502598
1.3378010
0.3012850
0.8140084
2.1092630
2.5396226
2.4850390
1.1218373
0.5095771
2.0342541
1.2246868
0.4493332
2.4976616
1.0270712
0.7753207
1.1978802
0.4647203
0.6224097
0.4878599
1.5482373
0.5197159
1.6165277
0.9967206
0.7263679
1.9091408
2.3026915
2.0217138
2.8533351
2.6621909
1.8882968
2.9546251
1.8526682
1.8810659
2.3996580
2.3690665
1.7631681
1.5440791
1.3114057
1.6373428
2.2319776
2.5518530
1.8757076
2.9045696
1.5833078
0.6041535
1.4168104
0.9972882
1.4342389
1.1574383
0.5850792
1.5073376
1.2522328
1.7505330
2.4640120
1.9902467
1.1599316
2.2277246
1.1835206
2.6290480
4.1706724
1.7922359
3.8187499
3.7406533
2.5591199
3.6808990
1.6705270
3.9956742
4.4595476
2.5883330
2.0574463
0.5314124
1.7273207
3.3441489
2.0762981
1.5054155
1.4239595
1.5826127
2.2047115
2.8305117
2.1165977
0.9130955
1.7050139
2.3951255
2.2526555
1.8177110
2.4648953
2.4612507
2.1017786
1.0527376
1.4520799
0.6848013
1.8059176
1.3116180
1.2133105
1.0058984
1.0802746
1.0606885
1.2735279
0.8432849
1.6064495
0.9799020
0.9774296
1.2085595
1.2271063
1.1252241
0.4981671
1.6833723
1.1320345
1.3596757
0.5341155
0.9362746
2.3983919
3.0248962
0.6339391
2.1449605
2.5864911
3.5578546
2.9678439
4.0259809
4.6134871
5.5081954
3.4437906
3.1748619
4.0478802
1.6466762
2.2355277
1.8249989
1.1239177
0.9597898
1.1278664
1.3058822
0.6431935
0.5789603
0.9531198
1.1567600
2.1607655
1.9012808
1.3045136
1.2889286
5.1641163
3.0215945
1.6186724
2.7647317
0.7363104
2.0368364
1.6458773
2.5232474
1.6815916
1.1413359
0.5626762
0.4610475
1.5587261
1.2097769
1.9829934
2.6925649
3.1152421
1.4893166
0.5338812
1.6858076
1.0495416
0.6783743
2.1043496
1.7640836
1.2468942
1.9209765
1.4704867
1.5960204
1.5712937
3.0295650
2.4936224
3.0375202
3.3032891
3.8255944
4.2498493
3.1343578
4.9666286
5.0487885
4.1999693
3.8991394
3.9532123
3.3421247
4.5471549
3.3875235
4.8888073
3.9539490
3.9560032
4.0493952
2.9182269
5.0033712
3.3853661
4.3824358
2.8744062
2.4911466
3.1040704
2.5633804
3.1140592
1.8319064
1.8671665
1.5184206
1.2482383
1.0291786
1.0597628
2.3473258
1.3071642
1.1934522
1.8537546
0.6448199
2.7382412
3.5217590
2.1390550
1.4406719
2.5125533
2.5256740
1.6036794
2.6416172
2.4999396
1.8245432
2.5378013
2.3732508
1.5041461
1.4137602
0.5701439
0.2762176
0.6849571
1.7739020
0.9170227
1.5906447
1.9621919
0.4002058
0.7296237
0.8049157
1.8404375
2.2834468
0.4590441
1.4014326
1.5074725
1.0180307
1.7110630
1.6108251
1.1300455
3.8147468
2.7394215
1.7051953
2.0224954
2.0686655
3.2402208
3.0206404
0.8142296
0.5078755
1.3363172
1.3735398
1.9729060
1.2784858
1.2833164
0.7080155
2.0055678
1.8070846
3.1365099
2.5100622
3.7150944
4.5118084
4.4878037
3.1028622
4.2739788
2.4761150
2.9613146
2.4618667
1.8105069
1.5392569
1.9634040
3.8524385
3.2872351
1.3277947
3.0509495
0.9829902
1.3607544
1.1349185
2.2099449
2.6168272
0.9191396
1.7408902
1.1070820
0.8473404
0.1222514
1.2412633
2.7207137
2.0837078
1.3537267
2.1785406
2.8209690
1.8535692
2.4075529
2.0364073
2.5308356
4.2307928
4.4880528
6.9400219
6.6900771
5.5439264
3.7718959
4.0688684
1.8324881
5.9727812
2.8809861
1.6034862
0.8457331
0.7229728
1.0916127
1.4673199
2.7131617
2.0733248
3.3491523
1.6901425
1.0860798
1.3828318
0.6628950
1.0966630
1.2401473
1.0689582
1.2276155
0.7395689
0.7887620
1.3786662
0.8668725
1.1824583
0.4440364
0.1668299
2.0165239
0.6538209
0.8062304
0.9410283
0.2089291
0.7363633
0.9469425
0.9765049
1.0214213
1.2368946
0.8794569
1.6219694
2.8080407
1.0106147
1.0443254
0.3445343
0.6157133
0.8001823
0.2230474
1.3389046
2.7321004
1.3024027
1.4110216
1.9737273
2.8117679
3.4267483
1.4238959
1.5552998
0.7465528
2.0069568
2.3593853
1.0917757
1.2489622
0.6173554
1.0293740
0.3299818
0.4422636
0.4116207
0.4407587
0.5999032
1.3845718
0.8646327
0.4938238
0.5527931
1.8934143
0.7352947
0.7911202
0.6877079
0.9849453
0.8261433
0.7122113
1.6710885
1.4592130
1.0809541
0.4093379
2.7841751
1.2466085
2.1532307
1.5194573
1.1121691
1.1891608
1.5696237
1.3073164
1.8131426
1.4449156
1.5930588
1.2951129
2.0171505
0.9842039
0.7888479
0.4730739
0.8931755
1.0659637
0.5376423
0.5221794
1.2719576
1.8053839
1.4056909
1.7536919
1.9201146
2.6797430
1.9978129
0.7590985
2.0465217
2.0511152
1.5414797
1.7676866
1.4965053
0.9865687
1.1724291
1.2408510
2.0943026
1.1765322
0.8932974
1.2454208
1.1034425
1.8004882
1.4034853
1.4063038
1.1427754
2.0554015
1.9893548
0.4602368
1.5511348
1.3570887
0.9119588
1.0866125
0.8032992
0.8293584
1.0129186
0.6341892
0.9445096
0.6133834
0.3843264
0.2217310
0.9132876
0.4754358
0.7139096
1.2502695
0.6010600
0.5840684
0.8859755
0.8680598
0.8817768
0.4895096
0.6075642
1.3103437
1.4468690
0.6863574
1.0610114
1.0590907
0.9575192
0.5106626
1.1604867
1.3883505
1.1628026
0.5284890
1.3273341
0.7813639
0.2619946
0.7776540
0.4267879
0.2307470
0.9230657
1.2500723
1.1501714
1.3367450
0.8612915
0.4541971
0.4522401
1.5233254
0.9268636
0.6688140
1.1955795
0.8760227
0.9105734
0.9897548
0.5557281
1.3190691
0.2873461
1.1537309
0.5777590
1.7588537
1.0339804
1.3828695
1.0041521
0.6529170
1.3288812
1.6120580
1.9152701
1.6349300
1.9064630
1.5549923
2.2956424
1.6351965
2.0034784
2.0972602
3.1644950
2.8184730
2.9491431
2.3917179
2.0453101
3.4963326
2.7814855
2.9949803
2.1545533
2.3468380
3.1662914
2.9602317
2.5549765
2.2142176
2.4078198
2.0827289
2.6874854
2.5977313
1.8711380
1.5295968
2.7450992
2.5600521
1.8639731
1.3344945
2.5930403
1.4442747
1.9944694
1.0677405
0.3797352
1.0413187
1.9606161
1.8170135
2.4373610
0.2746960
1.5815733
0.9694229
1.7687124
1.2040810
1.0636082
1.7832603
1.3250048
1.1925091
0.1843275
0.9632690
1.0939397
0.2983208
2.1537051
1.7558435
0.7681745
1.5607009
3.1202391
0.3160105
1.0701705
1.2735026
2.4986328
1.8374666
0.9618481
1.4464943
1.2988935
0.3572549
1.6608495
0.7332320
0.3410533
0.6946040
2.5863587
1.2603813
3.6511143
1.6676268
0.7580117
1.6301715
1.5010773
2.5542202
1.6764777
2.8012528
2.8765668
1.9352185
2.7538353
1.2614275
2.2946100
1.5551806
4.5271375
2.2323259
3.3368394
1.8595757
0.5919250
1.7772337
0.6615380
2.4301505
0.9391591
2.2237912
1.1253134
0.1709973
1.5333291
1.2890280
3.3603012
2.3535981
1.7445893
0.7135995
0.4684901
1.1507089
1.7361825
2.1494439
0.8623612
1.1256812
2.4560012
0.9814509
1.9022682
1.0253187
1.0395036
1.7774264
2.2533130
0.4876146
0.8690537
1.3422696
1.4809423
0.4303957
0.9446334
1.0160510
1.0739766
2.3745401
0.8057208
0.8370713
0.8429584
1.3596681
1.4039304
2.4566542
0.3408684
1.2332938
1.0729198
1.1247606
0.7327254
2.0644224
1.6935908
0.9322267
1.4349052
0.7240291
1.4787298
1.3714343
0.7850581
1.2618373
1.6385368
0.6166465
3.1590642
1.3655111
2.1783528
1.3625584
2.8517633
0.5871811
1.4477448
1.3548207
0.4120666
2.4139427
1.8817727
1.3118656
1.3517205
1.4536460
0.3747746
2.6476006
2.3982215
3.5911214
1.5884639
0.4385706
0.9048619
1.8115851
1.8470551
0.4844080
0.7937507
1.4041843
2.2423471
2.6437225
3.4310913
1.9267113
4.2679202
1.7182665
2.2975005
3.1539976
2.2248439
0.8867488
2.1054736
0.7987377
1.8066256
2.1030634
2.8786605
2.1865176
1.1821995
3.7551596
1.6331272
2.0938080
1.4489617
1.2130369
0.8329956
2.5028066
0.9159299
1.6564715
2.0736339
2.0150756
2.1533631
1.6692485
1.3052044
3.1946799
1.1559060
2.5030485
1.3946188
1.9878846
4.1430946
2.2810596
2.9021079
1.1517479
5.7514198
6.9155891
2.2310108
4.1675360
3.8065423
4.2280105
0.1841051
1.4177026
3.7205255
0.7911109
0.4697273
6.4919218
1.7337563
1.8806692
1.3373751
4.7565829
2.2539710
2.6224995
1.3496299
3.2502719
1.5216305
2.7449873
0.8351545
1.1200193
0.4107917
1.8797630
1.7019687
2.4871099
2.7522286
1.8820631
1.4492537
1.8429124
4.1562141
0.9641123
1.8886374
2.8017835
3.1139589
3.6152824
5.1031915
4.4131319
4.1014007
3.7112715
0.7027807
0.9190717
1.1180161
0.8147461
2.4527335
0.7831745
4.2170495
0.8561632
2.0959892
1.2260370
0.3844654
2.5272040
0.8275721
0.7571699
1.2481483
0.8884774
1.7626090
2.5664003
1.0395859
1.7487904
3.4946022
4.6315331
2.7903128
0.8473311
2.9089370
1.6548310
2.1214017
2.9354608
1.3432026
0.5960764
2.0856261
1.4178656
1.6045031
2.4750787
2.5393910
3.2132310
1.0094799
2.2009034
2.1752282
1.5476749
1.1980854
0.6777249
1.9229743
0.7571264
0.9352537
1.7561547
2.0888031
0.6788573
0.4774974
1.0233606
0.8792260
1.1030698
0.3265507
1.6149107
1.4211925
3.2953153
1.1127351
3.1134424
1.4971604
2.1124835
1.8812118
2.1573374
1.2429725
1.6752987
2.5017062
1.4754724
2.3196486
0.8094542
1.9679782
2.1082437
2.3490264
2.1976885
2.5045456
2.0413028
4.5333848
2.1336880
0.9719871
4.2580637
1.4784922
1.2011660
1.3732501
1.9823584
1.3620594
1.3029156
2.3827758
1.6828469
2.4686140
2.4509224
1.0055899
1.2748220
1.3497014
0.8595672
2.2574299
2.3619774
1.0649965
1.3013542
2.1024729
1.0173376
1.5459484
2.2962322
3.5046603
1.4279841
2.0492550
0.6541101
2.2207877
1.9645578
1.4910047
2.7249002
1.1765949
2.5033648
1.4179543
2.3114950
1.7912418
0.8036480
1.2093922
2.4561050
0.3229423
2.2970912
1.7174786
0.8084417
1.4368380
0.7883183
1.2526811
1.5831913
1.4792714
0.9908570
0.9177266
1.3754607
2.1336909
1.4224002
2.2603564
1.9582255
0.8793056
1.6378307
1.6688340
2.6859010
1.6940015
0.7353568
1.5702392
0.7647325
0.6873543
1.0703238
0.7571489
1.4832977
1.4224674
1.7051246
0.8015172
1.1541912
2.2800052
0.8470102
1.1008483
1.3090688
1.0626174
1.2845163
1.2874845
1.1032985
1.2866084
0.7316070
1.3870925
2.1202183
1.1353247
1.6700675
1.2473588
1.2700165
1.2139404
0.2662545
0.8008775
0.5725448
1.5352377
1.8422624
1.6265716
0.4601864
0.6341096
1.1723915
0.5674917
2.5119853
1.4602163
1.5409153
1.7900897
1.4679950
0.5670828
1.8364101
2.0480267
1.5975277
2.3969419
1.8003706
1.4894537
2.9066333
0.8530078
1.6910183
0.6517475
1.2310030
0.2389157
1.5158680
1.6560250
0.3995286
0.6100206
1.0611216
1.2092302
0.9696064
0.9963893
1.1509101
0.5178212
1.8793214
0.7726510
1.4219788
1.7503662
1.8099868
1.0862953
0.5043702
0.8618601
0.4011428
0.3384155
0.7719283
1.9744727
0.6421422
1.3907383
1.3960115
1.5325367
1.0211181
2.0787530
1.9883497
0.5904964
0.9105123
1.5913147
1.0737929
1.1313356
1.2419988
1.4591887
0.7549638
0.4368277
0.8857362
0.5266463
1.3809693
2.1662740
1.4936183
2.9394960
1.2040690
1.1342201
1.6204706
1.5451244
1.3449875
1.8151991
1.4645108
0.5954875
1.7754800
1.2788825
1.4360760
1.9703198
1.0571496
0.7875592
1.8089412
0.6675016
1.0086044
2.2676069
1.1452583
1.4869997
0.7525106
0.3184058
0.8389435
2.3536878
0.8422265
1.3210121
1.8750256
1.4818795
1.3218423
2.1790721
0.7468476
0.9866383
2.9440328
0.9476863
0.4107917
0.8933350
0.2152188
4.2287162
3.8428648
4.0189599
2.2535911
2.8810339
5.7108539
4.4670161
7.1250024
6.9231271
8.8459385
4.7014964
2.0054754
8.0681139
3.2233388
3.3515916
3.3730898
6.6105027
4.7228430
5.5333618
7.1069163
8.3995864
2.3514238
3.3363643
4.6280136
3.0736986
3.1672439
3.9566252
3.7641131
4.0018756
1.2617415
1.2899402
1.0955765
0.8379779
3.1876106
2.1205154
0.5505710
3.3715812
2.9803120
1.4048368
3.3197320
3.4951115
7.7237171
1.3577898
1.2170886
1.4641466
2.7797186
3.9687134
3.5399644
1.6644618
1.8139185
2.1732434
2.6154508
5.6190501
4.0373406
7.3713093
2.0211137
2.5638772
0.6801408
4.0259617
1.6674133
6.0390017
1.8784142
5.0261880
2.4991407
2.6807026
0.7679386
1.0963523
1.4705280
3.7564008
4.0073544
2.3263294
0.6656433
4.6495374
6.0811659
4.4042099
0.7621729
2.7806231
1.9191344
3.6577917
3.0915422
0.7929829
3.2994155
6.7675892
3.8321512
3.4670509
6.1097032
6.7031963
1.4098975
1.1132175
2.6388509
6.3482446
9.7424121
1.3052747
5.3517245
2.5468034
6.5684531
5.8232521
1.8655646
2.9569931
4.2975742
1.2242182
2.2645015
2.6565848
6.4316417
14.6538581
9.6252078
7.5796895
2.4655864
4.9058021
3.8880899
0.7779948
2.1296807
2.9799882
2.1287607
2.8717696
4.9632161
3.3664571
6.6606989
6.6223948
3.3501346
2.3418260
7.5110489
2.0465031
9.3171639
6.5275278
3.7363608
1.5051033
2.4909814
2.9134302
1.3358488
5.7298241
5.7048585
2.9441362
3.9710428
4.1591727
1.9401201
5.3804185
1.7423616
2.0333074
3.5771169
6.8654659
6.4772167
6.4167307
1.3535186
12.4802635
2.7757785
21.4417307
14.1907459
11.5460947
4.1089227
14.8888176
9.4371286
6.9963042
11.0650408
3.4280538
2.5185778
11.6992657
7.6703623
5.2213907
8.3154340
7.3825370
6.6903717
11.4691767
7.2795533
4.1507253
8.5789225
2.5147195
6.9492170
3.6425991
8.1557125
7.3782275
5.7486295
4.7301302
2.1996682
0.6567989
1.5855246
4.9216884
0.5113856
2.6068972
5.4645418
6.1686738
3.3964794
7.4928100
9.1351860
2.5587799
4.6255985
3.0711260
3.6207731
2.1672917
7.3329598
7.0256273
2.6139537
5.3906058
12.8547262
3.1479400
2.1661446
2.4285219
5.4796896
2.6261005
1.4529287
4.2286766
3.3247556
3.8310332
2.3229367
5.9868151
2.4607709
1.1619304
4.1442376
1.9517597
6.7038022
2.6900597
3.0201913
6.6179328
2.5135714
4.2773989
8.2847755
3.6647914
10.5835035
11.0652149
3.5177349
6.2156540
3.8923985
5.2096025
8.1448883
4.8421234
3.7376885
3.1350062
7.1535526
3.3755711
1.8308507
4.3894581
10.2536186
6.5894367
6.1542618
3.0877454
9.7659517
9.1707601
9.6714875
8.4720552
9.4320071
4.4642710
7.8386411
9.6686869
1.9230453
7.3033324
12.7166497
9.8202297
5.7068489
2.0156656
4.1533154
2.8949275
4.5706342
3.5023517
2.4292834
8.2186164
4.2555538
8.8503095
1.2634416
4.5510426
5.8257730
6.9190214
8.2048145
1.5738223
8.5444255
2.3254017
5.8331859
3.6680342
4.0827830
3.1340447
5.4239536
1.4216179
1.0359105
9.2346987
16.5909641
3.8403142
2.7252460
3.1793524
3.3469198
6.1322870
3.7841170
5.3562768
11.3107019
13.2465832
3.4255024
1.4169361
5.7410887
2.7301513
4.2979580
16.0366932
12.4755375
2.5258038
8.7693551
8.3188802
20.9047955
2.1649352
10.7868294
8.2750612
5.3546400
3.9306979
8.8539440
4.5643615
2.5066992
3.2048532
3.1351941
7.2783219
8.2794353
3.8049297
4.8850695
11.1420399
2.7757240
7.0314870
4.7872986
4.3426098
4.6616006
7.5176904
9.2109679
3.8022997
15.8505172
7.1002031
17.6641877
12.0932138
7.2742102
6.0591581
14.7932771
10.8063117
17.2114762
12.4348399
11.1185000
12.8566455
19.2847318
12.3856014
7.7032328
3.3109935
11.2908153
15.4449161
11.4963161
10.0475501
13.0588294
3.1393447
9.1014844
11.5067977
15.9297075
7.4318750
6.0477307
5.1171037
6.3166803
3.1152741
1.8472446
3.3182203
4.6139591
3.3501238
7.9550753
4.6387078
11.8179159
4.3747501
5.1520566
2.9935541
1.4580589
4.5706301
5.8110995
5.0279665
4.9756967
10.3355525
5.5473929
6.9168203
5.3217172
5.0578304
4.8916765
5.9294402
5.5494084
0.9429221
1.2949496
3.7373686
7.4482345
3.1575508
3.8036584
3.7858650
2.6310246
3.5285417
3.1516132
2.2299940
2.2101687
0.3191073
0.8628941
3.0562164
1.1474605
2.6938255
7.2653066
3.4633106
2.3043930
0.2717944
5.1544153
2.7600791
2.7270507
0.7314972
2.0666409
2.4645648
5.5741271
1.2816180
5.2376878
0.3345660
3.4311633
2.8605973
3.4735787
1.5839744
1.2367657
0.7884478
1.3540770
1.7388499
3.9861896
7.8853490
4.2729747
3.9607640
5.9780586
7.3683299
0.8269916
1.4111944
6.8930595
2.2081889
8.6319466
8.3992509
1.2937531
2.4988155
2.6016525
0.8151183
1.1940705
3.4357540
1.5036723
1.9136846
6.3098975
2.8980417
2.1719152
2.1057895
1.3188002
2.2172120
2.1104366
5.8216814
4.2874355
3.0832446
6.1092402
3.2630804
3.7260760
6.5403973
5.1582329
2.6792612
1.1280666
8.6743007
5.0852167
7.4649057
10.1069275
2.9171909
0.8190174
6.0326058
3.4438849
2.1550768
3.7777340
4.4446404
5.1962385
6.2205729
2.7777308
4.5326259
6.0049116
5.7146913
1.9560460
1.5268121
4.0548112
2.8167253
2.7194757
2.3915749
5.6405451
2.1159634
3.0896343
3.4409321
1.4286089
1.6940906
1.7415575
1.4988470
3.2222100
2.2487281
1.1614472
2.0217834
2.0582107
2.5035204
1.6905693
3.0768025
0.6850098
1.7395903
1.5792411
2.0958833
1.7587107
1.7483112
1.5161237
1.3787396
2.0963361
0.7938564
1.9019730
0.7142355
2.8158351
0.9163626
1.1769664
1.0258707
2.3007034
1.1441908
1.1466379
1.7775163
0.6202760
0.6574457
1.6543509
0.9770446
2.0315199
1.6224706
2.2362702
1.1820489
0.7192812
0.6866917
2.6311419
1.3366176
0.5171502
3.2729534
1.5018205
1.6535949
2.4532814
1.8718916
2.3463183
2.4512238
1.6703366
0.9382600
1.3132990
6.7930432
3.3629835
1.9917182
3.0798807
4.0588668
2.9599092
2.1912753
3.2001746
2.8027764
3.9341203
0.6207804
2.6374642
3.7388663
1.5622678
2.5381155
2.2779208
1.4211121
0.8183954
2.1383594
2.6977653
2.1559580
1.0493148
2.1899474
2.7631691
1.0145933
1.3677964
1.3675737
5.8944653
5.2822963
2.5831157
1.3898014
1.0592450
0.9531182
0.7282462
1.0210817
1.0185641
0.9965413
2.2849504
0.8730684
2.6310860
2.4531761
1.3616738
1.8752071
2.1581213
0.5157685
0.8360297
0.8042997
1.6339446
3.2071036
1.8129878
1.4039206
1.6992623
1.2562265
2.1293555
1.0793737
2.0814417
1.9745725
0.8719007
0.6393304
1.9446372
1.6517924
2.0852362
0.3918857
1.1037646
1.1892814
1.3187744
2.1638103
0.8254423
1.9148566
2.0472691
1.1804021
3.2912755
2.7168885
2.4418585
4.0598070
2.0466543
2.9274004
5.4842197
3.3457337
2.7734180
2.5664987
4.8897224
4.6584474
4.9147113
3.5024409
1.6560835
2.8908028
3.5026032
2.3670210
4.0419653
4.6089974
2.1173579
2.7625758
2.3629413
3.7143748
5.3808383
3.8403499
4.8851192
3.4258899
5.8741658
8.1628483
5.6930276
4.7191630
3.6705914
5.7872910
5.6743731
5.3972869
1.9481320
5.7882099
2.0105882
1.4865492
4.1315941
1.0971958
1.0085887
2.4438604
0.2724714
2.6075510
3.0150496
2.1348666
3.6985749
2.1205684
3.1734435
1.8414533
3.2687579
2.6639612
1.1619065
1.8168718
1.7117954
1.1961858
1.2654029
1.2052266
0.8200342
0.6978613
0.5935775
0.8019788
0.6641338
1.1807817
0.5145119
0.3069118
2.6437215
1.9393922
0.1118830
1.4592616
0.2606036
1.0412938
0.6636437
1.8096375
0.5577310
1.2996565
1.0799569
1.6494344
2.1889572
0.5048237
0.9325511
1.7369592
2.6965720
1.3749770
2.6059094
1.2112032
2.1450569
1.8282628
1.8457228
1.4320706
1.9502011
2.9064740
1.4057217
1.9001430
0.8506923
2.1793975
0.8655882
1.2144188
1.0521476
2.8806100
3.6671758
2.1377944
2.7372907
1.6414995
1.9087999
3.6651769
3.8362173
3.8463889
2.3869369
4.7658110
2.7075478
2.8575581
3.2764210
2.1076918
1.5064068
1.7893208
1.1504311
2.5938788
0.8793126
1.5281779
1.1913559
1.0633601
0.8085941
2.4323981
0.2706282
1.0649746
5.4121950
5.5185419
0.9282807
0.8108239
1.3859333
3.5055231
2.3302552
1.8826779
1.3169897
0.5158928
3.2486151
4.9365490
5.8544325
7.1625855
2.2158704
2.3148338
1.0754498
3.5437839
6.1391081
4.9291416
3.1103847
1.4135907
1.1858243
2.4824603
4.6089591
2.9104770
0.7632642
3.1759892
1.2165013
1.6456751
3.7412243
0.9298748
2.5268426
1.8628457
0.9590843
0.3666249
0.7616304
3.7879241
2.3602847
3.4813941
2.3437968
1.7791059
2.4484479
3.3377604
2.3121628
2.3464563
0.5154260
0.8863710
0.8860567
0.4263721
2.6881056
1.0720842
2.4907269
2.9146252
1.6899029
2.6772226
2.3421958
1.0254637
4.2522277
0.6248454
1.8626342
0.7309209
0.7568085
1.5957012
1.0433120
0.7563144
0.1830641
1.2061409
1.0390931
0.9488641
0.7072032
0.9788640
0.3981205
0.4197438
0.9319239
0.9698291
0.6738164
0.5249373
0.5268973
0.8713055
0.4284892
0.8330799
0.9054188
1.1908336
1.0257511
3.0218807
1.3196869
0.9429035
1.5036723
1.0667597
1.1378451
0.6841140
0.8537778
1.0308234
0.6668988
0.7599592
0.0772225
1.3959541
0.7669449
0.5522798
1.1815040
1.0085649
1.7081191
1.5771801
0.8719934
1.2421606
0.6931901
1.5805309
0.3249452
0.3947442
0.3719359
0.4539113
0.3419526
0.3412798
0.7899322
0.4612824
0.3403060
1.4201480
0.2192085
1.7643980
1.4840827
1.0417000
1.1970280
0.6340948
1.5898564
1.6473081
1.3061017
1.6999155
2.0942917
0.7253881
1.1769263
0.8598419
2.1206597
2.3348944
1.9284009
2.1193546
2.7148788
2.1549106
1.2723845
0.5886521
0.8842204
0.8211733
2.1546206
0.9152560
1.2186733
3.2603945
5.8673364
2.8869133
2.4327559
2.4424997
0.4820087
2.6749152
4.6897856
3.0275047
4.5463984
3.4440796
2.6211839
3.9671432
2.5099861
2.4678977
3.4862393
3.5164972
3.5394001
2.2001467
1.4050399
2.5114871
2.5844489
1.7568254
1.4408468
0.4558964
1.3868657
0.7761825
1.7850854
1.1882786
1.8896756
2.0170969
1.3770607
1.3405568
1.1596585
1.3119566
0.7022851
0.5848998
0.8647260
0.8482509
0.9849096
0.8379237
0.7188594
0.4816609
0.2877885
1.2183749
0.6643348
0.7275854
0.1333655
2.1749401
1.0197588
1.0700560
0.9142671
1.7594567
0.4257652
0.8063333
1.1146123
0.8485365
1.1152490
0.5745420
0.8223075
1.1310349
1.0952929
0.8068242
1.5948711
1.1672874
1.8306196
0.0777263
0.9844503
1.0764945
1.0642832
1.3678687
0.5995867
0.3290481
0.6116039
1.2216889
0.8688096
0.8532863
0.9872974
1.3744866
1.4782384
1.5516606
1.6536788
2.0074110
1.0079239
0.9162707
0.7096516
1.9235643
2.3400598
3.1078234
0.9682050
1.3413008
1.3449682
1.9251278
0.5387233
1.7389442
0.9725735
1.8787189
1.2582021
2.1584584
1.8978867
2.3215330
3.2614383
1.4881272
2.0060341
2.0021160
0.9827444
1.6585517
0.9826815
0.9846748
1.1331912
1.6652368
1.3266063
1.6425994
1.3638773
3.2433056
2.7056696
2.7107590
4.8379616
2.1930471
0.3436454
1.7041741
1.2573435
1.8078055
3.1069700
0.6774162
0.5563058
0.5888953
1.0041586
0.9925957
0.7941402
3.0700971
1.3542043
1.6674060
2.7253041
1.9143991
3.2365236
3.8382511
3.8113442
2.9718614
2.1954472
2.8231678
4.0767997
2.9149572
2.5348650
2.6499400
2.3971040
0.9925019
4.5140841
2.2129676
1.4396143
1.8083900
1.2974156
2.1576043
3.8290596
1.6068718
2.1676113
2.6850873
3.1700038
3.2540378
2.4110076
1.3648100
3.9741368
1.5795806
2.1590448
4.3337512
1.3914474
3.6168477
1.8895637
1.9321461
1.4260579
0.7779237
4.2988574
1.3843389
2.9865219
2.1640591
2.1468921
1.6351985
2.5554272
1.9810660
2.9706169
3.6557539
4.2981394
1.2001187
0.8896956
2.2487870
0.8693266
2.0960988
1.3518298
3.6724913
2.3931592
2.5188858
2.5411181
1.3248837
0.5807946
1.5984228
0.5911085
1.5984296
1.3275080
2.0084562
1.6145158
0.7733423
0.5338839
1.4790379
0.5884253
2.0483374
1.4260460
1.4071025
1.2590745
1.5953759
0.5582328
0.9721463
3.6366618
1.7221421
1.0861776
1.1040247
1.6050498
0.9123749
1.5324084
1.8686684
0.5012717
0.8856009
0.5802938
0.7719263
1.2153142
1.1998653
0.4714850
0.5122300
3.7240673
3.6347224
1.1166854
0.4464621
2.0158485
1.6999338
1.3737267
0.2402511
3.3332186
3.1649441
2.9422016
1.2249579
1.4952265
1.3435367
1.3719681
2.0199786
2.3561516
1.9350988
3.7264957
3.1468164
1.5014345
4.2248317
1.9883694
4.0027083
2.3987245
3.0000047
3.4482507
4.2288065
3.1482766
3.8471557
1.2145982
1.7162168
3.1366972
0.6246708
2.0159790
3.2406271
2.8699914
1.1598789
1.7597174
2.4357575
3.6069856
1.0075810
1.1178503
3.6295709
0.7409827
0.3373761
2.6511625
1.4537540
2.4755825
0.8623806
1.5482932
0.4159054
2.8915858
3.6959426
1.1482367
2.6687579
1.2808269
0.8715491
1.2864561
1.4242832
1.9375495
2.1443857
1.8222744
2.5661990
1.5500499
2.2477166
0.6492775
2.1379365
0.4836508
4.8057415
0.8821106
1.3227039
2.1619970
0.2374577
1.8497142
2.0134274
4.7170604
1.2669310
0.5253552
1.7891376
3.2582812
1.7418303
3.2800234
0.6398894
1.5798802
2.9415569
0.7136040
2.9370024
3.1274892
4.2932867
2.5754932
3.0980671
2.3336358
3.4142166
2.4227547
2.6432478
1.0217847
4.0710183
0.4849830
1.9007865
3.7503683
3.2153942
0.5625536
1.9791410
2.8470491
2.8309689
2.3624060
1.9210351
2.1859029
3.5315969
3.2804896
2.4833409
1.8723340
2.9788502
3.6336093
3.1400160
4.2912245
3.5368244
5.7254447
13.5925312
9.7416617
2.8090073
4.4110670
3.1546543
3.6690101
9.3021450
1.4139136
1.9410671
8.0404586
12.7048441
8.3194777
9.5940020
2.7394373
2.7075825
7.5997241
1.3057627
8.9366808
3.1998911
4.7628281
5.1335453
9.0089583
7.7766842
8.0577027
5.5436058
4.9825565
0.3767679
0.7222727
1.7399492
0.4211654
2.9442030
1.9201423
4.2144446
2.0953334
1.2604665
1.5263156
1.0989703
0.6744220
0.2114888
0.4051407
1.3734464
0.5514982
0.5343690
1.1305963
1.9551368
1.3819025
0.8238840
1.7488246
2.2483788
2.2954653
1.8390985
2.5975780
1.7141819
2.3187882
1.3851776
0.8774444
0.8710514
2.5031426
1.7707969
1.2163800
2.1769279
0.2534579
1.6960855
0.8393965
0.8784922
2.2112887
3.1598341
2.9590082
2.9442591
1.2007048
2.3027872
3.7990352
2.7408341
2.1443439
2.2255765
3.9037965
3.8833605
4.2949901
1.0256325
3.1792491
2.5700765
2.0178737
3.9352384
1.5717693
0.8638009
2.9337854
3.1075871
2.9114965
0.8429941
1.8827502
2.3994411
2.0020390
2.5329026
3.7934701
0.6623149
2.0330277
3.1979626
3.3463526
3.7920505
2.1336423
4.7923929
2.8489044
2.8356966
4.2294525
2.3098381
3.3249740
3.1143637
3.4623553
1.4199603
2.6918240
3.0216739
3.8962507
1.9222248
1.7434541
0.8150977
3.2343583
2.7861057
2.2784318
3.0386127
3.0223407
1.2966053
2.5236518
2.0968264
2.8192318
1.7119160
3.0375285
3.7001929
3.9474744
2.4712581
3.2717655
3.6816155
3.0138274
4.0553985
2.0823394
5.0778229
4.3570265
4.2818071
2.9231465
4.6994255
2.8989856
4.4485921
6.2924034
2.5568465
2.1520351
1.3875015
2.9468864
2.0324370
3.5018333
0.8926993
2.3370110
1.3721620
3.7733138
4.8643323
1.9373465
2.1850221
2.3913948
3.6562757
2.0482397
1.7087367
1.2114457
1.3548434
1.9700468
2.0451336
2.8302010
1.7553463
1.5501350
3.2601218
2.1305538
1.9611869
2.4932973
0.4283995
1.4683971
1.1080914
0.7598643
1.6977370
1.6291323
2.2911615
2.1716711
2.0805852
1.9039939
2.3853834
2.3432409
1.4555837
2.0181048
2.8536051
0.8210780
3.2481564
1.8699761
2.1176335
0.7059940
1.7536201
3.0019152
3.4053703
2.5574613
3.8959481
3.3334840
3.5877853
4.1664726
2.1378376
3.8893766
4.0153531
2.3320026
3.4428685
3.4889900
3.7535573
4.2780498
4.2223035
2.6540327
2.6273494
1.3041692
3.4488699
2.3239281
2.3741312
1.7969559
3.1311842
3.5373389
2.1417947
1.4780902
3.5638984
1.3875938
3.3678879
3.5803423
4.1047549
2.4354430
3.3801468
3.2393260
3.5701396
4.0908436
1.4422831
2.1089155
2.8737018
3.2652380
4.2901134
2.1876802
4.0598894
4.0616829
2.5681156
3.6347143
4.6665111
2.4827756
1.5188540
3.5484316
2.2722329
2.3259022
3.2139823
1.6952165
3.9351927
3.5313447
3.6023844
1.1681555
2.5461957
2.4008151
1.4116891
1.0363186
4.3070413
1.8264047
4.2440478
1.2984109
4.4275939
1.0697303
3.2684656
2.9681873
3.6412520
4.4146007
4.6654001
2.1264347
4.2644517
3.8605722
5.0661555
3.4799691
2.2327668
3.0271090
1.9916315
4.5722138
3.4478776
3.1755850
4.1858801
2.6044731
3.5267165
1.6396000
3.3496672
4.0218387
4.0850207
2.4224143
1.4195477
1.9245501
3.3505853
4.7369441
1.7383383
2.4241100
3.5160008
1.8129791
1.4602004
2.8375092
2.1577357
2.1928861
2.5905207
2.5960135
0.9287149
2.3696715
2.6482182
2.4229073
0.9549725
1.9428866
1.3272886
2.8934498
2.1004897
2.9414749
1.3783449
2.7286729
3.1559833
2.5047797
2.8438104
1.8738253
3.1650225
3.4654259
1.8168374
0.8241684
3.8293061
1.3927411
4.3874748
1.5569950
2.2505842
2.4016306
0.6169406
1.2918362
2.3140965
1.2605497
2.8950648
2.3137415
0.5935849
0.8038789
5.2214275
2.9134165
1.3208959
3.6311628
2.4307967
2.2902706
4.9464562
5.6071557
3.2398288
4.7353537
2.9736177
3.2297045
3.3210440
4.1354900
3.0068293
2.9134420
2.1633842
1.2728273
2.4755935
3.4574385
1.9810335
1.0462362
2.0296246
0.8404088
0.9532642
0.6394726
0.9008703
0.6660107
0.9530531
0.7833390
0.9836960
0.7558768
0.3161078
1.2295595
0.6295456
1.1037142
0.3769675
1.9743334
0.7922631
0.8319736
1.0439919
0.8245983
0.7187162
0.7388747
1.1984934
0.5865462
0.5375176
0.8875882
1.2927827
0.7288913
1.3591949
0.9754284
1.7030737
0.5976659
1.3223583
1.1179676
0.7662259
0.6189519
0.3839797
1.3800363
1.2150189
0.8740801
1.1869551
0.9921404
1.1028899
0.2857213
0.5697947
0.7968149
0.8727795
0.8230145
0.8579885
0.4746354
1.1421715
0.6847677
1.1979349
0.2755422
0.2698055
0.3514263
1.4836459
0.5982634
1.1909268
0.6098279
1.2527015
0.2981213
0.7280526
0.5211393
1.0167913
0.5532795
0.6218600
0.6929103
1.2075009
0.5359041
0.4032211
0.7283487
1.1081721
0.2738252
0.8208637
0.6676751
1.0473507
0.5936872
0.4133340
0.8581412
0.9778162
0.9805408
0.6227943
0.8373934
0.2679902
1.3654709
0.6251339
0.2402974
0.4962389
0.3919342
0.7997989
0.6605320
0.5893915
0.2793828
0.4070944
0.4526704
0.4355595
0.8478153
0.6277402
0.6179626
1.3506096
0.8257481
1.0261650
0.3275643
0.1445298
0.3906638
0.3585748
0.2480342
0.2698698
0.8219748
0.4121077
1.2827873
0.7030592
0.8567899
0.9036027
0.3944654
0.5717837
0.0860710
0.8373882
0.4499167
1.3210529
0.9715156
0.5488279
0.9034418
0.8764877
0.5854809
0.6247970
0.3382781
0.3484483
0.7101195
0.7052252
0.7762560
0.4168024
0.5571613
0.4471401
0.9528414
0.2781201
0.4762589
0.2462262
0.7295985
0.5452125
0.2510673
