2.1732900
2.2284273
2.3476768
2.5235603
2.5776970
2.1374417
2.2964524
2.2906784
2.5043576
2.2298537
1.9925632
2.2505352
2.3492947
2.4505951
2.1785367
2.5291895
2.3857538
2.3412496
2.6455695
2.5107862
2.2688207
2.4476070
2.4602259
2.3272287
2.4749846
2.5173986
2.6810661
2.1655663
2.5305786
2.0492868
2.2156172
2.2135232
2.3973867
2.3935557
2.5297394
1.9845925
2.4532984
2.3086670
2.4055490
2.4866982
2.2343671
2.3598202
2.1515106
2.3970815
2.3692145
2.1643413
2.3667540
2.1215366
2.4900217
2.5535904
2.0743813
2.2810618
2.5163120
2.4285019
2.4624113
2.4923655
2.0567767
2.3260869
2.3649766
2.6000539
2.4063751
2.3951996
2.4055455
2.4120746
2.2577226
2.0071395
2.2295721
2.3183533
2.2209945
1.9736686
2.3885330
2.2626201
2.4604835
2.1073627
2.3281070
2.3722420
2.3850095
2.3944556
2.5053349
2.4511274
2.5447537
1.9966961
2.4546214
2.2047619
2.1827572
2.2403210
2.4593807
2.5874810
2.2406827
2.4109310
2.0040033
2.4277192
2.2864417
2.3691646
2.3609827
2.2965120
2.2002875
2.2638184
2.2453722
2.3599227
2.4211518
2.3296814
2.4583412
2.0820561
1.9970007
2.5179418
2.2048079
2.2741260
2.5387012
2.4419558
2.3935181
2.1982886
1.9549989
2.3906926
2.2049909
2.3245107
2.4397344
2.1421750
2.3374569
2.5792867
2.3301895
2.5007065
2.1694949
2.4540215
2.4854192
2.3027516
2.4002622
2.3949619
1.9363798
2.1461890
2.2628487
2.5793796
2.3468521
2.4427152
2.6699303
2.1819777
2.2264776
2.8936560
2.2729127
2.5700465
2.2917209
2.3272136
2.0590804
2.4198969
2.0198426
2.3858316
2.1245465
2.4362354
2.1744728
2.3317916
2.5218277
1.9475460
2.1618292
2.3842092
1.9621676
2.1170830
2.3757709
2.4344314
2.8086167
2.3991601
2.3006635
2.3516245
2.3341425
2.4730541
2.5274096
2.5450725
2.5795185
2.8915244
2.7301002
2.7517332
2.6060226
2.6276223
2.6206097
2.4409128
2.6297077
2.5481837
2.3638578
2.4160959
2.3306645
2.5821735
2.1489581
2.4034824
2.3513983
2.8679794
2.5996609
2.9249272
2.5569965
2.3188842
3.0139662
2.5468194
2.2335856
2.5712441
2.8001738
2.8167675
2.4319772
2.6773866
2.7778345
2.5687663
2.7517773
3.2118272
2.5377042
2.7478150
3.0854563
2.5882671
2.9319160
2.7740738
2.5961451
2.3502833
3.3725500
2.8574799
2.7975814
2.6701032
3.0201657
2.9908193
3.0688369
3.0395421
3.0239378
3.2529636
2.6148564
3.1468015
2.8812575
3.2045407
3.4549004
3.5803394
3.1862737
3.4863439
2.6618235
3.2924216
3.3353292
3.4778667
2.8668213
3.6809763
3.0897746
3.0565959
3.4753007
3.4412829
3.3844310
2.9073406
3.4039485
3.2030426
3.2701448
3.7479494
3.1988011
3.4926220
3.7507321
3.6923973
4.4143323
3.2668757
3.7719153
4.0784723
3.0150919
3.5019659
3.3256812
3.9995437
3.9573361
3.5476214
3.5808229
3.2041789
3.8475718
3.3809598
4.0425542
3.6356055
4.0514811
3.5261418
3.9317369
4.2749439
3.8364845
3.9420427
3.9370059
3.8735160
3.7802503
4.1172533
3.9345376
4.0643197
4.0044372
4.2520924
4.6002373
4.4378695
5.4278101
4.2610049
4.3974503
4.2746793
4.4860601
4.4021517
4.7227832
5.0969367
4.8804420
4.4887233
5.1538656
5.0226931
4.5534524
5.1220653
4.7506155
4.8365191
4.4238894
4.6442821
4.8985795
5.0980692
4.8266264
4.6312052
4.7690912
4.8061393
5.0973691
5.2075658
5.0129664
4.8235439
5.0185193
4.4440504
4.5910682
4.9957808
4.5650889
4.9578510
4.8733331
4.8193674
4.6502532
5.1176703
5.0040174
4.8407175
5.3218564
4.7801287
4.6371394
5.3038745
4.6949262
5.2011861
4.9000359
5.2305531
4.5517302
5.4090978
5.3032854
5.4393715
5.2635262
5.3445545
4.8826460
5.1672972
4.7974263
4.6211015
4.4776323
4.8555802
4.8274149
5.0917952
4.7706438
4.7696496
4.2972347
4.9812325
4.9808120
5.2065145
4.0714927
4.3258371
4.1254073
4.7259848
4.4911476
3.9910295
4.3345075
4.3921069
3.7720904
4.3481075
4.0231271
3.4966332
3.5078718
3.7744524
3.5692998
3.3602540
2.9661616
3.3727978
2.6306380
3.3493819
2.7381034
2.5981608
3.2186843
2.5908011
3.4015581
2.9761675
3.0633823
3.2699488
2.5717004
3.4964123
4.0773789
4.5488633
3.5067414
3.4247764
3.2079924
3.2787580
4.2022335
3.4726695
3.1656813
3.7133126
2.2388989
2.0177277
2.9352504
2.1333248
1.7763098
1.3795646
3.0355260
2.7363113
2.9825269
3.5110676
2.2296163
1.0107312
3.2952047
3.0460506
2.0870684
3.8148640
1.7323424
1.8386534
2.2422982
3.2704352
2.3373028
1.6581914
1.6353828
1.9772709
2.2166303
2.5483888
2.1024062
0.9575748
0.5880724
2.8575459
0.7029367
1.1033597
1.2203722
2.6307904
1.6233294
1.3834330
1.2562340
0.9397227
0.9377335
0.6617528
1.6167021
0.6485019
0.3554269
0.7261336
1.0840035
2.2894532
0.8596814
1.4526323
1.9890335
1.2873685
2.1726632
2.1469936
1.0651005
1.5192248
1.6343406
1.2566200
1.7501717
1.9320388
1.3071769
1.6682098
4.0736006
1.3072077
2.3612127
3.8730490
3.1178510
4.5525657
4.0426633
5.3243928
5.7409754
4.4732459
4.3024963
6.1294022
4.7652386
4.9305072
3.5973701
5.7771990
5.2746522
5.3078775
3.5193649
4.2764143
4.2812450
4.5258557
4.7414900
4.5350192
3.7324761
3.3439857
3.5123525
3.5079730
4.3048398
3.3927772
2.3947728
3.9566961
2.5604306
5.1669401
4.3182358
3.5513575
5.5537644
3.5671325
3.7628261
4.1043523
3.8061148
3.7885841
4.7630990
9.4735851
8.4589312
6.7285743
5.1670356
3.5827349
4.5997737
4.1616352
5.6940599
5.1401269
4.9364295
5.7480567
4.4557450
4.2678169
5.6658195
1.6835574
1.1072618
2.4262251
1.4690380
0.8798117
5.9301048
4.5884833
5.0835525
3.0328278
3.1821072
3.9728659
5.3082651
6.7989003
2.4111622
3.3886812
6.0191693
3.1198252
2.2040937
1.4832934
3.4506183
4.2200799
3.0360844
2.9318102
4.9885316
4.0222984
3.8152005
4.1910134
4.2608418
2.6106489
5.0484161
3.9737438
3.7314743
3.9720244
3.3585124
1.7252346
1.9859750
1.7147885
2.6067380
3.3331301
2.8122423
4.1671664
3.7668116
3.4560170
4.1093160
2.6791535
2.9466297
2.3782830
3.4664091
3.9306952
3.1364947
3.7411899
2.9758191
2.5080509
5.0141196
2.9670910
3.5386344
4.2146529
3.5332358
6.7699823
4.2543714
3.4325922
4.9053312
2.4899004
3.7279764
3.1443460
1.9779817
2.5588833
2.2006976
1.5401019
2.4155296
1.7185656
2.5635033
3.1767453
1.4017992
1.1514220
4.2388089
0.5589286
0.3042348
2.1425044
2.2414966
0.4110744
1.6257818
2.3436194
1.6658272
0.7892520
3.1785775
2.2255875
1.4510599
5.2038382
4.8550924
1.6918152
2.8284585
4.3113717
6.1094581
3.5903393
5.7928099
3.0834441
3.1952479
1.2338616
0.8108802
0.4527745
1.9153550
1.5031351
3.3136565
3.1818567
2.0121028
1.2220598
1.2147189
1.3185222
1.0168428
2.5878197
1.3122787
0.7472904
1.5988371
1.0462802
1.0006646
1.2224336
2.7200010
4.0203033
1.4806029
1.3776623
1.8298663
4.7932344
3.2256966
6.3532514
3.1821086
6.5151699
2.4588125
3.7952258
2.8023874
2.4189316
4.4653540
5.7010739
7.3125014
3.5313968
3.2642274
2.2477556
2.1472978
1.4947623
1.9707525
2.8325069
1.8405181
2.4226857
2.1188454
1.1087804
1.2127572
1.8052255
2.3973595
2.9175793
2.2360906
1.7826933
1.9997414
1.7184974
1.8125362
2.5351306
2.2900268
3.0446972
1.7575304
2.5090462
2.2802739
3.0327706
1.6672175
2.6094135
2.4713245
2.9209172
2.6398938
2.4401078
2.7180008
3.4354239
2.9585271
2.8812600
3.9293464
2.6557939
3.5195532
4.5104301
3.1628130
3.2223078
3.8658871
5.0466417
3.7211775
4.2892456
3.4162855
3.4485894
3.9118522
4.0174929
4.5223865
5.1703668
3.8673274
3.4556838
4.0302234
3.4210761
5.2417877
4.2303064
4.9335424
4.1398186
3.4645455
3.4512955
3.0882796
2.8947253
3.5338745
2.2542909
2.9110601
3.2881314
3.6961281
2.1107449
2.7323408
2.7363730
3.1305251
3.2474861
3.3406968
3.0669333
3.9905350
3.7372101
3.1491674
2.8292346
2.4442965
2.9087460
2.3884552
2.9039850
3.1445987
2.4475450
2.9136187
2.7296345
3.0437751
3.3833358
3.1159263
3.4494779
3.5659516
3.1453995
2.8340237
3.9373538
3.1676488
2.6418210
3.5966023
2.8021100
3.0744914
2.3891090
3.3621254
3.0278063
3.0983651
2.8027181
3.3036409
3.5512865
3.8106708
4.0577454
2.7708962
3.3619488
4.0266740
3.3081573
3.9738766
2.8081175
3.7109327
3.7748522
3.5304726
3.8266359
3.2938197
2.6864416
3.0923430
3.5536061
3.4792917
3.1999692
3.8450087
3.7067522
3.4659241
3.2810604
2.8748988
3.6293802
3.3397901
2.7751560
3.7803836
3.3358753
3.3246736
2.8136415
3.0190259
2.8899362
3.2383520
3.2020702
2.8557272
2.6886219
3.0130296
3.2084057
2.7786565
2.9081547
3.3450167
3.0141577
3.2267395
2.8485920
3.2474830
3.0734421
3.0706740
3.0267731
2.8953305
2.6757879
2.7558907
3.2755017
2.8256078
2.6691584
2.8596876
3.1356518
2.9611603
3.0662309
3.2315758
2.8673265
2.8387215
2.8266188
2.5075084
2.9565664
2.8684356
2.8160764
3.2340826
2.6175408
2.7007894
2.7214975
2.9072798
2.5362597
2.8040644
2.7613261
3.0546950
3.6747351
2.7322395
3.1411537
2.9309460
3.2375539
2.5037977
2.7002801
3.1427737
2.7324406
3.7532648
4.0770177
2.9515561
3.3466059
3.4653791
3.4364245
3.1203365
2.5731786
3.0243810
2.9119483
2.7431743
2.9529744
3.2221423
2.8742581
3.0547371
3.0547032
3.4262616
2.8813816
2.9836043
3.5039748
3.3299325
3.3019981
2.5344475
2.8062250
3.6465694
3.6347331
2.8478780
1.5939444
2.4807647
3.1648939
1.6965233
2.2073414
3.1559401
3.1401927
2.3396241
2.6329514
2.0273102
2.4975184
1.6262716
3.6358106
1.6795744
2.4747894
1.9786471
2.7209028
1.8299320
2.3776686
3.3108029
2.4139420
2.6216504
2.1946850
2.7993538
2.1861637
2.8354723
2.3459637
2.4613658
1.6576754
1.3647773
1.8467747
1.9293280
1.2192122
1.3362897
1.5052959
2.0466553
0.8875105
1.1689288
1.2497463
0.3657779
2.4758308
1.7177168
2.0855634
1.9387640
1.6375025
0.9980534
1.3417544
1.4737718
0.4401153
0.8839837
0.6613237
1.0132404
0.9151822
0.8097767
0.7152419
0.5894940
1.5360715
1.0606168
0.3511241
1.0074536
0.5926393
0.5159728
0.6601599
1.2041612
1.6623402
0.3972349
1.1339560
2.0773647
1.2437977
2.1303318
0.8185646
1.2392405
0.8953342
0.9139710
2.6949208
2.9544211
1.0424276
2.8826707
2.1750272
6.0306829
3.3405097
1.5706235
2.0098788
5.1087347
3.6875183
1.2782379
3.4143632
2.2344494
1.9248757
0.9107245
3.0679390
2.5193802
2.9885659
1.7422694
1.6764498
2.4109748
4.4562741
2.2818180
4.2161542
4.1727350
3.7509283
3.0940692
3.0907029
4.1711400
2.4072246
4.8327257
4.2406358
4.3743913
3.4680928
4.6888663
5.5952003
4.0227470
4.4878094
3.8822156
4.4130344
5.4333421
4.3017888
4.1273766
4.5124148
2.8895061
5.8515784
5.7985211
4.5871574
5.1210757
4.1863047
4.0679284
5.3235795
4.7945816
5.7555567
3.9463874
1.9764771
2.9292630
2.2339772
1.5654444
1.6576304
1.8720270
1.7510258
0.9286693
1.3066642
2.2060031
2.0611665
1.2983013
0.7105632
1.4953252
1.0167402
1.5784971
1.5170569
2.9821198
2.8083147
1.7917104
2.3557783
1.4719681
3.0284437
5.0014507
2.7793646
2.6832558
4.6326032
2.1315937
2.8943840
3.1820510
3.3399111
2.6854619
4.9089649
2.9839804
3.3397450
3.3879197
3.6511023
3.7453897
2.9410907
4.3909340
2.8419150
5.0360780
3.5263966
4.4015067
4.1350265
6.0188446
2.6036800
4.2707812
2.2359183
2.6897776
4.3389166
3.5777990
2.0560405
1.5023203
1.0460463
1.0109242
1.3768338
1.8265399
0.9512217
0.6676949
0.8651584
0.8154666
1.9841653
2.7970156
4.3494394
1.6372570
2.0265239
3.5364485
2.5900211
1.3387847
2.7088902
2.0561335
3.8175271
4.1680799
4.6824374
4.3851693
3.2592465
2.7441807
3.5495643
3.5388338
4.5806011
3.1755612
3.8313352
2.8878852
4.2487747
2.4528808
3.4464358
4.6430064
3.0406516
3.7235568
2.2250913
3.0096258
3.4953746
3.7782319
5.5625095
4.1185441
4.2960802
2.9529502
3.7966311
3.3007855
2.4192330
3.6721929
3.4299286
4.4565213
4.9621536
2.3802250
2.9371716
2.2973580
1.7131377
3.7419915
4.0117038
3.3461790
4.1139580
3.8819452
2.6250191
0.4077655
1.4849016
1.8906104
1.1157277
0.7349780
1.0333553
2.7229734
2.0029788
2.1322767
2.2972835
2.2634396
1.8079334
1.7230459
1.7864737
3.1438698
1.4461000
1.6196784
0.8801279
2.2708690
1.9624942
2.1278297
1.4749078
3.2886236
3.3769196
2.6133307
2.9195890
3.1699533
2.2495957
1.2904197
2.0059259
2.8294267
2.9621528
3.2283762
2.1434312
2.2719477
2.4830486
2.3474757
1.4831374
2.4423519
1.2777746
0.8723398
0.7206400
0.6725906
1.6274529
0.8131900
1.7721118
3.8312833
1.7087035
0.7110383
1.0228122
0.7367815
2.6834200
1.9900471
2.9785512
1.2529405
0.3413095
0.8951127
1.2885226
2.5945991
2.4920445
1.6854806
2.7012291
1.6978186
2.1758432
3.2812948
2.2982401
2.1218457
3.0616640
1.3427975
1.8168014
2.3794887
2.5025751
2.7019733
1.8779784
2.1091950
1.6744300
2.2026915
2.7091963
2.2639767
2.3234334
2.0126003
5.0255326
3.6981784
3.2491459
3.2936210
3.1008789
1.4289650
3.7462976
2.7244956
2.5143857
2.0911042
2.9544280
1.9824356
2.8252457
1.5341053
4.3145308
4.3179992
3.2153084
1.4332030
2.0239412
1.9152370
2.0050246
3.5273913
2.0329566
1.5862118
2.7867928
2.3950118
1.0449535
2.9669091
0.3531596
1.3367249
1.0852298
0.2466699
2.2030667
1.4607120
0.5225547
1.0521966
1.4678851
1.5151698
2.1790698
0.9671097
1.0567722
0.2639099
1.1351814
1.7262209
1.3965004
1.1169061
1.6832546
0.6207986
0.2920061
1.2449430
0.6795136
0.2319558
1.8479672
0.5829672
2.7178393
2.1805021
1.5415889
2.3911362
1.7537539
3.4253147
1.4553840
1.5170251
4.7538834
1.7140335
0.9068012
2.0017154
0.8227734
0.5826670
0.4592882
1.5400527
1.7205212
0.5563521
0.3391238
1.2188242
1.3779721
2.4686693
1.6613331
1.1396880
1.7862180
0.6232775
1.1335899
1.7254289
1.8629821
1.6255499
2.6312644
2.3781239
1.1794097
2.2327692
3.3771955
1.9932779
1.8196664
0.7115626
1.6891368
3.2242392
2.4327472
2.5276511
1.8040170
1.9894650
2.2398765
1.7033898
3.7634571
2.3965202
1.6156606
1.1752021
1.1890117
1.8549731
1.8582499
0.9205363
2.3350886
1.5994930
0.5972911
2.2994491
1.1635034
1.2680296
1.9228592
2.0274691
1.1884911
1.9229844
1.5914490
0.9995301
0.3009412
0.6450250
0.7871890
0.9707061
0.1977500
0.7381131
1.1854370
1.2831151
0.7592288
1.5331245
1.0089277
0.6152476
0.5257427
0.8401163
1.7786210
1.3495297
2.1679745
0.3616938
1.3965005
1.0217873
0.2587213
0.7635660
0.4095059
0.5869064
1.0968502
1.3930743
0.5821420
1.0809011
2.4847529
0.9608756
3.7672516
0.7674814
0.9949018
1.0702255
0.6181357
0.3183337
0.4111329
1.3645613
2.7522151
1.0613872
2.0753143
1.7428850
1.7674720
1.8906967
3.9838354
1.8709609
3.6626630
2.4815061
1.9230574
4.0022091
1.5292398
2.0966949
2.6734746
2.2479303
2.0046098
1.4298236
2.1408561
0.9640538
1.7409278
2.6373734
1.7191910
1.4899687
1.0408988
2.4481533
1.7803997
1.0213105
0.4769754
1.4128020
0.6111420
0.2122713
1.3715792
0.9868026
0.1995337
0.1439493
0.3589377
0.3955881
0.5283321
1.2532985
1.0433985
1.3881434
0.5830167
0.9652808
0.4981976
0.8972924
1.0785997
1.3523219
1.9871977
3.5742725
1.1641883
4.1890189
0.8519288
0.2385591
1.7953678
2.0442626
3.1690658
0.6408681
2.1198223
1.2496706
2.3290962
3.3420568
2.4763348
1.3740087
1.4443319
1.3581502
1.9849006
1.0530812
1.4453843
2.9122247
2.1145152
2.3835006
4.0572539
1.5823058
0.9570702
1.5418603
1.3704615
0.7034182
1.1568373
1.9972480
0.6294088
0.4184807
0.9359096
0.2860231
1.0046135
0.6700756
1.8777303
0.6246401
2.0514415
0.4700563
0.7659095
2.1607464
2.8727645
0.9424184
0.8176788
1.6540350
1.2049034
1.1528254
1.4731085
0.4353417
1.4046388
3.5686190
1.3196155
1.3160878
1.3066926
1.0710325
1.9722474
0.6776952
1.2688162
1.4858433
1.8590499
1.2226043
1.7891235
0.7912672
1.3406847
0.5295341
1.3816458
0.9674906
1.6539274
1.6869644
1.1431376
1.2266317
1.0510958
0.7660817
1.1938776
0.9954494
0.7929335
1.1332143
1.3237628
0.7998471
1.0014459
0.9926216
0.5072801
1.2492326
0.9579493
0.9396419
0.6311894
1.1273094
0.7639844
2.0632556
0.8001963
1.0150632
1.5628239
1.2390476
0.6904406
0.3007447
0.4765395
0.4930293
0.1842630
1.4563066
0.6486914
0.8407748
0.8791264
0.3759504
0.9050068
0.9079189
0.5158402
0.3142703
0.6809123
0.4755658
0.6143263
1.8496090
0.7023214
1.1083960
0.4307604
1.0444909
0.5094599
0.7161964
1.5366335
2.4118376
1.3458637
1.3683291
1.3878374
1.5883740
0.6954715
0.4772802
1.5129683
1.6289967
3.7167868
1.6466742
1.6502832
0.9688162
1.0148630
0.5528368
0.8676736
1.1940362
0.4045268
1.3633464
0.6071039
1.9859149
1.2073093
0.2403911
0.9457003
0.8167065
0.2474647
0.9421560
0.8303383
0.6838931
0.5654076
0.7272939
0.6535030
1.0481730
0.8508014
0.6809783
0.6063211
0.5536880
0.4638986
0.6986322
1.1594887
1.0458559
0.8596164
0.4897720
0.5814269
0.5949234
0.2367625
0.4809602
0.6520244
0.6597604
0.8109205
0.5767091
0.4482635
0.4402449
0.5573532
0.4925240
0.5282386
0.5304202
0.9395066
0.3809316
0.6037860
0.6132765
0.1227319
0.4019158
0.8182577
0.2200489
0.4448103
0.5446255
0.5155162
0.7101558
0.8310608
0.5056439
0.5565220
0.6422323
0.4103806
1.0089724
0.7524282
0.7310638
0.8784744
1.3817986
1.1477132
0.8273127
0.9630178
0.6977340
0.6620611
1.2426279
0.3122502
0.6979923
1.2006197
1.3217203
1.0124994
1.2387561
1.6894796
1.0157297
1.3482768
2.2068561
0.8451470
1.0876079
1.1503939
0.2867596
0.7628944
1.5691421
0.6474197
0.9174951
1.0186173
1.3508274
1.2534073
0.8679377
0.4108918
0.7091873
0.7647345
1.9025269
1.2392612
1.9929071
0.6299245
0.8899920
0.4184711
0.6987087
0.8208784
0.8041483
1.0598250
2.0320368
1.5559562
0.2857346
0.5857499
1.1600694
1.1087567
0.7341728
0.8191431
1.4055860
1.2775804
0.6962302
2.1527289
1.4897562
1.3403585
1.7024591
2.3336899
1.3050158
1.1239680
0.9293365
1.8951784
1.4423911
1.6930572
1.0310742
1.6897294
1.8331651
1.4587943
1.4104805
1.2187650
2.2604153
1.4985143
1.2604714
0.8134310
0.8672669
1.7301376
1.3273178
1.8489255
1.1880887
1.6058321
1.9793625
1.5933753
2.5081849
1.6236553
2.4659360
2.2995295
2.0078169
2.6278165
1.8805412
2.1837942
2.5455689
3.0045627
2.2101782
2.7576016
2.8713018
2.9025921
2.4364514
2.4502629
2.6595757
2.7503440
2.1344052
2.3423486
2.6336804
2.5885651
1.5809021
2.5123374
1.7545052
1.5084523
1.7861365
1.2510100
0.8418999
1.3054165
1.8245899
1.0330845
1.5369563
1.3662105
2.8633087
1.4909507
1.8569666
1.4995991
1.3685259
1.0790330
1.9258089
1.7384162
1.6189311
1.6249892
1.3937540
1.3442815
1.7606583
0.9526079
0.8333438
1.1635957
1.2689518
1.4785566
1.1537340
2.0285325
2.1237791
2.4637020
2.2337253
3.0401915
2.3610288
2.8126929
2.6570621
1.8722074
2.7043966
2.6736595
2.7493586
2.5150445
2.6447190
2.3940139
2.6168012
1.4703477
1.3546998
1.6183765
1.3837913
1.7478212
1.6582134
2.0666554
1.4975495
1.5267720
1.9019201
1.1314435
2.3644919
1.3060112
0.8951171
1.2092920
1.7832019
1.9340645
1.6807537
1.2431199
1.5289504
1.0263977
0.8702843
1.8063082
0.7851974
0.8660889
3.0545517
2.0547477
0.8059060
3.0163409
2.4791184
1.2847246
1.3186877
2.2532694
1.5666014
2.6592010
3.5186211
1.5697723
1.5595455
1.7155809
1.9068054
2.2259081
2.9691712
3.2828260
3.5333863
2.9826967
2.4445060
3.8868133
3.8659978
2.5553556
3.1079592
1.5876870
1.1430797
2.7635373
2.0405915
0.7439529
1.9759450
1.7539836
2.2012385
2.4225026
2.0277362
1.4728421
2.1341989
2.1547158
3.2426413
2.3022335
1.6241236
2.1841214
2.2106114
1.8523998
1.9389501
1.0994653
1.3428196
0.8838624
1.6798933
4.3637882
1.2062776
1.8210884
2.2953663
2.4859243
2.3514926
2.5571588
2.8578847
3.3688893
2.9781076
1.2296979
2.3951876
2.7891264
2.0117553
3.0713490
2.5230754
2.5461769
1.6364360
1.6925948
2.8718373
2.4975529
2.4027005
2.2290230
2.4946291
3.8257590
0.9204204
1.2577324
2.9027283
1.9694122
3.0233045
2.6097224
2.8182966
3.3668009
2.8584067
3.4214507
1.7198487
2.1170645
2.9554892
2.5723579
2.4926111
3.4324223
2.7012734
3.2014110
2.4285516
3.9128354
2.9316987
4.7520709
3.6439297
3.2471176
3.1517354
4.0298183
3.5299190
2.4335958
3.6357413
4.0559260
3.8641491
3.3899400
4.4355884
3.8059554
3.4180109
2.3432093
2.4985231
2.5594808
3.7046374
2.8007994
2.4641644
2.7882156
3.2064538
2.9435753
3.4499168
2.2743357
3.2170509
2.4529363
2.3376983
1.5267349
2.6976295
1.2898384
2.3154682
2.3219250
0.8646045
0.8500024
0.8901106
1.5389471
0.3353353
2.3283363
1.1189214
2.0112578
0.6270709
1.1875181
1.1302279
1.7288241
1.3567618
1.6873401
1.0120380
1.1760723
2.0247638
1.0934733
1.9792683
1.1202587
0.8102737
2.0298709
2.2937452
1.2587934
1.6562368
1.3747714
1.4888036
1.7040016
1.4577772
3.0231035
1.2210744
1.2242853
1.2208530
0.9944277
2.2042375
2.6069142
1.3544953
1.1006395
2.6216806
0.5339114
2.4610100
1.1140597
1.7660111
2.2375926
2.7674333
2.5513968
1.9561950
1.8246770
2.0118709
1.1532488
2.3148739
1.5280132
1.5388565
3.0322561
1.6878870
2.7044789
1.3227046
1.0424718
2.3738602
2.5569628
0.9255843
3.3234681
2.2397126
2.1358019
1.3502714
1.5691077
1.5794830
2.1670788
1.3745823
1.3184062
2.3082367
2.1762444
2.3049261
3.0015003
2.6665179
1.8831664
3.6183245
2.4278731
2.4066182
2.5582457
2.0488488
1.8892062
1.9850353
2.8658623
2.3203761
2.6807757
3.2646379
2.9928784
3.0738982
1.8734459
2.4475931
2.9076011
2.1685957
2.2551477
2.4972544
2.0699339
2.8070109
1.7012420
2.3531955
2.7794639
2.5522318
1.9666611
1.9577361
2.5953717
3.7955437
3.7224797
3.0318727
3.9927479
3.6489270
2.2186586
3.8028300
3.3122953
3.4798604
3.4809108
3.0188278
3.1986906
4.1457761
3.7473066
2.6897698
3.1691615
2.8317315
3.1449576
3.1782402
3.0336850
3.2855586
2.5499034
3.0986340
4.1308368
3.7046112
3.6389380
2.5362070
1.6492179
1.9549072
2.9721576
1.8942086
3.6108897
3.1994931
2.5987880
4.0776203
4.5208709
3.8235452
3.6252591
3.6143994
4.1793871
4.2256727
3.6369542
4.8388926
4.0795334
4.2303663
5.0265022
3.6991348
1.8362564
2.3506290
4.3268029
2.9678577
4.1698622
3.2385157
3.6523851
2.5736412
3.8196546
1.7088181
2.0992712
2.8332401
2.8853684
2.3091753
2.9952829
2.3956816
2.1385763
2.7455611
2.6785160
2.8345456
2.3726300
2.6563733
4.9143707
2.4323466
2.6307966
2.2870342
2.9902764
2.3895283
2.9785439
1.8658847
2.5043903
2.0554003
3.1586167
3.4399435
1.4074065
1.9995998
1.9608660
1.8211139
2.6119599
3.2503793
2.0254136
1.9877855
1.3683140
3.2181049
1.1662193
3.1006451
3.0040841
4.0932884
2.9514815
1.2173977
2.8286132
0.7256902
1.3363248
3.9113894
1.5165873
2.9733598
0.8100298
3.1424513
2.3354413
2.8554092
1.7342086
3.5789674
3.0971768
3.2617607
3.1873019
3.8990738
4.5045714
3.5762158
3.1464363
2.4188978
2.0827860
1.8748781
1.1774883
1.9249196
1.5074382
2.3611224
2.0605818
1.3957241
1.8622186
2.3396165
2.3726219
1.2621037
1.8818535
2.1459057
1.9018756
1.6369729
1.9471172
2.2743705
2.0318188
1.2405488
1.7209155
1.0651437
1.0347411
1.4636277
1.2728181
0.9959630
0.8096316
2.2865596
1.5921195
1.4845142
1.7645436
1.8460599
1.6510905
2.4629337
1.8898044
2.2207120
1.8519482
2.3740332
2.2304802
3.2565300
3.3074369
4.2498620
4.3249300
1.9055607
1.9416084
1.4047387
3.3274987
2.4430655
2.6035575
3.2637659
2.6462321
2.2970289
2.9400805
3.6884060
2.6354357
2.2118790
2.6457168
2.8570711
2.1974601
1.9625604
2.5097715
2.3110929
3.0242738
1.8509263
2.0587495
3.0675566
2.7309650
3.2634090
3.3388619
2.6682494
3.3491588
3.1596018
3.2409689
2.6973566
5.2863317
2.7753988
2.3798016
2.8507007
4.4660955
1.4456735
1.2012201
2.7027506
4.3939135
1.9580981
2.5191582
2.1239007
2.2743703
1.3982659
1.7713153
1.4939785
2.4634977
1.5495646
1.5661629
2.8973931
2.0497934
1.9395066
4.0286680
2.7165789
3.1205080
2.4374685
1.0520778
2.3499973
6.0778510
3.1105604
2.6068829
2.7357786
2.0801817
2.9628780
2.8526954
2.3489814
1.9278442
1.4080182
3.4762375
1.5995709
1.9655472
1.3066588
2.5645414
1.6804853
1.5626891
2.3012444
0.2622316
1.3439198
2.1804630
0.9117477
2.3627902
1.2571074
0.6564558
1.4341888
1.1524480
1.4400245
1.7553388
0.9858836
1.6035813
1.4337939
2.0316651
1.0573577
0.9957349
0.7960682
1.3185870
2.2134124
1.0828925
0.4164322
0.7177159
1.3834858
0.9944445
1.4194299
2.4711156
0.9624600
1.6489277
3.5719195
1.6135022
3.7797148
0.6467543
3.1796732
2.4477178
1.2534536
3.1165647
1.1407999
2.5878329
2.2691110
2.6241246
2.6241284
2.0582697
5.8577115
3.1933465
1.6912823
3.2604974
5.9465572
4.1788054
6.9345393
5.1196935
3.5755613
1.5004227
2.4239395
3.2221527
2.6619295
2.8416859
1.8011362
0.7488588
1.7647519
0.2782686
2.8954662
3.0186007
2.6834867
1.2882309
1.5215995
1.3808009
2.2141179
1.9597188
1.5846492
1.0770580
0.7324685
2.6175681
2.5079773
2.4593508
1.4255922
1.2707381
1.9540336
1.4185049
0.7958911
1.3147993
1.0768538
2.1398537
1.4155583
2.1443858
1.6851610
1.6235035
1.9506708
3.9519332
1.5306351
0.9727115
2.4888927
2.2068861
1.3799179
2.6994017
1.2593222
1.1039844
1.1886005
2.2039471
1.6471276
1.1142047
3.6176644
1.2245166
2.8964971
3.8762863
3.9270412
2.2342226
0.8842944
2.6895405
1.8149634
2.8854162
3.6119646
0.4498943
4.0441984
1.0088902
1.4818313
2.4161209
1.4348919
1.4463564
2.0756604
2.1612534
1.4331435
1.2267680
2.3001371
0.2395697
0.9930243
0.9399392
2.2281275
1.2432654
1.1868838
1.0248835
1.0858473
1.5140833
0.9375606
0.8282862
0.8076120
1.6124349
1.1526294
0.6843726
1.0667377
0.4560349
1.7256368
1.2214009
1.5073807
0.3908004
1.6134939
1.4140290
1.3297507
1.1516542
0.7788124
1.2831343
1.2594413
1.6823347
0.5973537
1.8261046
1.4441755
1.4302045
2.0126921
1.3810295
2.0436144
1.5971208
1.5865352
2.3068984
1.5023856
1.7815417
2.0825810
2.0252604
1.2895402
1.6380368
1.0348834
1.1436529
1.5950127
3.1164361
1.6481315
1.8412129
1.8056314
1.8529617
1.2590974
2.1676218
2.0067911
2.1446308
1.5918525
1.4769337
2.1659415
1.5755059
0.8736807
1.9982623
1.8148149
1.3533049
0.8140686
0.5034811
1.5792831
1.0767502
1.6605962
0.9610199
1.2241244
1.2941516
1.2113284
1.5810543
1.0431281
1.5142204
2.0895394
1.0867718
1.0972501
0.6120375
1.0749860
2.2527862
0.8768403
1.8012542
2.1450693
1.2694026
1.1383266
1.7910269
1.7828052
1.4762233
0.7963239
1.1649393
1.2384434
2.1376953
1.3788912
1.4204802
1.5745136
1.3801497
0.6832692
1.6361664
1.2298974
0.8213760
1.1618911
1.2817382
1.2246377
2.2128883
0.6933870
0.7998032
1.3886315
0.7497372
0.9232230
1.1704440
0.6182773
1.6873338
0.7426081
1.3585053
1.8071055
1.5911911
1.6360551
0.9592937
1.1202814
1.2998043
3.2166380
2.1824685
0.8935370
1.4869063
1.3367645
0.7536231
0.7555735
1.4782605
1.6756574
1.8915808
2.3470328
1.4627034
1.8741849
2.2053546
2.6056082
2.0008099
1.9065072
1.6914477
2.1614678
1.9223944
3.2168568
1.4529356
1.9104309
0.8839386
1.0433669
0.8957900
1.4418926
1.3848692
2.3435846
0.9401914
1.9821799
2.1871387
0.7780047
1.5095420
1.0667483
1.3972817
1.0921884
1.6654835
1.9262009
2.1317147
2.1935477
1.1361789
1.9429558
1.3766064
1.1020347
1.3999325
2.1823696
0.4068334
0.8374601
1.1464737
0.4089031
2.2448537
1.3504572
1.6636556
3.0014565
2.8885731
3.4656656
2.7605035
2.9086661
2.0060334
2.3315929
3.6074377
2.9830083
5.6697244
2.5469602
2.2405157
1.8825396
3.0916553
3.2679458
3.0392769
3.1658021
2.8429868
1.1630091
1.8455050
2.0809601
3.1676553
2.8959066
1.2267497
2.3769360
2.5576424
2.7679729
2.2946386
1.1563313
1.9498261
1.7237139
2.8283122
2.8639723
2.1247679
1.8076001
1.7621795
2.1421640
0.9264821
1.9045114
1.8252772
1.6670338
2.1512351
0.8650301
2.2988988
1.8374684
0.9462670
1.0910155
1.1563596
1.2670167
1.7931010
1.3013643
1.6112631
1.3499505
2.3544307
1.3568359
1.7771262
1.4983203
2.1890981
1.0403391
0.8190280
1.0498435
1.9265191
2.3773918
2.6593851
3.1845162
1.9201663
1.6959711
2.0508344
1.8216915
1.9740713
2.7749498
2.2527513
2.3682684
2.4671055
2.2233046
2.8935667
2.4279340
2.0080120
2.1047981
2.1676102
2.9735037
2.3568928
2.0176481
2.7108822
2.6501201
2.2880559
1.7322708
2.6712638
2.1051659
2.8786192
2.9741996
3.0073728
3.3266781
2.6503385
1.9343625
3.4392983
2.3293998
2.6681898
3.3517073
3.1441383
2.7451684
2.1483726
2.6854258
2.7011908
4.2987483
3.5569595
2.6975693
3.2704582
3.9413438
3.3666965
4.2710219
3.2926674
3.4492164
4.4072862
3.6352617
3.7961323
3.8928053
3.6975405
3.5171016
4.9380693
3.2929069
3.0836742
2.7880971
3.3377255
3.0375725
3.5805573
4.7279398
3.4867245
2.8055033
3.1908313
2.1974947
3.5127011
4.2063471
3.6048450
3.1483784
3.8015815
2.7321320
4.1345750
3.3091719
2.8398743
3.1001644
3.4398515
2.2060653
2.3929361
3.1186888
5.5257657
1.4378842
3.5816382
2.7820806
2.9730802
2.7738967
3.3156379
2.5930298
4.6461145
4.4461003
3.0946373
1.9329098
3.2520805
1.1622664
1.7837010
2.2688232
2.1961716
3.2391045
2.3589622
1.9162921
1.6357180
1.0232274
1.1250753
2.5469644
2.8431406
1.5084255
1.5100316
1.6959982
0.9203606
1.1051537
2.2956592
1.5013371
2.2100317
2.7056898
2.2023004
1.6659712
1.3145113
1.1677205
1.2903540
1.8285445
2.0831485
2.2865031
1.3311363
1.3773029
1.6332393
2.2058553
1.5728939
1.5924871
1.1809237
2.5820127
3.3802575
1.3977055
2.0813728
1.7905781
1.6907400
0.9413430
1.9159313
1.9294296
1.5785660
2.1850918
1.9792782
1.5208581
2.2274726
1.8457039
1.8253608
2.0327509
1.6141468
2.1921346
1.6998093
2.5264875
1.4215307
2.3952776
2.2843987
3.7782829
2.0549664
4.0785543
2.2636592
2.1963958
2.1632281
2.6606853
2.2620688
4.2231410
3.0026904
1.9406731
2.7987373
1.5094430
2.4934341
1.8109680
3.1615148
2.4200429
2.6619151
1.5840583
2.7233491
3.6901918
2.5751095
2.3325444
2.1724543
1.1933753
1.5182240
1.6128977
2.1675674
1.0901687
1.1929120
3.6776289
1.3893289
0.7076341
1.3475090
1.3878132
3.8834448
0.3664505
0.9937581
2.5985670
0.6752353
0.7807590
1.8126685
0.4026672
0.3414647
1.3749670
1.2764265
0.7407430
0.4635176
0.8082882
1.1472072
0.6330870
0.8777520
2.3843296
1.6290269
1.4238526
0.9046841
0.7277107
0.8589531
0.4987570
1.3994598
0.8240944
0.2752445
0.5927211
1.4658071
0.1488048
0.4885167
0.6992686
0.3096521
1.0069851
1.8117171
0.4405488
0.7586036
0.3813654
0.7437429
0.4581358
0.6363034
0.3168615
0.4182692
0.8358647
0.5618801
1.1508187
1.0632095
1.2629695
1.1831240
1.1520618
0.6860325
0.4924808
1.2612305
0.5779451
1.4737428
1.5051797
2.2940727
1.8191360
1.5963612
3.3471308
3.3736679
3.2463272
4.0076986
4.0470348
2.9838159
4.0047543
2.7435983
2.8761314
2.5142819
0.5548903
4.0936378
3.6795134
1.3180211
3.0477547
3.1004037
1.8500844
1.7415104
2.0107666
1.8126404
2.0480704
2.2033298
2.0759549
2.2043912
2.2470026
2.1497741
2.5564931
2.7529552
2.1561499
2.1782414
2.9043637
2.2852640
1.7845695
2.7552357
2.0938306
1.8121967
2.3200136
2.9644656
3.7036156
3.4610016
4.0844738
3.5874800
5.2296017
3.2689783
4.9842749
4.4306903
4.8277093
4.1691211
5.0289646
6.5671787
2.3090028
5.4988767
5.6357724
5.8493186
3.4610866
4.0519870
5.0924880
4.9592188
5.3261666
4.4502147
4.4500200
5.7185001
6.0206381
3.2965077
2.2685405
1.9718355
2.3473059
2.2100041
2.0241866
2.1203397
1.5265443
1.5051006
3.0250880
3.6922152
2.2125687
2.1223313
2.7610450
1.8083321
2.4870636
1.9299237
1.4537118
2.1133838
1.7228808
2.1815871
2.7720629
2.6869298
3.5276882
3.0449966
2.5427539
2.5540255
3.0347291
3.2248567
2.7089757
2.6412616
2.7629657
2.5860360
3.9470425
4.0514410
3.3143462
3.6550133
5.2634254
3.0902286
3.9712852
2.9223284
2.7304379
3.3406681
2.5420954
2.6255247
3.0046965
2.9879806
3.2519899
2.4050990
2.9300979
3.2335577
3.3196798
3.1743133
3.1874383
2.6794234
2.5501259
1.8382872
3.1944486
3.1699592
3.0436314
2.2910236
2.4418692
2.9479338
2.2015826
2.9910218
3.5547930
3.0221819
2.3999426
3.1468571
2.4589409
2.3705662
2.6941032
1.6128727
2.2285738
2.5575378
3.4928753
2.7951989
3.0931948
2.9974528
3.2395216
4.0956666
4.5722776
3.4038871
4.1354468
2.8444756
2.7997775
3.8232205
4.0195245
2.4429339
3.5924485
3.2102785
5.1947008
3.0102875
2.9972765
3.2488515
3.9393273
4.1972205
4.0378304
3.7749299
4.4634588
4.0432776
4.7651105
3.2787872
3.2836568
3.1699032
2.7297353
2.6171639
3.4170713
3.5741026
3.2662093
3.3980465
3.2859036
3.6672828
2.9326545
3.0843776
3.0469402
2.6401768
3.7248614
3.0566894
3.5544467
2.7670312
2.8631314
1.1852729
2.1724492
3.0173414
2.9114368
3.0964222
2.4590540
3.0051660
1.7937099
2.4895386
2.4039552
1.8863002
2.5461349
2.6638493
2.1717108
1.9500321
2.1759264
1.9964535
1.9733290
1.6606349
1.4283045
1.3777879
1.7699246
1.7307220
0.7873740
1.2498035
0.9881175
1.0302473
1.4344284
1.8514991
1.9636633
1.7675352
0.9653236
1.3093998
1.2337171
1.1014685
1.5548283
1.7075903
0.9003890
1.9022020
1.7518950
1.7042922
1.9433615
2.2030818
1.2476197
0.8531543
1.1877984
1.4218211
1.0793639
1.0091738
0.8128524
0.4118136
0.6035457
0.9813123
1.0958084
0.7169513
0.9973463
1.3628445
0.9506374
1.0293668
0.7661630
0.4518060
0.7674822
0.3236004
0.9677335
0.8124456
0.7083821
0.7704338
0.8973384
1.6874761
0.9434213
0.8327328
1.1058323
0.5526148
0.7008161
0.7647304
0.8044071
1.3045671
0.2949509
1.0947866
0.3984321
1.7314086
0.2066363
0.9468864
0.6218001
1.1455319
0.7350647
1.6504738
0.5175502
0.8466612
1.4846289
2.0872338
1.8677332
1.2050287
1.2354782
1.5138340
1.4255364
2.9095301
1.4372584
2.1118859
0.9113099
2.1727117
2.4110913
2.2983156
0.7463937
0.1993779
1.8201905
0.9413794
1.5597761
1.3012042
2.2788920
1.5765337
0.8720769
1.0426422
0.8719365
1.2100456
2.0093049
2.4360436
3.2279777
1.8976979
1.4629559
2.6269224
1.5258263
1.3475108
2.2413162
3.8292746
2.0410036
2.7136954
2.0591558
1.4103022
1.4036280
1.9536180
1.5634142
1.7182059
1.6593253
1.3956504
2.9629091
1.9028729
1.8526026
2.6807245
1.9800474
1.9970125
2.0381407
1.9704921
2.0724901
2.2284452
2.3977746
2.3768819
2.2581602
2.1141854
2.3618299
2.4291280
2.4696769
2.1615230
2.2807561
2.2024124
2.0652674
1.9660656
2.0556643
2.6328139
2.5007419
2.1259209
2.3911298
2.0098670
2.0148806
2.1959723
1.7830668
1.7375120
1.7397574
1.5675709
1.7216421
1.6800022
1.5561403
1.6644440
1.6009934
1.3735633
1.0942620
1.3677967
1.3493817
1.1855503
1.1944213
1.4295562
1.3129397
1.2738994
1.3402603
1.3075032
1.0153247
1.4978417
0.9681494
1.5062641
0.8315267
0.8954901
0.9711736
1.1190466
1.2510027
1.1072572
0.7257408
0.7994361
1.0754355
0.6513392
1.0309491
0.8475247
0.7174758
1.0134050
0.7587739
1.1451334
0.8553381
1.7900986
0.8505689
0.9474897
0.8114011
0.8492946
1.1783257
0.4236348
1.0564297
1.3131793
1.0243788
0.7818904
0.5727027
0.7197238
0.7026709
1.0951399
0.7972863
0.5509293
0.9168033
0.3993245
0.4009095
0.6404144
0.8088040
1.1605729
1.0084661
1.0450489
0.6683329
1.0384567
1.7461237
1.6198318
1.4912042
0.9700471
1.4685240
1.2380459
1.1865850
0.9180588
0.8561910
0.8357166
0.6049033
1.1404016
0.7696752
0.6817043
0.1894320
0.6675263
0.5547435
1.2101063
0.7765182
0.6664604
1.0821442
0.6756215
1.4381996
0.7100197
1.0980331
1.5905853
0.5516111
0.5421936
0.8985093
0.6046647
1.0961696
0.8653347
0.4608749
1.2184590
0.9401785
1.0625055
0.7570861
0.8774920
0.8061021
1.2837361
0.6317305
1.1319079
0.5746163
0.5195610
1.0814182
0.4333096
1.4045458
0.8320391
0.9351064
0.8099727
1.1264453
0.4788324
0.7617905
0.5527982
0.9358852
1.0592552
1.7865502
0.4379148
0.3269733
1.0623628
0.8217980
0.3992856
1.0877432
1.0198027
0.6660218
0.5429716
0.9177917
0.4755945
0.7585730
0.4982808
0.2838151
0.5687836
0.9227331
0.8059288
1.2881123
1.0898000
0.9586392
0.8690706
0.6721095
0.6216512
1.0860137
1.0006667
0.6675420
0.9566775
1.4627973
1.3021863
1.1436567
1.0512810
0.6918760
1.2476468
0.8275468
0.8878223
0.9103547
1.0371111
1.3970663
1.3366876
1.4877911
0.9304962
0.7395879
1.2743368
1.2060516
0.9651502
1.9156067
1.2242429
0.7697428
1.4194552
1.1762576
1.1234946
1.3210739
0.9838391
0.7856088
1.5326676
1.0326873
1.0802512
0.8241643
0.8933917
1.1877547
0.7913553
1.4541564
0.9915939
1.1421076
0.9384127
0.9753098
1.2260656
0.9821932
1.0874114
1.1462469
1.3100960
0.8300333
1.4783626
1.2645759
0.9312228
1.3678431
1.5006946
0.9027899
1.0742180
1.4379452
1.3153260
1.0995588
0.7395298
1.1073890
1.3567223
0.9945218
1.2226527
0.8395544
0.8448975
0.5405770
1.0214365
0.8276429
0.9940109
0.6067968
1.2857182
1.0875603
1.3798138
1.2056892
0.7414612
1.2208703
0.5300301
0.7059964
0.7438166
0.8063066
0.6164213
0.5570860
0.3823646
1.0743571
0.3534286
1.1638786
0.4749823
1.7452599
0.2784461
0.4333702
0.5014527
0.6721179
1.0029863
1.0935242
1.7879223
1.4925984
0.9443376
0.8419373
0.7976252
1.7574081
3.2400494
2.2026493
2.5176783
1.3834952
1.2232851
1.3275731
1.7390465
1.2524253
1.9525185
1.7580431
1.1616959
1.6487817
0.8028315
0.4196548
2.0077115
0.6476186
1.4189952
2.5286080
2.2759360
1.6216127
3.1380275
2.5528870
1.6651478
1.3476545
1.1049517
0.8438436
0.4187986
0.4756949
0.2644483
0.1665107
0.8572728
0.9033662
0.4541746
1.0067619
0.6639968
1.7255134
0.3318841
0.6525636
0.1823277
1.3442973
1.2191367
1.6069619
0.9554486
0.8818901
0.2466542
1.0720455
0.7634909
0.9372308
0.8384332
0.2082531
1.0332954
1.3866668
1.3001332
1.5033242
1.3632754
1.0010962
1.0140799
0.5496286
0.9705472
2.3194081
0.8251329
0.8289589
0.7414884
0.9592740
1.0534756
1.4938396
0.8362697
0.9205133
0.8762560
1.5033649
1.2435876
0.9224859
0.8611708
0.5216202
1.1497976
1.0907092
0.7761780
0.9718071
1.1953010
1.0637696
1.0391045
1.2428288
0.4686664
0.7801451
0.9855492
1.2266192
0.4657099
0.4461396
0.8497816
0.9168263
0.4914907
1.2092180
0.5496737
0.7967637
0.4948044
1.0106507
1.4440119
1.1254084
0.4798474
0.2979768
1.8063715
0.7098703
0.9153472
1.7452602
1.5353042
2.0086466
1.8085537
2.3577476
3.5403916
3.1645498
2.7356120
2.9525318
3.7251490
4.0648068
3.1464298
3.4256127
3.0429742
3.2777142
5.0922454
2.8336179
3.5129786
3.5252210
1.9475440
3.0105898
3.1129531
1.7815539
1.5061206
1.4359946
1.9785430
0.5179108
0.8350030
0.4543949
0.5922304
0.5777270
0.6945366
0.8369637
0.3585758
1.1156016
0.7050607
1.5732524
1.1091201
0.9108378
1.5752327
1.3798316
0.9176045
0.5124831
0.9477359
0.8379554
0.7030735
0.4150991
1.6680399
1.4171947
0.7689183
1.6603786
1.3575864
0.6347423
0.5422018
0.3882507
0.6161528
1.2780988
1.2375813
1.7974632
0.7045703
0.3115352
0.9452173
1.2765231
0.8527760
0.2550313
1.2894193
1.5155740
0.9265989
0.8770828
0.7988972
0.4579051
0.7499606
0.2791336
0.3386992
0.5833683
1.1802108
1.6329206
0.7872155
0.5757457
0.9357568
0.7839719
0.6446284
1.3918725
1.0806833
1.4836163
0.7557354
0.6292495
0.5530101
1.0440421
1.0789892
1.6550680
0.8965956
1.2197501
1.5354208
1.7449439
1.2005304
1.6510703
1.9126022
1.7518417
0.8980947
1.2432553
0.7238008
1.4959721
0.6475404
0.7404416
0.7913128
1.6859251
0.9020848
1.1646820
1.4796589
1.7490503
1.1827245
1.8365838
0.9936953
2.0719000
2.5144741
2.3264424
1.6038705
1.8280525
2.1536146
2.4730860
1.5290111
2.0170050
2.4501574
0.5919452
1.7633575
0.8845443
1.3490172
1.8976922
1.3475812
1.1172178
1.1966649
0.2173687
0.9200294
0.9543914
0.3879756
0.5185835
1.0118705
0.4771304
0.2861972
0.6379942
0.2110412
0.4213076
1.1367160
0.4355783
0.2325731
0.5564943
0.1785156
0.6270729
0.4608304
1.0881373
0.4089929
0.8806012
0.5968862
1.2050424
0.3178183
0.1960045
0.7830645
0.2810260
0.1596414
0.5099202
0.8221399
3.2528689
1.0629360
1.8435900
2.0394963
2.4915943
1.9064743
0.9091554
2.8114691
2.7596341
2.6716058
2.4514352
1.8419188
2.7692294
2.8965131
1.6454657
2.0108868
1.4716195
2.9080390
3.1651633
1.5659614
2.6078081
3.4010433
2.2377014
2.8341188
1.7443513
0.8828819
2.6961527
2.5915667
1.8045248
2.6123187
1.3600492
2.2560123
2.9913639
2.7128373
3.4516915
3.1482490
2.6801730
3.0633605
1.8715096
1.9868569
1.5155074
2.6196239
2.5281242
3.3437614
2.6466875
3.8931508
2.3339009
3.5934683
2.9947850
3.8861421
2.4611255
2.8746431
3.0576438
3.9486837
3.4030037
3.0841534
2.2841200
1.1845498
1.7118500
2.5578232
1.8484591
2.6345283
2.7369081
1.2973265
3.0334879
2.1606459
2.0188368
1.0922450
2.7431470
2.5306669
2.0853320
3.6218940
3.3621493
3.6364787
2.4640421
3.2081694
2.1676653
2.8465401
3.1930179
3.3340113
3.5997552
5.1696325
2.2896051
5.0741312
2.2728275
1.8223315
3.5544604
4.4809990
2.3303986
1.8942528
1.7145387
3.0728661
3.0742555
1.9955103
2.0749333
2.7638375
2.9875087
3.1405803
3.5787805
3.6740019
2.4178190
2.8451561
2.7191653
1.2823575
2.1201812
2.0373511
2.4774490
3.9538084
2.1127849
4.3385912
3.8980453
2.3680499
5.1476120
1.9687885
3.2361969
1.7929156
3.3222791
2.0477739
1.7541706
2.7090101
2.9376770
3.8439530
4.0966928
3.4679916
3.0065535
3.5419199
2.9176850
3.1191671
2.9186709
4.1040114
2.8434500
4.4394993
2.7281658
5.0608478
2.9497098
2.2111631
4.2942383
2.5355626
3.4167737
3.3342182
2.0363277
2.1197067
2.8074895
2.2627657
2.4669702
1.6027181
2.1100813
1.9508061
2.0079547
1.0126725
2.0001664
2.5045617
2.8175056
2.4290102
2.9681341
3.2337768
2.5322344
3.3353941
2.8746721
3.0931868
2.9781559
3.6571515
3.2980966
3.6147402
3.0976733
4.0930809
3.6625988
2.7952747
3.4096916
2.6587532
2.3689781
3.3113864
3.0290072
3.8084757
1.9918448
2.8568497
3.3601381
2.9110921
1.5472255
1.8026466
1.7965836
2.3941707
3.1992146
2.3535034
3.2186532
2.1214259
2.3736269
1.8672388
2.1323994
1.3664938
1.5005323
2.4334627
0.8719909
2.3293471
1.1282032
2.0962820
2.2130505
2.0213621
2.4626018
1.8342952
2.5715155
2.5087375
2.1076507
2.1606105
2.4690252
2.6498163
2.6039201
2.0312348
2.8353308
2.4708005
2.9509825
1.9184201
2.7081136
3.0011485
2.1147433
2.5583817
2.4088416
3.2721589
2.3727019
2.8270973
3.1383198
3.3563797
2.5324627
3.3310915
2.5291175
2.5309402
2.2840584
2.0729270
2.0189502
2.9460722
2.9137116
2.3463004
2.5617486
2.9311763
1.8979829
3.0854880
1.9984185
2.4803286
2.4792137
1.4171408
2.3036399
2.5149783
2.4371965
1.7640399
1.8374009
2.2215076
2.2328126
3.4154281
2.2241884
1.7369008
2.7943054
2.0190747
2.1908347
1.4439035
1.7396016
1.0117957
2.3591024
2.3296226
0.9928751
2.2384635
1.6938849
1.8240547
1.0565213
1.6647801
2.5834573
2.9696779
3.3890942
2.9476121
2.9315520
2.6420371
2.1985024
2.4313065
2.6007486
2.3419186
2.4402687
2.7157703
2.8224811
2.3725424
3.0274641
3.5662024
4.3576634
3.4326210
3.5984506
2.9695750
1.9175305
2.0937613
2.5160976
2.2229494
3.5116051
3.0683943
2.5412828
3.0224303
2.5314974
3.5287219
1.9991048
1.9401881
2.1161133
2.3747149
2.4065343
2.4694413
2.8299057
2.3049258
2.6478241
2.5553325
3.3629274
2.2114166
2.7997965
3.2752989
2.6661310
3.1583818
2.9358036
2.5510988
2.4225611
2.6863193
2.0680766
3.5575201
3.6080969
2.6742484
2.7271497
2.0368158
2.6202418
2.7532438
2.3505258
2.4360535
2.3445453
4.0780953
3.7512611
4.3148030
3.1759381
3.3575440
2.5434854
4.2563843
5.0471758
4.3645271
4.8362222
3.5168406
2.9973984
3.3242094
4.6924974
3.6159847
6.4913203
3.6154442
3.0524842
3.5532658
3.9491976
3.9332146
3.0293246
2.5725489
2.9834716
2.4063865
2.7172660
4.1333001
2.2845696
2.6939057
4.2011109
3.9000308
2.7963209
3.2037335
3.0527291
2.5386269
3.0625266
3.3189621
2.4005415
2.6434608
2.7218205
3.3779982
2.6602061
2.5911306
1.7489477
2.4088869
2.0533628
1.3663030
2.5719509
3.8010370
2.0912167
2.5117040
2.7561171
3.2939575
2.7720990
3.2543725
2.3793077
1.6642765
2.0533030
1.7092818
1.7094791
2.2018769
1.1665018
2.1642743
0.9918902
1.5264320
2.3970419
1.2864389
1.2701686
0.3587199
1.7805666
0.8361810
2.4570715
1.3921244
1.7502409
1.6708875
1.8304753
0.3099272
3.5094987
1.9769750
1.9482234
1.0776563
1.6625819
1.3177301
1.8215790
0.7687372
1.7649586
1.2706427
0.9951663
0.6564396
0.8506773
0.3042153
1.6266967
0.7199733
1.1761599
2.7647555
1.3622679
2.3217757
1.6560394
0.5505029
4.2068650
2.0715155
2.9811737
2.8400455
2.7126708
2.7028581
1.5157552
3.1641780
2.8875330
1.6440007
1.9646004
1.9156163
1.3534561
2.8918266
3.0151350
3.3696755
3.1002282
1.7009909
4.1282151
2.3738445
1.6632232
1.0918007
1.0402208
2.2281659
2.9199197
3.1930097
3.3383041
2.4610403
2.5464443
1.7089992
3.0668550
1.5992974
1.9723882
1.8256481
1.6656135
2.5308334
2.4358152
1.2102311
1.0184498
2.1906289
3.0924504
1.7608550
3.0711213
3.0011938
2.5647347
2.2839915
2.6313877
2.5945651
3.6348320
3.4526311
2.9525584
2.9984856
4.1122491
3.5340858
1.9876908
4.3289084
3.7008031
4.3732720
4.3381365
3.1364351
3.8087066
3.0141479
3.7836746
2.4304817
3.3572481
4.7652054
2.9206358
2.7959001
3.7724133
3.8681356
4.3391169
3.5827424
3.6614454
4.0655822
3.3442569
2.4036184
2.0803272
2.2747463
3.4668138
2.4502288
5.2459633
2.0489146
2.3097051
2.4937391
2.8916328
0.8826877
3.1269038
3.0249407
2.5854776
3.4732131
3.4557064
2.3629228
4.6230426
3.9496899
3.3019876
2.2326187
3.1081635
2.7729011
3.0257299
2.6325635
3.3395999
2.6652351
2.6069892
2.2299353
2.1514528
2.0979721
2.9955080
1.7551305
2.6022961
1.5311192
2.7458466
2.6324678
4.3360121
1.6483883
2.7935854
2.0090411
2.9814152
3.4635083
3.6559652
4.0925098
3.6294344
4.4147879
3.5821309
4.9258116
5.4106379
2.5076119
3.9316217
2.3210967
3.6071347
2.1754132
3.8250859
3.1588115
4.3478159
2.8901260
3.6424378
3.7742130
2.4694161
4.2680889
3.5772145
3.5706357
3.3558564
3.8130390
4.4794025
5.0847450
3.3091711
5.0523356
3.7783503
4.7171039
2.6970429
4.3930231
4.8464834
4.5071230
3.5087844
3.5219395
2.9270136
4.4473822
3.6651660
4.4351718
3.4019091
2.8390058
3.5827972
3.6634043
3.3846299
2.9170164
3.2261576
1.2734168
2.7041123
2.5593254
2.5690835
3.2505985
5.1767975
5.2746311
3.6486630
4.9333584
4.3770741
3.4685886
3.8458141
4.2614620
4.0544470
3.5665498
4.2998293
3.7586005
4.4097057
3.8981559
4.6904692
4.1649318
4.9749964
2.8591897
4.0432953
3.0585010
3.3491912
2.2964662
3.6072712
2.3816314
3.6786038
2.6834141
4.3914074
2.2969030
3.0172653
2.3212099
4.1761731
3.1589385
3.2728666
1.8919605
4.2940538
3.7047577
4.2317594
4.0895325
2.6600694
2.4005283
3.5653023
4.2493353
4.4005333
2.6965261
4.0537490
3.5149820
2.5846039
3.1512428
2.8309149
2.6460357
3.1840735
4.0175993
3.6239342
1.5178858
1.8737123
2.6063711
3.2665779
2.3109669
1.3962349
2.2755830
4.2615334
2.6450750
3.7238012
4.7746985
3.9944451
6.9345491
4.1263445
3.8526423
3.6399468
5.6968020
6.2832851
4.3142849
4.7860001
2.5876363
3.5661191
4.4015355
5.5277022
4.3386606
4.4672753
4.5179814
3.1728374
4.8070109
3.7022183
3.0561245
3.7037037
5.2536456
3.2642443
3.4837136
2.9446570
4.3913140
3.8954516
5.1670308
4.1771800
3.3652038
4.8597367
5.7281433
5.8213040
4.2497403
5.1029563
5.9278024
9.9716281
5.6035656
5.2915296
6.2638279
5.7290263
6.6375647
6.7951032
5.5534261
4.5485002
4.7653314
3.7171018
4.9871020
3.7782224
5.3696214
4.2301476
5.8156041
3.4841078
5.1480899
4.5475153
7.3907617
7.3795508
5.3342965
4.9973922
3.0557600
5.1966685
3.2425205
4.6749370
5.5590269
4.8557789
4.6461265
4.0553149
5.0690466
6.0358365
2.6003361
3.6038546
3.7653292
2.2008481
2.3063417
3.5562149
2.8263679
3.6272352
2.4848423
4.2720520
3.0902909
2.3828171
2.1192111
3.3512075
2.6038506
2.3169911
2.8736820
3.1859407
2.2621900
2.5644006
4.3541510
3.6152669
3.5273373
3.2178958
3.7448053
3.1582226
3.4893940
3.0952126
3.6387380
2.8810265
3.9012142
4.8625516
2.7986855
3.1087252
3.6151878
4.0036784
3.0666356
4.9883015
4.8633001
3.2858046
3.4679690
4.8361659
3.7525497
4.3817355
4.6451960
4.3203518
5.4192178
5.0932113
4.6308872
3.8605934
3.3476217
2.9934855
4.6172886
4.0673626
3.8784979
4.6380438
3.3358122
3.4017752
0.5518367
2.3205139
3.8162050
2.8673125
3.2479531
1.7033609
3.9793204
3.5982586
2.9266188
2.5087612
4.0902591
3.8845772
3.7122330
1.1995557
3.6048859
3.6036883
3.9032847
3.7356396
3.7379624
3.5172516
3.5631174
3.1045603
2.6228228
2.6758835
2.6019589
2.2540580
3.0089666
3.3996667
3.0563706
2.6883571
2.5187152
2.6091569
3.1181655
2.7932301
2.6050086
2.9159562
3.6034230
2.8929335
3.8095859
3.9640976
4.3023038
4.0234551
4.8211454
2.8652932
4.3745181
5.1350617
3.1512227
4.9777224
3.6051367
4.5231312
3.4960707
4.8040806
4.3573703
3.5960132
3.9357950
4.4989932
3.8539269
4.1956680
4.3570010
4.1306917
3.5437455
4.5503026
4.1410105
5.0781530
5.1613647
4.7366262
4.9996310
4.8540186
4.0469390
4.2621108
5.2729089
3.0939913
5.6256311
4.0500188
4.4936338
3.1176596
5.5116067
4.7837103
4.8089616
2.2827506
2.7930513
7.4140472
4.9926160
6.4679513
5.7823268
5.0908562
6.3198022
5.8575777
5.1324464
4.5373229
5.7641893
6.1982619
4.5746566
4.5862837
6.1407468
6.3125205
5.0740969
6.3835021
6.2954080
6.3401605
5.6691059
4.8146934
5.4989165
4.8738309
4.1261434
4.2008264
4.6769227
4.2124482
4.5808612
5.0583257
4.9921595
5.6771304
5.9839150
4.8091319
6.2397882
6.3306686
4.4496356
5.3156538
6.6273543
5.3366589
5.4450114
7.2132484
6.4410407
6.6017089
6.1023232
6.6169737
6.2622096
4.9510567
6.4315625
5.7878060
6.9106140
7.1962768
7.7131706
7.9048731
6.7585393
8.6379143
7.7772500
8.5450361
9.1753685
10.8973462
6.8097587
7.6616877
8.2167790
6.5106290
9.1559728
7.6038503
6.3997257
6.2330898
6.6086608
7.1892471
5.0179102
4.4057741
4.1836697
3.6565371
4.2785631
3.9372570
3.6100527
3.6795072
3.4794202
3.4281661
3.9025347
3.2380610
3.9518336
3.9951136
4.3850304
4.1751148
3.6927274
4.6245852
3.5613855
4.0870658
4.6151656
4.1719219
4.4764728
4.7350551
5.1641511
4.1058457
7.1201231
6.5762787
7.4272279
6.2080393
8.1316798
5.3245391
4.2710796
5.6582350
6.5017156
5.3847355
4.3641254
6.2862819
4.6671461
4.8872887
4.4679589
6.1999186
8.4498008
6.7641653
6.3897192
6.7633356
7.8009468
5.8426429
5.6984228
6.2360054
7.0323793
5.1938275
4.0359823
3.5073322
5.8576915
6.0998747
5.5793200
6.5599340
5.2257563
5.2188323
5.3978087
5.7123155
6.6804237
4.9555811
5.2732561
7.2354304
6.8178292
4.8135068
5.0271375
5.7500413
4.2319096
6.8945632
5.7938451
4.0208337
6.6475169
5.8144706
6.1812490
4.8825054
5.8188323
4.8155709
5.0176088
4.1143839
5.1809033
4.9162248
5.2788460
4.2145890
4.6637671
3.5185638
5.6709641
5.7426461
3.6981442
3.7640489
3.9350903
4.3417350
4.6401306
4.7748052
4.0409020
4.5312040
5.0497290
5.0546866
5.0963661
4.5097808
3.9880356
3.6301434
4.5316564
3.6880488
4.7518589
4.0417605
4.6265917
4.9708794
4.0428213
3.6037293
2.6970771
3.2001127
4.4990519
5.2012166
3.8553696
3.7039757
5.7218445
2.9378761
4.0954704
3.5384493
1.6935250
2.9464162
4.0375482
2.9014416
4.1986519
4.3251692
4.3635842
4.5691259
5.5176991
5.6983121
4.9087552
4.8154154
4.9972689
5.6422091
5.5217687
4.7023961
4.5390396
4.7360405
5.9413858
3.8746222
4.5873356
4.9812307
4.3171232
3.4713358
6.2239386
4.3985109
5.2437482
4.9926385
4.9453415
5.4156228
4.9449449
5.7777808
5.5261985
4.8220588
5.7376434
5.0276072
3.8716202
5.6918389
6.0724987
5.3160974
4.2564076
4.8287701
6.3424363
4.1202316
4.5992921
5.4630976
4.7073697
5.4110870
4.4644432
4.6923612
4.4505970
4.1306974
4.3649901
5.4837756
5.5309997
4.7212963
4.6594328
4.0275765
3.2338035
4.0568542
3.9948981
3.8360663
3.5885994
3.8735515
2.9507389
2.9171246
3.6875467
3.2328521
4.1035568
2.7484134
3.0179241
3.0616100
3.6827305
3.8099367
4.7928175
4.2000220
4.9750807
3.7315285
3.7269784
4.1557558
4.9404819
4.2022992
5.0269051
4.5147761
4.4067629
4.8449738
4.8836992
5.6851934
4.0066891
4.0882602
4.6962451
5.0739447
5.1839705
3.8625491
4.9502982
4.7868469
4.6710453
3.9830928
5.2359466
4.3110305
4.0510974
4.5369427
4.7561019
3.2708639
3.7338432
3.8721549
5.0499438
4.7543683
3.9515043
3.3735933
3.3829689
3.7157793
3.4971880
4.4475687
3.5384586
3.6473741
3.7152331
4.8357178
4.3239362
3.4604616
2.8676322
4.2389701
3.2334424
2.6633235
2.5824282
3.7515125
3.7862067
3.5816748
2.8342856
4.3766446
3.1941681
2.9920935
3.5142721
2.7407292
2.8526204
3.2743039
2.9397032
3.3413559
3.2249212
3.5286568
3.4444032
2.9809696
3.4063476
3.2801454
4.0239206
3.3194101
3.4517262
4.2602125
5.2833912
3.7483764
3.3339022
3.8844618
3.7199500
2.7957053
3.1689798
3.9571603
3.5338459
3.1617133
3.1857244
2.9646170
2.6864347
2.9473160
1.1164596
2.9190041
3.1469250
1.6413099
2.7390313
1.8875256
1.5236382
1.7540508
1.9997785
3.1892663
1.9586465
1.4763169
1.5391445
2.0213161
1.6222821
2.2781608
1.2877276
1.5961460
1.5198088
1.4826778
1.7523744
2.7637773
2.7980805
2.4535614
3.2351339
3.0958086
3.0221197
2.8617079
2.6934018
3.4739007
3.0045069
3.2072237
2.7286838
2.6607504
3.5332932
2.6783127
3.2959059
1.9384633
2.6900626
2.7572005
2.4338761
3.2642362
3.2169394
2.5796427
2.6067694
2.7918316
2.7161713
2.7311377
2.7231281
3.4402559
2.8588478
3.0313484
2.8631182
2.7982122
3.1118426
2.6135703
3.0623211
2.9394369
2.5229121
2.8361785
2.6688722
2.9367043
3.0911158
2.7359449
2.8200882
2.9304910
2.6938161
3.2783964
3.0458782
2.9543437
2.6208135
2.5536816
2.8295108
3.1239878
2.7958138
2.5017130
2.3478909
2.1046827
2.4696506
2.5594456
3.0539720
2.4402657
2.7441042
2.6823884
2.8153324
2.6267603
2.6535937
2.6907603
2.7563248
2.7816489
2.9480373
2.6344683
2.7848533
2.6791934
2.4266838
2.8395856
2.8389610
2.5984765
2.8765793
2.3529112
2.6902697
2.6622851
2.6819364
2.8798812
2.7116159
2.4681207
2.7245360
2.6147832
2.5430383
2.5464963
2.6926433
2.4863712
2.3248562
2.7837484
2.5341894
2.8528004
2.7014255
2.6606020
2.5963556
2.5165359
2.5579656
2.8001222
2.6274621
2.6016142
2.6689911
2.6953350
2.7813994
2.4856647
2.7145121
2.4330581
2.6127977
2.7312287
2.6845444
2.4743755
2.5655875
2.3568653
2.7885724
2.5405426
2.4368779
2.8360451
2.7172355
2.7993520
2.6864329
2.6181718
2.6458505
2.7410665
2.8390625
2.7381191
2.4584982
2.6094477
2.9368359
2.6766933
2.5010176
2.4303353
2.1527860
2.5512082
2.5699227
2.5327685
2.3718218
2.6692943
2.6139805
2.6765276
