0.7517399
0.6359450
0.7218702
0.4266944
0.2175662
0.7780002
1.3124042
0.7651832
0.8485345
1.2226536
0.2739974
0.3914718
0.6155977
0.3657019
0.3200067
0.3884322
1.4218922
0.5470119
0.7742621
0.1922126
1.2302490
0.4432946
1.1746952
0.3232048
0.6712412
0.8606568
0.4601960
0.6383516
0.3075244
0.9334176
0.5126407
0.0997641
0.6012205
0.7156650
0.6329668
0.5167807
0.7531850
0.7653862
0.3885160
0.2320833
0.5157771
0.6696440
0.5564197
0.7430209
1.1128966
0.7216389
1.0005783
0.9116143
0.9756149
0.5672379
0.6001738
0.8471830
0.5282987
0.8889401
0.4087429
0.6443891
0.7957374
0.5895043
1.0746276
0.6539553
0.4712939
0.9105309
0.2581762
0.4778868
0.4610826
0.5734773
0.3683821
0.1602423
0.6178875
0.5648390
0.8753829
0.5272322
0.2879415
0.5903251
0.6052078
0.9610190
0.4759589
0.8039744
0.6671922
0.5395863
0.5768792
0.8945299
0.5396314
0.2003052
0.2675480
0.6497775
0.4310189
0.9079279
0.3110719
0.5184305
0.6081784
1.0355822
0.4269554
0.1825172
0.9708447
0.7510566
0.5732618
0.6436800
0.2579441
0.4344747
0.9989563
0.9033426
0.4353607
0.8243773
1.1520428
1.3251819
0.9891510
0.5135476
1.1073970
0.7090948
0.5199678
0.2607338
0.3510312
0.5763366
1.0812786
0.5360888
0.6536639
0.2684417
0.6112952
0.9976015
0.6716784
0.6035035
0.3226993
0.7980061
0.4366902
0.1739601
0.7268408
0.6999397
0.4302848
0.5072768
0.1105681
0.7283530
0.5230418
0.6835192
0.6084415
0.8047280
0.3854428
0.3846372
0.9259369
0.2625040
0.5206735
0.9797044
0.2976663
0.5968037
0.6033008
0.5699548
1.1327485
1.0465369
0.7060078
0.9879190
0.6722296
0.7215453
0.6564927
1.1673139
0.6344784
1.0304003
0.8664758
0.8495510
1.0067483
0.8874205
0.9084266
0.7840157
0.3598936
0.1448275
0.9125977
0.9371998
0.4768920
0.6940352
1.3925589
0.6512007
0.4129297
0.3987217
0.5455159
0.5893658
0.4498792
1.2167736
0.6474859
1.0437892
1.5128271
1.1033159
1.7470210
1.3680984
1.5584145
1.2016462
2.0019034
1.6068703
1.8368678
2.7193828
2.0890433
2.9106038
2.5298378
2.9501183
2.9841590
2.7986459
3.1288628
3.0312066
3.7164635
3.2397776
3.3432778
3.1048605
3.6137640
4.6737200
3.3561303
4.5459523
4.1691783
4.5476076
4.6503520
5.0763535
5.3540638
3.9276658
4.3641479
3.7295306
5.2297354
4.5949058
3.6875831
3.6523821
3.5735954
4.9142239
5.0325458
4.1292946
3.8380259
4.1118555
4.1218613
5.0091683
2.8840397
3.5669534
2.6520016
3.7237194
2.6649567
3.4115531
2.9019789
2.9212083
2.3813950
2.0924828
2.5945704
1.8797037
2.4548285
2.7245845
1.1999466
2.4374450
2.2639485
1.2094861
2.2907346
2.1021336
2.3268281
1.9132772
1.5391301
2.6697849
2.5566933
2.2700168
2.9738181
2.7127829
3.0811582
3.2607789
3.1448533
3.5868234
3.8034759
4.1852092
3.3016462
4.2899040
3.1045737
4.4778714
3.2784080
3.7595208
4.4090207
4.0031057
3.7925723
4.0751969
3.9246345
2.9723175
3.0750066
5.1866414
3.0012693
3.0439799
3.8864022
3.9757963
3.6362133
3.0011583
4.7111515
2.9159465
4.0669606
2.8269278
3.5414211
4.2076809
2.9538096
3.9674023
2.5743286
1.5888666
3.0167684
2.6980665
3.1502624
1.6477586
2.5750822
1.5401037
1.6455076
2.4867722
2.0249047
2.1736768
2.3927492
2.8185876
1.6985726
1.7027028
1.4742340
1.4853387
1.7632163
1.5648551
1.0499099
1.5221083
2.4374282
1.4874899
1.1073799
0.9136006
2.9373951
0.7801336
1.9271051
0.7381384
0.8274296
1.0952722
2.1699423
1.4508153
1.8324902
1.7148208
2.3588247
2.8924201
1.7683864
2.4896468
2.0817886
2.4404338
1.8232260
1.3999934
1.1270133
1.2437946
1.4421591
1.1419486
1.9433580
2.0724943
0.4248782
2.2494401
0.9329712
0.2626527
2.2488703
0.8979464
1.3497518
1.0669518
2.2701478
1.2389488
2.3615708
1.8472807
2.4095735
1.5153420
1.4741038
0.3831990
1.3545268
1.4323063
1.1197967
0.7027828
1.1368087
0.9964618
0.5157876
0.8071510
0.6177717
0.7132127
0.8411536
2.3080333
1.9417040
1.3940552
2.0503800
2.3656290
0.9328086
1.8756428
1.6278092
2.1168657
1.1053273
1.3201040
1.3383360
0.8641189
1.2964550
0.7034215
1.2461200
0.6757676
2.1049065
2.2031537
1.4716545
2.2105414
1.2920298
1.6389025
1.0249216
2.5161549
1.9144693
1.2429110
2.8177576
2.8091689
0.8448947
0.6796612
1.3950676
0.7255351
1.4403701
2.8273745
0.5563360
1.0437791
1.7619838
1.4484157
2.5917738
1.7263295
0.4693275
1.1246153
0.4294683
1.5281349
0.5893133
1.4574684
1.2129378
1.1148215
1.1544616
3.3478351
2.1417775
1.3734442
1.8235235
3.0758806
0.5618469
1.2551483
0.8179453
0.8386168
1.3618421
1.5496003
3.7062732
1.7431259
1.1624279
2.8912769
2.9878932
4.0667995
3.6449450
0.7470482
1.5775278
1.9570389
1.9131688
2.6190261
1.9620270
0.7972982
1.6882372
1.9649207
1.9652282
2.7312263
0.6156775
3.0022535
0.7543197
0.5195069
5.5110933
7.9424771
0.3892383
1.8226578
1.2646388
0.6538111
3.0478332
2.1587976
3.5045533
1.0104750
0.6896704
4.8048036
1.2876171
2.4606944
1.5389939
4.5087587
4.7431767
3.9995927
2.1817000
1.6447103
4.2583308
3.3292406
1.3304761
2.9392081
1.3499208
3.9641880
1.6296974
0.8349477
2.0696071
0.4039736
1.8608428
1.7710628
2.2575212
1.5503823
1.2052061
1.2633607
3.4735559
1.6190053
1.3588480
1.2660846
1.8895971
0.6232973
2.8694594
5.1743012
4.2003201
2.7492806
0.2829435
2.3316243
2.0667620
1.8010691
1.7228588
2.2153998
1.5541172
2.9133496
1.2409325
2.5156373
0.9869891
3.9039644
3.0842797
2.8839201
2.9109204
2.2726600
2.7946832
1.9026787
2.1448651
2.9361414
1.8598881
1.5384116
1.3098497
0.8573815
3.0604080
1.6615420
1.1192376
1.7092613
5.5773380
2.5900880
1.6829415
1.9035018
2.0509087
2.3176426
2.2539304
2.8880474
1.6302892
0.4810070
1.0487231
1.3433071
1.5185698
0.8937603
0.6356082
0.8589356
1.0259306
1.8168075
1.0030321
0.5636051
0.9375630
0.2103358
1.4311514
0.8693813
0.6253160
1.0606374
0.3013357
0.4776643
1.5404790
1.7506724
0.8891433
0.5414494
1.4605128
1.4490460
0.5537278
1.8952825
1.2027726
1.7534228
0.7571126
0.8605998
1.4030422
2.4738710
0.3500254
2.3302359
1.1837381
2.7344198
2.5825644
1.1497655
2.7073912
2.1307394
3.3253839
4.6105570
2.8302082
1.8327167
2.0728870
4.0104320
3.2962330
3.3755107
1.6885910
3.3011038
6.4311502
7.1924974
3.5999603
4.3759008
3.4842416
2.6682056
2.1594859
3.7464390
1.7908818
1.6448188
3.6613856
1.6346290
1.2995919
3.1238059
2.9399839
2.9904435
3.7574107
2.8779695
3.6306170
1.1231221
0.8166306
2.9304206
4.2429201
4.7026411
3.0949407
2.4337277
1.5208139
1.0843541
1.7870506
4.1004663
3.4478149
4.2690587
0.9268054
0.6333500
1.9919610
2.3629173
4.5093965
5.1002966
3.2561559
4.3179062
5.4728557
5.7913272
4.0491464
3.4485836
4.8730085
1.2136004
1.0436928
2.2256230
1.2808203
3.0748168
3.6388114
2.2375264
2.3099446
5.2729276
0.9200356
2.4078161
4.0556047
1.5435917
1.6548001
3.8574317
3.7715454
4.7900341
5.4060268
1.1462238
2.2673224
4.8525639
1.5182494
4.6656655
4.1419244
2.6109971
1.6523782
1.1294574
3.4180272
3.6602453
4.5954123
3.2945884
2.2736123
3.4737263
0.6159505
1.5652928
4.3099940
2.2114814
2.9392127
2.5857255
2.2393633
1.6518863
2.2525398
1.2002198
2.0487580
2.1852012
2.0223987
0.8022229
1.6052180
2.1879597
1.8015731
2.8189581
0.8053960
1.8340835
2.1936967
1.8319344
0.8863847
1.1014142
2.3057555
1.2685714
1.8117440
1.4488359
0.6847163
1.8625660
2.0447799
2.7603885
1.0408308
1.0092270
1.3266915
0.6271263
2.9144342
0.9197637
2.6602292
0.9250121
1.8691793
0.8987389
1.0941252
1.3831135
2.5760380
2.1151285
1.8068460
0.5012309
0.4841833
2.3008651
1.2919371
1.0819686
0.9925390
0.7078294
1.1009079
0.7213000
0.5987450
1.4561204
1.8245948
1.0535046
1.0030106
0.7962463
2.3567714
0.9659067
0.7897128
2.2755581
0.8409637
2.1083160
1.5197515
2.1565967
1.5513049
1.4909407
2.1185379
0.5378509
1.4332404
1.6471512
2.1444545
1.9868195
0.6304295
2.0579659
1.7308518
2.1853644
0.2733563
1.5582873
1.4757570
1.2541274
2.3275378
3.3631421
0.2727552
1.7792603
2.9733075
1.2678982
1.8887609
1.2650817
0.8039462
3.0742842
1.3858418
1.3551683
1.1734215
0.6929892
1.2380780
0.7018405
1.5091166
1.7075047
2.1325372
0.1395936
1.7837310
0.8603579
0.8115614
1.1580566
0.3146494
1.4105980
1.6079490
1.1230314
0.7625327
1.0491619
1.2777338
1.1757735
2.0847326
0.3185192
0.5424479
0.3962945
0.8487731
1.6195477
1.3989755
1.0354449
0.8448023
0.6232245
0.7372766
0.6788388
0.5701106
1.5406444
0.7826815
2.0241072
0.8116413
0.8723575
0.7661620
0.5988536
0.8856430
0.7785969
0.6110470
1.1962142
1.0449905
1.5950351
1.4667223
0.9065296
1.7539398
1.3484517
0.5568638
0.2908643
0.9370674
0.3946632
1.0799172
1.0127834
1.5582993
0.5904916
1.0073457
0.7261228
1.8939480
0.8806250
1.9415425
0.4866238
2.1389249
1.0944809
2.3396738
1.0515505
1.4509758
1.5228490
1.2639307
0.6964203
3.2438714
2.0577563
2.7042848
2.4378707
1.1556227
1.9989866
1.8651814
1.1839864
0.6357119
0.9892041
0.4470925
1.0294072
0.8831350
1.5086715
2.3317290
2.5697208
0.9538060
1.5915799
2.1417004
2.8545370
2.3214364
1.2708353
1.8246118
0.1914475
3.1132966
1.8229261
1.4877857
0.8613196
1.2997951
2.2107362
2.2170519
1.5914717
3.4238191
2.8579793
1.2786795
1.1012713
2.1615955
0.5042553
2.0770373
1.8920907
3.2795784
0.8273842
3.1029576
1.6279848
3.9265516
2.6154806
2.7862688
3.4455291
2.0005801
1.4716736
1.3246337
1.7292840
0.9653080
3.0741197
3.5003646
2.3095775
2.3615081
3.1081679
1.6584581
2.6887491
1.1699035
1.8852125
2.3461640
1.6187315
0.3625826
1.0270339
0.6161186
2.0293033
2.6340557
1.5946040
1.7720148
1.9783956
2.7869036
1.8593398
0.8289248
0.5511956
0.5382222
1.2587876
4.0871993
2.3139220
1.7388988
2.8161017
1.0081818
1.5148660
1.3405670
3.3659699
1.3842544
3.8483107
2.8829370
3.6077692
2.9933343
5.1070238
1.9012368
6.3217868
3.3216899
4.3854879
2.2183320
1.3787643
1.6259752
1.3755628
1.4183916
1.5823236
1.9437415
10.0893224
9.3758487
3.2207000
7.4956646
1.8909041
11.7137490
5.2718347
6.7831392
4.1933389
1.7432986
4.4240689
2.7227771
7.7093931
4.3688215
6.2136365
5.0778236
9.2821024
8.6998553
9.8567876
5.2725254
1.9957721
6.6957833
3.2566749
8.4927874
6.5777431
13.1661223
2.5240355
3.5759065
6.4728330
5.3129586
11.1066109
3.2530836
5.9924396
1.6376555
5.0379531
4.9814331
1.6815974
5.7173963
4.1501676
1.8750612
4.9873777
2.4507210
2.7177185
5.0647010
4.2237919
6.5747026
3.2059748
3.4693546
3.2798482
2.8968222
3.4630742
1.8623559
1.2901665
2.7327970
2.8643241
3.9563916
4.0040891
4.2213978
5.9442380
5.1834193
4.8145352
2.2622617
4.0053544
4.0771387
4.7035485
2.6003481
2.0925415
5.0254201
5.1863448
5.5492468
3.1416100
5.4949593
3.8710279
0.5354046
1.4716575
2.1111685
4.5550503
3.8423617
6.1554298
1.1739985
2.0430690
2.1251461
0.3775953
2.8770679
1.7318383
5.0618766
4.6216443
0.3363410
8.3201913
3.6229229
3.7354080
4.3606279
4.8890883
4.2009851
1.0429300
5.0437762
3.9750045
6.8741901
2.9989201
6.3670623
3.5648711
6.9277024
2.7460255
4.0815859
2.4438602
1.9021586
3.8319076
3.8445461
1.2554649
2.5408303
1.2874016
2.2991966
2.7940564
2.0335790
1.1694441
2.5450644
1.4877571
0.6038942
3.2829249
2.3544305
4.2368957
3.0171516
2.4991927
4.8258651
3.3318139
1.3987401
1.7968061
2.3119719
4.7801245
5.3686088
7.3330132
7.7537112
4.1744922
2.1149257
3.4795009
2.7315919
4.1123199
2.5725444
2.8556062
2.5533687
4.7274029
1.2529427
2.9040854
4.6404012
4.1957937
5.2727390
1.3777840
1.5469970
2.9621497
2.1578382
5.2605694
3.2346237
2.7986915
1.4030994
2.3483385
0.1743931
1.6001804
1.6652626
1.9026592
2.3502952
4.4493791
2.0877401
1.2610996
2.5245450
3.9544058
2.1165577
3.1010952
0.8833105
2.5040267
1.5720687
4.2425859
5.2107819
5.1933488
1.5145124
3.9563881
5.7489466
3.7384043
1.6807051
4.4586091
3.4531116
4.1758454
4.4779728
2.7244448
2.8315700
2.8797078
1.0490010
2.3000943
2.4327496
3.4449464
2.1583104
1.4901587
3.4128141
1.8392050
1.3869644
4.5903671
1.0082535
0.3797583
2.3683807
2.8040576
1.0900660
3.1481542
2.6416446
3.1780020
1.5426872
2.1064457
4.0987955
2.8169386
0.8067121
4.3668836
2.6156553
2.3933838
7.8039960
1.6499195
6.6022586
3.4208980
0.9937913
1.6935778
3.4043467
3.6363834
1.3541143
3.0073324
2.1058076
13.0425500
4.5239439
5.2174528
2.0830735
5.6121028
12.6740689
2.0905737
3.0285756
2.3602990
2.2651816
0.6827729
3.4588444
1.5978025
0.6903631
1.1261762
2.1700887
1.6776981
4.1670287
3.6970825
3.6360678
2.4671506
1.6327929
4.2075946
3.6072498
3.5074394
3.8661348
3.4322494
2.1728059
0.7333228
2.8217763
2.5452545
0.9732376
1.2770844
0.7041977
1.1086753
2.1075516
1.8873022
1.8446899
1.3648305
1.3329715
2.1349234
2.6420126
0.6989402
1.2428050
2.2036060
2.7507368
0.9275108
6.5739620
2.5065206
0.6406344
1.4228281
2.0992332
0.8659659
2.2646544
1.1740058
1.5884616
1.0264463
1.6745763
5.6051054
2.7363816
1.4061817
3.8826596
0.9972435
1.8639373
2.7282676
1.3298446
4.4214335
1.0116109
2.9985527
3.8857404
2.3139461
2.2573482
2.6697909
6.0482293
1.4687592
2.9358110
0.8634063
1.6355606
2.1513123
2.1206982
3.0294045
3.3768903
1.3149609
5.5770030
1.7179316
1.3759912
0.1650404
1.9721160
2.2909659
4.0500452
0.8490311
1.9473459
6.4779589
1.5707928
1.4122895
2.5998586
1.1072287
2.1998935
1.7960624
1.3076037
3.2857057
1.2853116
2.3298622
1.5379930
1.2476799
1.5021512
2.9725930
2.0176896
0.6369958
1.6366916
0.6724995
1.6954378
0.6946128
0.7963784
2.9764085
1.0049041
0.6279137
1.8505280
3.2149885
0.2560173
1.4459883
3.2497677
3.6554587
0.9492587
2.7535768
1.0937776
3.3687927
2.1586117
1.0041216
2.9869129
0.9395715
2.7185881
1.8876953
1.1800079
2.7220973
0.8813547
0.4745942
1.5256340
2.5680492
0.8623955
3.4674464
1.3181495
2.8345843
1.3925118
1.5652035
1.4186414
1.5437554
0.8539578
0.5256377
0.5971190
1.4545047
2.0793967
1.6854821
1.8901582
1.1694737
0.3204414
1.0141923
0.7623102
1.5472013
0.9379945
0.4994548
1.0050341
1.5671462
1.7745437
0.5480511
2.0375211
1.9347161
1.9358449
2.4151943
1.4733255
0.6387188
0.6312807
0.4564785
1.1022401
0.5085851
1.6671913
0.6131017
1.6593385
1.4610314
1.1072148
1.6481535
0.8402162
0.4951874
1.0771918
1.6346433
3.3826355
0.9755993
0.8344475
1.5607769
1.2336225
0.7454605
0.8844262
1.2552031
1.4173009
2.4723094
1.3070501
2.5307694
1.6236381
3.0143873
1.2844671
1.8913530
1.1051503
0.5746461
0.8421036
1.2795479
0.9920279
1.4712319
0.8527297
2.2661593
0.4801462
1.3131017
0.3936350
0.9791214
0.6605339
1.2061676
1.3284226
1.1041515
1.3501975
1.7681129
0.5763475
2.3666368
2.0768555
1.3925365
1.6510634
2.7957084
0.3624502
2.3994121
1.8207030
3.2345357
5.1774254
1.5716602
1.8582729
1.3158535
0.6628693
0.5273012
2.2104369
2.0805671
1.2200181
1.0680567
2.3344887
2.1953419
1.6504802
0.5324322
3.1006059
1.9493967
3.1585103
1.6278824
0.3264427
1.7800364
2.2287742
1.1174828
1.4679180
0.6603985
1.6461124
2.4011876
2.2262341
0.7367578
3.7841416
1.4786069
0.4625165
4.8049199
1.7570642
1.8248077
3.3566155
5.7524589
0.3473039
3.7165295
1.5539333
1.7778320
1.9229177
1.8172718
0.9221516
3.3811832
0.7570408
1.3443858
1.1371752
1.5446167
2.2198899
2.3801862
1.5549724
1.3549499
1.1844359
1.0456802
0.7441177
1.1101337
0.4504867
1.7618084
0.8150714
2.4655558
4.2860531
1.0716003
0.9456843
1.8710736
1.1782768
2.8403684
1.1098202
1.1958259
2.3556092
2.3598856
0.9241513
0.8505926
0.3113081
1.8624491
0.9227055
1.6812342
1.9942435
2.5547546
2.8284598
1.6385161
2.2168084
1.2867077
1.3678788
2.3505988
0.6434290
2.1925226
1.3655817
2.9316344
1.8254768
1.4374013
1.7603815
0.8726547
0.4770313
0.8780720
0.9655555
1.3442032
1.3770668
0.5534292
2.5997833
1.5792631
0.9244206
2.0955621
1.6310370
0.9756900
0.9124770
1.4740810
1.2186732
0.5847143
1.7508562
0.4984758
0.7004828
1.6169055
1.3313750
0.5288589
1.6856331
2.7393647
1.5718739
0.8903613
1.3512930
2.6152879
3.6048743
2.0960256
1.4013081
1.3306145
1.5130284
1.4006240
2.1398031
1.8505767
3.8741783
2.5520263
2.0674985
0.8345570
3.0272626
1.4148790
2.2582865
1.0043570
0.8332816
1.6270505
2.1105332
1.9978441
1.9662436
1.5523445
2.3852913
2.7722890
2.2614837
0.6338142
1.8813983
0.8160685
2.7255412
1.8013519
0.8531103
1.6286482
1.5043241
0.9493510
2.6299627
1.3200652
2.0916721
0.9446999
1.9431092
1.2626919
0.9172517
1.7394554
0.5819627
1.2840785
0.6130810
0.9179485
1.0581040
1.3016177
1.2445250
0.3199569
0.9030070
1.4544433
0.5601661
0.4384426
0.9769042
0.8295790
0.3308083
1.0568434
1.0621279
0.8009089
0.1870209
0.6373383
0.6444667
0.7935709
0.6698526
0.7134919
0.7783010
0.5007212
1.6500734
0.8063467
0.1543503
2.1410688
1.2714290
0.7506787
1.7164711
0.4368643
1.5408922
0.7408913
0.5707505
0.9164659
0.3540932
0.9875395
0.9590577
0.5008985
0.7526884
1.0758655
0.6727799
0.4764759
0.8866965
0.8289774
1.9758881
2.2395126
0.5514674
3.6398226
1.5113749
1.5688162
1.9946748
1.7922568
0.8307398
1.0782226
2.2652910
1.9645401
0.2542305
1.7695870
1.1204155
2.6539379
2.5180912
3.1997327
1.8492787
2.6391036
1.1920636
0.7803861
0.9413137
0.8969159
3.3207623
1.3541054
3.0968140
2.6865157
4.2385375
3.6848622
4.1942112
4.0515559
1.3679869
1.4535776
2.0439071
1.9341521
1.0317090
1.0832043
1.4388063
0.7999260
2.4735693
3.4138317
1.0670580
0.5282723
2.4050498
2.4033028
3.4086398
2.2730915
2.1208361
0.9522320
1.9041727
1.7037603
0.8792032
0.6276703
0.7619355
1.0875913
1.9791249
0.7587766
2.1837172
0.5813438
2.5524780
2.2709821
1.4736746
2.1112257
3.0166379
0.7268860
0.6341833
1.0631474
3.3226597
3.4780221
2.5954815
3.0403146
2.9231571
0.9904221
2.0472807
1.9981420
1.1093216
1.1929791
0.7499481
0.7836957
0.3730999
0.4626074
0.6932681
0.7359387
0.8904651
0.6960303
0.5228045
0.7369598
0.2888111
1.2274944
1.8111303
2.1751842
0.9577256
2.2912574
1.5283069
1.7405088
0.4992941
1.5044202
1.5731008
2.2705348
0.3882841
2.7457746
1.4334809
1.4780335
2.2193017
0.9697775
0.7048705
1.9458247
3.2913394
1.7466787
2.8405693
2.3487943
4.5590561
1.8634047
1.3886171
2.1349826
1.3271290
3.4945928
0.8832100
1.6973019
0.8675169
2.8600340
1.1251006
0.8406404
1.6439643
0.3438500
1.3469833
0.8537913
2.3296907
1.1657002
0.6758150
1.5327449
0.9729142
1.7600391
0.4584972
1.9326955
1.6857186
0.3443886
0.7657169
0.2882837
0.5945082
1.0557603
1.2070784
1.8258745
1.8437033
2.9258537
0.1933096
0.8928435
0.9963595
1.3559590
1.3100892
0.7474823
1.8780823
1.3414619
1.1253909
1.5084415
0.8055697
1.3998289
0.9232254
1.0609458
0.6414581
1.4360105
2.3945497
0.8357479
2.8227224
1.2833492
1.5525860
1.2762423
0.7946707
0.6133528
0.9118896
0.5009080
2.4837620
1.4125174
1.0918123
5.1607862
5.7772186
1.0930297
2.1167818
2.7687675
0.4400939
1.0169274
0.8389004
2.3644042
3.9991536
1.7442300
2.1127097
1.8332800
3.4704762
2.7792280
2.0433367
1.6442908
2.9056726
2.6563288
4.1008265
1.7851304
2.7133504
0.8374723
1.1488961
0.2336212
1.1714626
1.1187330
0.8619307
0.7957554
0.1847795
0.3942365
0.5338866
0.9117745
1.2128021
1.6545405
1.6517230
3.7848020
4.9494358
3.4732587
2.7268816
3.8776463
3.1813980
0.9964737
5.9407480
3.3574953
1.3184090
7.8032018
1.3815257
2.5774226
2.0566807
2.0266256
3.3266541
2.9699253
3.0276945
3.8924068
3.2149495
1.0047990
2.5210954
3.7164600
2.5792456
4.2402330
5.3190627
2.3666739
0.6298577
0.6680742
2.9327314
3.4771066
2.5736906
1.7191682
1.8156014
3.8077550
1.3355622
1.2450093
2.3116837
0.2508787
3.1062461
2.8842286
2.1887264
2.2380696
1.2734549
1.8988257
0.4006130
1.6062370
2.8278648
1.8532606
0.9477641
1.7978050
1.2498771
1.8539498
0.6281036
3.1621350
0.8542508
2.9928196
1.6188964
2.0260708
1.4174292
3.3428670
3.6768203
0.8598509
4.7167846
3.6231970
3.1300062
1.7493586
2.3237425
3.1687394
1.2570789
0.7744652
1.5155308
0.9194929
3.1617050
2.3319117
2.3699124
2.0782688
0.8212185
1.3717342
3.1705262
1.1831257
4.1744297
1.2435359
1.1133101
2.7032941
2.9869368
2.5932219
1.1239691
2.5208850
2.9196825
3.6883524
5.6173483
1.1408313
2.5970797
1.2703989
0.8426736
1.6048497
1.3571247
2.1154615
0.6634663
2.4495218
2.2711122
0.1840893
2.2550864
1.9542539
2.8241476
1.8718474
1.3925966
2.0005901
1.2961498
3.5356219
1.7786393
0.8211161
2.9820256
0.2381719
1.8127258
1.1894099
1.4437570
3.6932992
2.1965521
0.4373391
1.4922298
3.2183910
2.8035436
4.4938733
2.4920465
1.5745623
3.3366956
1.2218007
4.2858169
2.5719294
2.1215581
3.5245512
3.0227259
3.4005946
1.2613922
1.5176864
2.3728485
2.3443208
2.1946333
3.0125078
1.1013014
0.8642583
1.8376254
1.7324957
3.0875919
4.3941151
0.4045219
2.6441488
3.3079143
2.5974383
1.6069412
2.0447844
2.9315989
7.9449613
6.0342176
2.4916077
4.9378527
4.2629330
4.8736018
1.1518466
3.4728774
0.6334815
3.1106680
4.0597292
2.3639378
6.5433682
2.9649040
5.2995109
3.8929143
4.4113919
4.7484517
3.7330625
1.8716918
3.2149117
4.6088648
3.7658005
0.6776754
1.9076752
3.4740553
1.0618878
0.8470942
0.9720887
0.8679097
2.8981858
0.6886613
1.7623803
0.9127058
0.7344743
0.8972219
1.8659430
1.0173805
0.8493644
2.0785609
4.3587498
1.1333802
1.9215190
1.6715739
3.7460055
1.3629755
0.3336736
0.8516704
2.2423823
0.9777134
3.7210281
1.5723428
1.9989338
1.0391418
1.2217748
2.2614531
1.2571086
2.5480262
0.7159364
0.9063444
0.8594828
0.9860613
2.5364116
1.8781775
0.9766987
2.8444968
1.7142252
0.6891896
0.8564168
1.3296083
2.2779222
1.9577522
1.0191419
3.3374078
3.1629230
2.7434492
1.3009775
2.8643246
3.7563840
1.5787398
3.2250708
3.4454701
2.3168927
5.8969674
2.4050149
5.2871264
3.3595121
1.3195245
5.3019219
2.8090590
2.9331426
1.7243368
2.8300748
2.3179653
1.2939826
5.8792281
5.6105520
4.2031123
4.4711950
1.5426639
6.3727478
3.0566682
3.3434661
1.8576309
5.7984424
5.3633715
4.3638666
1.5467510
2.2246782
2.0727585
2.0722027
3.2606985
3.1308533
1.5433493
2.3813037
3.2285045
1.7657974
1.6350163
2.2425321
0.9898947
3.4256954
1.7269784
1.3752691
0.9157880
0.9898434
1.1734745
3.6770373
0.8157467
2.0946655
0.8944175
1.5735536
0.5357741
2.9975348
2.1303307
0.9779532
3.7082771
0.8043055
3.8273839
4.1260246
2.8282386
4.7912578
2.0712236
4.4687469
1.4166678
1.6456874
1.3669097
2.3960122
0.9781173
1.3300434
0.8606598
1.1652148
1.7731767
2.2601656
1.6263092
1.0577006
1.6597475
2.5082431
1.1720256
0.2993074
1.5783400
1.7181574
0.9412769
2.1509828
1.9921589
1.8801923
4.3571717
0.5250007
1.5563317
2.5308462
0.9407590
2.9359226
0.6843637
4.1778154
2.0872391
0.2619550
3.9653331
1.1684537
0.9339062
0.7053807
1.4618923
0.7704376
1.2319478
0.9476272
2.4346326
2.1206484
0.4350677
0.9049375
0.7585598
0.7299372
1.0166559
2.5300740
1.4812912
3.0635483
5.9509884
4.4477936
6.8097618
4.4201678
3.8408983
6.5623876
0.5901424
2.7554030
0.9839846
3.8223472
1.0026191
1.2526940
3.2948418
2.9331688
3.0579837
3.6104150
5.6987199
1.3892679
0.8520421
5.2537632
4.7341130
3.1170345
3.7911827
5.5725093
0.8008030
4.1228053
2.3018363
3.1773353
5.4224608
2.1147336
3.2082923
1.5250360
1.3822492
3.4973989
3.8383110
6.7461809
1.6077730
3.9368249
1.3861133
3.0440346
2.6965939
7.6958866
2.7506343
2.5238848
0.4331641
5.9484892
4.9801383
3.9458545
0.9970926
2.8357595
3.0826854
1.6414300
5.9237015
2.5841151
4.3150601
7.3091388
4.3331978
7.7601477
4.7713184
4.2748979
2.9725393
5.3738610
2.0235438
5.6311185
5.0619350
0.5847545
2.5594630
2.1576154
3.6800675
4.0075145
0.4962315
1.2109444
1.4626978
4.3988223
2.8051342
1.4232709
4.2090810
1.6918260
1.8367064
1.2989959
4.4103174
1.5223763
1.2273329
4.4525624
2.5456847
0.7076106
3.6267904
0.8218787
1.5977482
1.9106076
1.3432931
1.9417020
1.2819256
4.4741117
0.7500646
0.9704038
1.2980078
0.6643804
3.9519194
1.4351841
1.2014586
2.1161412
0.3173194
2.2663996
2.4117465
2.4833924
1.0778613
2.1671734
1.4436582
1.2098294
3.8544504
2.1572546
1.1148818
1.5919805
1.5308310
3.3984772
1.4179908
1.4866423
3.6061572
0.4259186
2.4366653
0.8578247
0.8670738
1.2301288
1.8728150
3.2808004
2.2880643
1.7290238
4.8283901
0.7976355
3.5411955
0.6444178
4.1490528
0.6166587
1.6916388
1.1597430
0.9479964
2.4650279
0.9465469
0.8621738
0.9345077
0.8651878
0.8016085
0.5677764
1.6006570
1.6570473
1.5562156
1.1521091
0.9471331
1.3220655
0.6645822
0.5720503
0.5430455
0.4892706
2.2481207
1.6073833
1.4868920
2.1773409
0.4534567
0.9855019
1.0829255
0.8259118
1.0049897
0.8972866
1.0924437
1.0653626
1.1215062
1.1609782
2.1138957
0.7010203
1.6010836
2.7684178
1.0226929
0.4902769
1.3272733
1.3137306
0.8537790
1.5172340
0.5111065
1.1934788
0.3104812
1.8565914
1.2455047
1.7599527
2.2294406
1.1672822
1.0234954
2.1632272
2.5562495
1.5007853
3.2585412
0.7797732
1.4478648
1.0580182
1.9667572
1.4763112
2.8593547
1.2980875
1.1485866
1.7539504
0.2283742
0.4321925
3.2902520
2.0291866
1.7358711
2.1207546
1.6030155
0.7323069
0.5796970
1.3582192
2.3201002
1.0574792
0.7728973
1.1831766
1.6832652
1.3125659
2.6878995
1.4707719
2.1738866
1.9972656
1.4950509
1.1844138
0.7293895
0.4780676
2.3088541
2.3478088
2.0342676
0.7154983
1.0381489
1.1864991
0.4704376
1.0024750
1.1118691
1.4922230
0.1887661
1.0210383
0.8728447
1.1085687
0.8748009
2.4343018
3.2864154
2.1315151
3.1735440
1.0631674
1.3195826
3.3836958
2.7495220
3.0602975
1.3468544
3.4951173
0.8396820
0.5487511
1.0396418
1.1987418
1.8498762
2.3058945
1.3597308
0.8869614
1.0279733
0.6881361
0.2234119
0.4479125
1.3288759
1.0846136
1.6745450
0.5280913
0.3902207
0.3713221
0.8789522
0.8367770
1.8850720
0.7441967
1.0669052
1.1321601
0.3008877
1.0954779
1.3820009
1.1921977
2.1867637
0.5840601
2.0507883
1.7045422
2.2173550
0.2266337
2.3858285
0.6585072
0.5841531
1.8707597
1.0514573
2.0208940
0.8582707
1.3930604
0.7485058
1.4175659
0.3310966
0.3498751
0.4963940
0.7117781
1.6048616
1.4690155
1.2892345
1.4562853
0.9033177
0.7518410
1.0271422
2.4608780
1.1763681
0.6348680
0.4294175
1.1088775
2.2597989
0.7293807
3.4264885
4.6869748
1.0719511
1.4342607
3.9278204
3.3809194
2.4536090
2.6069723
1.5316438
1.8453955
2.0291191
3.6077497
0.5436261
1.1470791
1.2733749
2.1754353
1.5353686
1.4858739
3.2108937
1.2417067
1.4122334
1.3977182
1.2985719
0.8934034
1.1421813
0.7488459
1.7276869
0.9598416
0.9243680
1.7651773
0.7364722
0.2966234
0.9237402
1.1742763
0.7799327
0.4627670
1.1572479
0.6214153
0.4707348
0.9694334
0.3696612
1.4604769
2.2113454
3.1331280
1.0983120
3.1768747
0.9346939
3.0211779
1.5377282
1.5073743
4.1535682
2.1739586
1.7726959
0.8148900
1.5892795
0.9317013
1.1410025
1.3612322
0.6702846
3.5764251
0.8091252
2.5995476
3.8470863
2.6271851
1.3327370
2.6250271
2.3570017
2.0714369
2.1113317
1.7821978
0.9393900
1.1398483
0.5576234
2.6318729
2.9002806
0.7892117
1.3346249
1.4392415
1.9711221
1.7307772
2.0109276
4.2318246
0.9593732
0.8482887
0.7925654
0.6823028
2.2183804
0.8301106
1.0818889
1.3849234
0.3073567
1.5073739
0.8579037
0.5800246
1.0715185
3.3828549
2.0885824
3.1293966
0.8269296
1.7039638
2.0716702
1.7042512
1.3988522
1.5851002
3.6606582
0.6741402
1.7669862
2.9708091
0.8295930
1.2439958
0.1836479
0.2807564
0.1461946
0.5500446
1.2992021
2.0943848
2.5700179
0.7342952
1.2016299
2.9489107
0.8489772
0.8732283
0.8818367
0.5452089
1.4113659
4.0582285
2.1019861
2.2670350
2.5492465
2.6985382
1.9268995
0.5599928
1.8164778
1.1816180
2.0055663
0.9745918
2.2378019
1.2206289
1.8168027
2.5885487
2.6562651
0.9381533
2.7438782
2.5569488
1.6144763
1.1910687
3.9797774
0.7427016
2.3542352
1.8669089
1.8125785
1.4377186
3.3330803
0.9902421
1.6316621
3.5980056
1.4150376
2.5089173
1.4695392
1.8945095
1.5851654
2.9209707
1.3252613
3.8035989
2.1793902
3.1434733
1.1906361
3.4883600
2.3894251
2.1410408
4.2579922
2.2206759
3.6831874
1.2194660
2.7652972
3.3005098
1.8415495
3.6812647
4.3443906
2.6582957
2.1545364
2.6640625
5.9909265
2.5900904
3.3495880
3.3481178
4.2865455
3.2860093
1.5880301
3.6873051
6.4093195
2.9094674
3.5336969
4.5581060
3.2519388
1.7382442
2.2000284
1.8895705
1.1013583
3.0301622
2.2736221
1.8120846
1.4752999
1.6849841
1.8952937
1.6623198
4.4082562
3.8424600
3.5021744
1.5363225
0.7272483
2.9315367
1.5427433
0.5954436
2.3211200
2.0294503
1.5604161
3.7910910
1.0334213
1.8390978
3.2524979
0.4489708
1.6084183
2.0726883
3.1022535
1.2109636
1.2695201
6.4142484
2.6681827
1.8902810
2.2540063
2.3839816
3.4365819
5.4572679
1.4887540
3.8774385
1.8950912
3.7010252
2.4693697
2.2130636
2.0434226
4.5012059
3.8828913
1.9530907
0.6106974
1.9049036
1.3750197
1.2953872
1.3571600
0.7014333
2.7418464
1.2687176
1.5817378
2.4620147
3.4875816
2.5050100
1.1123689
1.1371175
0.5243640
1.4134523
2.0767562
3.7750763
1.2543869
1.7481633
0.6388116
1.2735563
3.2703529
5.0832391
1.8749596
2.8779033
2.2883769
0.5695703
2.5912742
1.6478792
1.7297773
0.7982934
1.8697735
2.2068073
1.2202660
0.8060099
2.6127147
2.6028541
3.0235949
3.2327925
1.9587373
2.1065605
1.7050071
2.4176001
3.7076941
3.0418268
4.6533582
4.2010391
3.4920831
3.7768092
2.1145809
3.1970335
1.9705342
4.0172123
0.6442281
2.9029037
1.4681830
1.2964512
1.0364994
0.9717157
1.2460871
1.4837343
2.4824957
2.7136559
0.8794470
3.7292059
3.3993940
2.8877325
1.1146863
1.9562398
1.3964206
1.1331215
0.9412451
3.4177952
1.3560643
1.3558495
4.9921687
1.0707707
1.5204949
0.6879089
1.4786590
4.4385798
0.5325582
2.4179342
3.6604604
0.6127376
1.4457015
2.0665759
0.8073396
1.1811811
1.7575693
1.7500909
0.5763256
0.6162636
1.2004594
1.4245577
1.3199566
1.2372544
3.0813156
2.3157150
2.0073168
1.0834979
1.6818423
1.2540206
1.6133236
2.2677438
1.7537882
0.8246730
1.0570923
0.4635438
1.4321549
2.3695468
2.7428341
0.7998089
1.1355162
2.8381801
1.8797022
0.8649942
1.0366015
2.0371707
1.4146299
1.4772616
1.8209734
1.7295965
4.5944712
1.5971657
0.8016191
1.5964478
3.0039457
0.9238459
1.2323159
0.3273520
1.1645639
1.2431692
1.1626844
0.7243599
1.7250887
2.6438569
0.8254725
0.9814667
5.0062677
4.9727963
5.4658160
7.2236944
6.7953560
5.1702116
8.1776404
6.0901827
8.5170982
7.4870131
3.8750073
9.7570399
9.9286904
8.4517462
11.5027111
10.8753604
9.3909429
4.2291668
5.2996462
4.7390765
3.3938507
3.0032473
3.5256386
2.5907833
4.1342414
2.6340938
1.6104457
1.6601238
2.4766897
2.7526442
1.3749526
2.5234239
4.8656642
2.6065916
4.1091615
3.9131186
3.4361768
2.8545669
2.7352638
2.1944241
2.4675621
3.1129377
2.2607475
4.0322218
2.0154184
4.4030587
3.3122574
4.6874366
3.2593057
3.6125607
9.2496095
6.0919706
7.0433200
6.1642083
10.3380707
9.1682088
8.2473506
9.3511829
9.9744390
9.1396350
9.4117256
7.8508577
6.3716372
7.8526428
8.7822520
8.7494344
7.5507715
7.5920589
6.9408299
6.3658739
5.6668427
5.5438615
2.8062389
3.8532076
4.8741524
4.0302468
3.8862160
3.0679851
2.4386755
2.9756102
4.7360976
3.6741909
2.2190674
1.6297098
1.4548299
2.1411923
1.3427147
1.0202030
3.2626678
1.9585184
2.1065462
0.6740275
1.0803551
0.5652581
1.7195538
0.9879971
0.7925210
1.4149950
1.6447484
2.2139526
0.5757542
0.7837979
0.4770012
1.3445201
1.4170125
1.3359789
0.4942578
0.8984175
0.8168886
0.9423632
1.0941284
1.7252305
1.2728530
1.1699554
2.1497169
2.0652525
2.3690692
1.5466691
2.5702740
1.0487270
1.6196362
3.3668772
1.7223884
1.1041326
1.2383725
1.4126889
0.7700376
1.8469228
1.5775033
1.1218090
0.6983002
1.2073481
0.7276543
1.1952321
0.7053437
1.8895525
1.9059705
0.7862506
1.8736605
1.4024408
1.2060772
3.0985176
1.4934701
1.3395141
0.5344638
1.7997119
2.0619363
3.4355843
2.0146970
2.6239819
2.2876289
3.1484921
1.8773509
1.4777949
0.8096183
3.2292697
2.3585626
1.4699913
1.2077994
1.8790833
1.7600399
1.1088333
1.2467195
1.3310746
0.9126243
3.1797227
3.1297040
2.6433353
3.6110348
2.0356271
1.2973762
0.5165860
0.9177929
0.6575957
0.6196785
0.4203168
0.9940373
1.1448200
1.0562463
0.6027801
0.8773417
0.6047101
0.3386881
0.9021292
0.7316970
2.0154925
0.8584993
0.4312987
0.7817871
1.1320698
0.9873175
1.2393517
1.1460833
0.2967941
0.9560865
0.9243197
0.3163144
0.5661721
0.7826796
0.6542865
0.9102988
0.4507942
0.7241204
0.8220131
0.8389558
1.6320970
0.7757122
0.8383885
0.7829550
1.3556270
1.3321461
1.6790309
1.1784103
1.3177626
0.4735718
0.6491385
0.4084937
0.8970152
0.5791909
0.9471669
0.7206524
1.3594432
1.0254555
0.6633022
0.9157545
2.5425304
0.3199923
1.8842666
1.4991982
2.1279828
1.3638740
0.7270930
0.5039120
0.7248065
0.3945950
0.6670109
0.8079610
1.9087046
1.3007989
1.3232824
1.7319643
1.9655328
0.4695659
0.4607618
1.3116580
0.5974239
0.7087231
0.4995424
1.2812291
0.8066791
0.7091649
0.5785489
1.4597117
0.9790255
1.6018037
0.3567924
1.1399006
0.6509232
0.8343179
1.6341696
0.3383921
0.7872990
0.6754451
0.8017316
0.3338505
0.5549362
1.8947471
1.0702646
0.3694179
0.6135143
0.7008414
1.0101394
1.3353627
1.3132582
0.4884715
1.3714041
0.8852374
1.7574384
0.5923605
1.7346339
1.2439386
0.8139425
1.2295826
1.4226961
2.6171117
1.7130197
0.6383153
0.6985154
3.3771207
3.3538761
0.6283613
4.4411739
1.5968466
1.9074680
1.2177137
3.2280098
2.1442211
3.6689314
2.6033522
3.0807819
2.4548517
1.0684075
2.2372384
2.4947135
1.8489336
1.0066610
4.9086766
4.0755191
3.1843042
1.0752564
3.1205448
1.3594491
2.8159799
5.1088075
5.2989302
3.9898198
3.4065426
4.7920424
6.0512804
7.4440406
2.1076151
3.1865730
5.9895746
1.3907144
3.2747811
4.1204299
2.1578908
3.9501414
3.2156085
3.2812858
2.3316939
4.7491032
1.9663632
2.1315997
1.3183523
2.6955799
1.6184512
1.4399414
1.2586653
0.9203805
0.9399477
2.3594267
3.9636392
1.6828172
1.6350408
2.7446443
2.7818569
2.3567645
2.3165584
2.1780770
2.9548217
2.4367664
2.2456006
3.1152965
0.9815860
1.8909820
0.8598829
1.0763287
1.7782085
1.4203538
2.0823494
0.3097626
1.0004990
1.1414454
1.3890416
1.1050621
1.5285401
1.4419815
1.8604125
2.0036110
0.1829320
2.2137454
1.6191405
2.8877325
2.0876208
1.4300565
1.8807641
1.2972208
1.4920143
0.2351190
1.8182404
1.3694373
1.9155550
1.5059397
0.6809119
1.3404764
1.7070404
1.9278661
0.4556227
1.1604937
1.6620742
0.4526898
1.8944145
2.5089315
1.2357682
0.3823911
0.9794588
1.2370309
1.3577459
1.1741500
1.1276364
0.5333080
0.8029585
1.1971533
0.6985121
0.8979636
1.0035162
2.9514125
0.5905039
1.5890248
2.3562384
1.8049787
1.3482483
1.5507237
1.9292178
1.8786368
2.7007078
1.6785711
0.6034184
0.7409894
0.3899280
1.0103468
1.3133778
0.8240568
0.6685264
1.3620037
1.0317482
0.8800597
0.7527002
1.6411494
1.0238238
1.1890130
1.3551144
1.6516071
1.1901585
1.2240415
1.6213688
1.6675308
1.8920227
1.2278286
2.0909953
1.0643102
1.8338033
1.5612921
1.8129473
0.6993653
1.3659176
0.7312384
1.4384618
1.3218556
1.0035344
1.4992655
1.0986586
1.3631357
0.6530474
1.3380353
1.2407348
1.2640990
0.4972961
1.2558949
0.7739663
0.4222883
0.5258083
0.5639325
0.7830797
0.7443973
1.1784931
0.7276737
1.1576434
0.4945003
0.9106744
0.5969124
0.5647897
1.0147928
1.7952888
0.8146971
0.9740356
0.9335017
1.0650542
0.3107174
1.5283058
1.5269606
1.0675951
0.5596883
1.4875512
1.0825768
1.1492525
0.5535471
0.5509512
1.0319518
0.9324252
1.3075434
2.1812245
1.7147149
1.4143304
1.3261184
0.9600835
0.8942209
2.0171605
1.3351500
0.7403201
1.7338534
2.0288590
1.9081272
1.3660977
1.7760278
0.5992009
1.7646209
0.6307976
0.9321649
0.6499129
0.9030200
1.3458136
1.2718512
1.6635542
1.0450220
0.4993590
0.7851462
1.6396607
0.6428271
1.7057775
0.8500209
0.9911414
1.3196208
0.9938999
1.2038729
1.0796352
1.3581570
0.9126203
0.9687236
0.5889784
0.6445440
0.3604694
0.4905259
1.0559077
0.6359191
1.5915928
0.1595981
0.3516080
0.2474758
0.8759453
0.4467299
2.1710797
0.3056507
1.2918496
0.8091540
1.2145144
2.4074936
0.8732355
0.2433069
1.9264418
1.7530638
1.0580239
2.8688747
1.3077385
1.1036149
0.9495515
1.0811396
0.3350286
0.5303916
1.2299405
0.3725187
0.9814385
0.7827834
1.0274392
1.3905032
0.4829807
0.9083356
0.4988564
1.1010200
0.7532040
1.1321391
0.4872354
1.1831544
1.6891328
1.2971595
1.3658273
1.4584501
1.1079611
1.0383418
1.3308694
1.0696097
1.5126411
1.0163167
1.6329674
1.2083356
1.9270190
0.3039987
0.4460360
1.1499741
0.8275290
1.0067965
1.0252357
1.5233335
1.2336288
1.0417090
1.1897769
1.3341066
1.7626186
4.4159080
2.8377403
1.0528257
0.9326335
1.0029325
2.3603242
1.7091352
1.1688414
2.7165043
2.5724698
2.2802546
3.0253707
1.1137815
1.2297336
2.8019922
1.4163454
2.3279336
4.7859202
3.9456644
2.9312716
5.9458729
5.7539542
2.5045261
3.1047913
2.1309790
1.0058738
0.9469984
0.4270700
0.9168595
1.0106785
2.6566779
1.3491849
1.9981833
2.1311572
1.1771168
2.0185907
0.6374095
1.3811254
1.9777701
0.7543710
0.7412939
1.6355053
0.9817653
0.9985286
1.4534742
1.8081581
1.3208848
0.2783265
1.5660442
0.8786125
0.7724026
1.7043932
0.5022097
1.2864436
1.5321828
0.7442722
0.8969539
0.1444057
1.8747987
2.1605191
1.2618044
1.0036601
1.5823950
1.1360536
0.8971685
4.9905342
1.3092851
1.7774292
0.6471733
0.3705915
3.1309011
2.3393534
0.7730716
1.9960499
1.9080599
2.4386458
0.6065525
1.1696222
1.3192309
0.8854680
2.0325035
2.0894675
2.1604555
2.4479436
1.6595967
3.1311469
1.5236184
1.2724780
1.3981266
2.2187306
1.3071500
2.0456693
2.8397195
3.0409694
2.0359934
2.3163628
3.0315368
2.8476280
1.7564961
1.0961080
4.0523811
1.4944226
2.0502044
4.0652995
2.3781039
3.6147380
2.2068292
3.1377110
4.6691821
1.6125928
4.4153858
2.6422748
1.0997297
3.1303285
2.1386320
5.3548764
2.6950056
2.9590820
6.9488454
3.6000763
3.5349099
6.1350834
3.9799354
4.3809684
4.6532184
3.0723551
2.7308224
2.0878847
3.2731681
1.1986893
1.0106083
2.5834531
1.2862379
1.0848976
1.2195210
2.6829127
1.5196528
1.2052027
1.5521793
2.5192979
0.7949527
1.2323713
2.1378920
0.8821569
1.8247199
1.4332344
1.9174790
2.0600532
1.6449301
1.6139231
1.8294001
0.4901281
1.3042863
2.5646600
1.1737727
1.3870157
1.6706439
1.4608920
1.1081205
1.5449608
2.1937941
1.9104815
0.8309945
2.3934682
2.1983115
1.5768086
1.1270704
2.4750353
1.4724456
3.4868137
1.0929888
0.7966875
0.6671117
1.4153131
1.9863555
0.8177163
1.5691183
1.2380191
1.4638503
3.0701063
1.1752132
1.1865426
2.8144413
3.1461012
2.2732659
0.6921610
1.6740331
1.7549823
0.8091655
0.9993789
3.0073412
0.5398162
2.2945135
1.5614242
0.3477007
3.7555483
2.2441434
1.4040572
0.7515605
1.5056831
1.9839172
1.1376438
1.0521809
1.4933944
3.2708669
5.2682678
3.0196156
2.7020667
3.6035322
1.7880740
3.5664815
3.8247458
1.3757633
0.7883861
1.0839773
0.6855924
1.3999325
1.1240444
1.8681782
0.5786313
0.4764973
0.4634286
2.0685383
1.7160991
1.7153282
0.8990568
0.5333921
2.4097203
1.3321327
1.2543520
0.5444324
0.5610159
1.7119131
2.9328361
0.5716779
2.6555117
1.3778507
1.2004149
2.1524227
1.5920817
2.7510774
1.5415521
1.6034649
1.2339197
2.3075267
1.1331663
0.7837578
1.1140224
1.8012511
1.3326719
0.5958560
1.5038849
1.4818828
0.2352062
1.2425285
1.2898369
2.5631471
1.1263505
1.3501972
2.8785935
2.5094301
1.8845337
2.6363174
1.9411715
1.4556385
3.4691388
1.1117756
1.7205904
2.7784962
3.3305342
0.8168461
1.5156662
2.4868365
1.5447837
2.5665636
2.6050357
1.5447500
2.1924151
1.3417143
1.1297909
1.8711826
0.0620182
1.8554181
2.5167232
1.5845085
1.7497287
3.0578236
1.7203369
3.0959607
1.9156241
1.3071324
1.3094896
0.1682942
0.1704203
1.7469586
1.2280151
1.1130182
1.6044004
2.0738064
2.7908972
2.2364099
1.1694334
2.5569643
0.9084731
1.7240372
2.0680142
1.5593045
2.8709284
2.0812676
0.7455898
2.3630192
0.7507991
2.3893412
1.3470245
3.2173673
1.2767896
1.4536610
2.7446461
2.2619451
1.4793691
1.5312902
0.9389382
1.3583119
0.8454506
1.1225452
1.7338535
0.5863014
0.4507910
1.0313052
0.9605972
0.3104404
1.3013457
2.0003847
1.3721212
0.2403703
0.6610583
0.9746607
0.8010136
1.1696531
1.5348700
1.5509084
0.9973421
0.9201599
0.6957259
0.6983525
1.3430451
2.8030039
0.9305749
3.5096496
0.5001183
0.9111008
0.7042466
2.5177741
0.6028350
1.4428150
0.9634615
0.6588044
1.9259833
0.9684869
0.5886867
0.9389640
1.5266115
1.6722898
2.3825981
1.2577149
2.2783840
1.2025126
2.0570405
1.6948555
1.2416298
3.3612476
0.7208074
1.5221098
2.4606638
1.4694731
2.3620393
2.8447482
2.9264376
4.6278780
1.3403748
4.8753099
3.1764222
5.9501814
6.1101959
3.3829074
2.1730758
2.4018195
1.9917800
2.5855299
4.5465658
5.1852387
7.9138733
9.7270855
6.4688690
7.9761129
4.9275961
7.0416724
5.8319164
10.5912925
5.7757015
8.9675697
7.9898807
4.2797561
8.3786751
5.0539850
3.1775474
4.2934011
3.3418418
2.9926994
1.6968011
3.8387683
4.2617365
2.3874709
2.3834928
3.8535227
3.3969240
0.9681838
1.2376501
1.8609576
1.1168733
1.0162643
2.4940637
0.9976984
1.4617349
1.3805106
1.2896502
1.5226206
0.6022118
1.6066905
0.6040710
0.3136628
0.1633010
1.5278954
0.7763224
1.9579025
2.3615292
1.0861458
0.7015170
0.3833296
2.5566862
1.3798482
1.3990457
0.7583094
3.5576643
3.3190744
3.7598812
2.4157944
1.3793779
1.5152272
1.1475317
3.1189942
1.7684454
2.6900045
2.0803195
3.4448000
3.4664807
2.5385761
4.2481597
1.5066055
3.5223231
3.1477458
1.3950288
1.4008566
1.2114294
1.6067790
0.6244362
2.0621301
1.3860497
2.1583378
1.0255169
1.5994110
1.8301525
2.2980633
1.4579380
2.4919525
0.9676404
1.9562295
0.7092816
1.7560493
1.4429804
0.3601846
1.3400489
0.4156249
1.6442549
0.9345139
1.7154323
0.6154260
0.5428030
1.1697563
1.3435428
0.7970475
0.7627249
0.8972536
1.7186942
0.3706092
1.3282164
1.0566692
0.3639282
0.9389294
1.2933130
0.9501133
1.0125641
0.5921545
0.5325056
2.8710806
1.6915193
0.8693734
1.0819762
1.5245304
2.2610771
0.5193656
1.0697217
0.3870959
1.6220238
4.5897938
0.4427882
2.2702074
0.2994010
1.8502396
0.8589331
2.8070035
1.3288282
1.1061287
2.4495416
2.0657873
1.1972383
2.0715293
1.8101088
2.0152408
2.2605047
1.1348226
1.2230326
0.7256196
2.1020379
0.7135651
1.1667290
0.9913924
1.3439891
0.8168514
2.0037511
0.8204728
3.0434044
1.5756100
2.7136503
1.5532638
3.9928999
3.0058135
1.4699345
2.1583720
2.0209186
1.0782073
3.3149781
2.2517106
2.3927897
2.4494490
1.4857570
2.1901358
4.3963474
2.6178183
1.3587186
2.1078425
1.8432765
2.0592803
3.4558777
1.0636689
1.3413522
0.7311074
1.4812848
1.2335392
1.8388674
1.7531558
1.3122815
1.9953848
2.2776525
2.1636479
2.0394158
1.9435226
3.2413668
1.5251177
1.8424932
3.6402324
2.1674604
2.6446676
0.5897772
1.0758147
2.6417987
1.3461119
1.7886359
3.2636241
2.7147696
3.2198420
4.6291880
0.9748815
0.7856490
1.6797169
2.6587244
0.6699809
1.5079099
2.1977496
1.3663603
5.8926940
2.7533704
1.9419207
1.0281816
2.3304860
4.0160157
1.8674892
1.8951767
1.9959036
0.6524001
1.0725789
1.5468306
2.1847019
1.1474978
3.3138073
2.0932408
2.9308854
1.1929209
3.4514444
1.2139073
3.1461306
1.7064984
0.8059462
1.7396932
3.2707772
1.8271142
2.0550147
1.6141549
0.8088094
1.1721251
0.4468989
2.7918606
2.2047760
1.7297549
0.9654760
2.3844764
2.7459282
2.7828723
0.9546049
1.6237694
0.9827499
4.6465329
1.9144558
0.8136764
2.8568551
1.8166388
2.3658333
0.3446993
1.6920904
2.0325535
1.8582771
1.6334828
1.3040483
3.1523424
2.0844567
3.9232827
1.0655710
2.5741492
3.0062214
0.7686753
0.8760976
3.4102097
0.9310374
2.3574252
2.2495277
0.6042523
2.6686834
2.2536109
2.1049756
1.4709774
1.3136475
2.0023930
1.1817860
1.1619378
2.1329836
1.0169738
0.9252003
3.1655082
2.6906907
2.5332747
2.5558063
2.3185407
3.7605962
2.1741498
1.4681435
5.4800907
1.0437863
0.6280622
2.0941708
3.3338248
2.7890916
0.9832026
1.0405378
0.7237317
1.2113480
1.4574228
2.5020084
2.5897518
1.2072223
1.5476409
1.6947525
1.3350292
1.2866456
1.0424619
2.2171257
1.1144749
0.9773572
1.7842790
1.5654558
2.4516720
1.1489371
2.4177235
1.0226656
1.7902414
1.7666801
1.9464133
1.4883200
1.0796502
1.3197181
1.1356053
2.0322901
1.2705048
1.3740477
1.5037752
0.4073665
1.6393664
1.7201044
1.5321579
1.5636645
2.1199460
1.5282189
1.8320838
1.2362609
1.0358013
1.5595079
2.3896060
2.3244860
2.6653812
3.1380813
2.2096561
1.4138918
1.5664463
1.1421767
2.8252791
2.0615463
0.7294136
0.9279927
2.0261321
1.7234954
0.3315624
1.8449950
1.3246468
1.9528582
1.1926469
1.5365744
0.9994990
1.8458404
1.6372027
1.4939584
1.6249978
0.9997708
0.2859537
1.2275583
1.1006368
0.7251600
1.1160101
2.0534559
1.1924019
0.8702650
4.3855921
0.8383508
2.2048899
2.3257230
2.0976046
1.6169351
1.6827135
2.2413502
2.0755357
1.7664358
0.8696128
1.5350775
2.4443322
1.5503105
1.9689882
0.4650714
0.6931854
0.6386887
2.0154652
1.1715889
2.7610883
1.1262035
1.6257225
2.2044970
0.9429853
0.8531176
1.9332615
0.2449783
1.8509855
3.1662582
1.4736582
2.5253060
1.6276352
2.6643334
1.4465798
2.1617991
2.6750660
1.7220085
1.2598611
1.9025928
2.0253795
2.4402658
2.1265060
0.7943796
1.5480696
2.5843060
0.6096750
2.8262717
1.2574765
2.8647404
1.7225015
3.2460738
1.5362087
2.8048396
1.2893644
1.0888755
2.1919742
1.0425115
0.9072285
1.1239635
1.1223895
0.8987580
2.2260298
3.4010815
1.7660773
2.1529181
0.7499345
0.9079452
0.8872689
2.6561973
2.1468861
2.5065117
1.1245406
0.8335921
0.5131476
1.1359767
1.0611929
1.4483948
0.8906314
1.8780295
0.3731543
0.7786659
1.4344567
1.3113274
1.1234160
3.6094157
1.4075542
1.5298602
1.3089251
1.8295124
1.4976945
1.6053861
1.0192092
0.2780101
0.8255661
0.9872066
1.7964521
0.9362856
1.4882347
1.8415945
0.7185848
1.4042146
1.3577465
1.0520368
0.9114460
1.7018408
0.4785604
1.8556419
0.8625844
1.9121943
3.6539757
2.1372377
0.9598188
2.6669712
1.3343353
1.9188772
0.4475367
2.6880588
0.6935124
2.3795146
0.6056542
0.6942120
1.2487167
3.0834470
1.2062530
0.6354864
1.0568742
1.0175085
1.2635168
2.7364153
0.5417583
0.6522873
0.8475201
0.8964438
0.5966937
0.2848009
2.0636863
0.6908417
1.1751498
0.8521813
1.1087414
1.7144984
0.7749953
1.8154754
0.8055311
1.8523365
0.9039708
0.8718475
2.2405247
1.8049987
1.1690849
0.1247571
0.5652278
0.7049885
0.1408347
2.2894462
0.7657247
0.8919266
1.2310303
1.0208994
1.6226119
1.4689148
0.8600570
2.2286192
0.6703153
0.6530779
1.0887747
0.3189282
1.2845447
0.5890670
1.5070605
0.2381710
4.6158514
2.7376863
0.8474137
0.7348614
0.7101492
1.9447356
1.3205935
1.0898902
1.2095266
1.0062639
0.7349068
3.4489519
1.0553140
0.1842564
1.2174955
0.5385485
2.3851207
1.0714219
4.0517695
0.6655011
0.7073830
1.0967250
0.6307494
0.7612988
1.6676725
1.6426900
1.4902731
0.6613302
2.9642437
0.7101700
1.4018739
0.9037440
0.2795392
2.2490019
2.2446644
0.3916840
0.3021040
2.0072921
1.9404413
0.8593307
0.4066190
2.9561916
0.3388511
0.3450740
1.5419140
1.1588074
0.7293080
0.5741668
0.4420145
1.1470747
1.5760426
1.2356113
0.5396002
1.1171945
1.1891232
0.8246281
0.2676608
0.6017384
0.2427426
0.7203398
1.3076743
0.5574663
0.8201379
2.0857046
0.5320264
1.2356833
2.1387068
1.1359824
1.0287930
1.4143158
0.9273400
0.7936633
0.7026933
0.9390129
0.8276281
0.4731996
0.9465143
0.4902991
1.0644612
0.7643544
1.3455262
0.6291507
0.9303093
1.4458763
0.8884891
0.7652981
0.9409385
1.0991063
0.4401988
0.2512775
1.8783373
0.8696402
0.6651674
0.8544238
0.5807496
0.5797754
0.6799372
0.7989760
0.5414972
0.8253954
0.9564539
1.0936394
1.2238632
1.1203171
0.4597264
0.6665520
1.8798218
1.1633153
0.7360052
2.8700517
2.7348161
0.9204651
1.5631906
0.6234372
1.6608180
1.0303247
1.1239517
1.6074767
1.3320510
0.3106125
0.6197550
1.0825898
1.5683626
1.2707570
0.7040316
0.1652400
0.4185486
0.4049590
0.8234919
0.9554985
0.4806830
0.5249774
0.5863649
1.7338407
1.0710093
0.6987630
0.7116456
0.9425174
1.6633778
0.7908702
0.4622591
1.4955371
1.9798449
0.9012468
1.3652541
0.4525244
1.1349181
1.3795491
2.4354379
3.6269567
3.2353125
1.5054295
1.0168776
1.6545757
3.8367357
1.4644381
2.5062358
2.6653932
0.9061557
2.7984063
0.5280370
1.5689412
0.6624523
2.3678202
3.0383805
2.9044423
1.6054027
2.6844080
1.3257742
1.6385845
0.8353355
1.4058017
2.0662417
1.3843442
1.9993203
2.4154524
1.4703966
1.1793197
2.2934484
1.4526478
1.8063787
2.2080921
0.8467921
3.7165443
4.4824552
3.3091602
3.4014426
1.0056553
3.8371597
2.3640427
7.6897658
2.3914055
2.5850621
2.1602181
0.9321232
1.9028100
2.7389469
2.0778785
2.1400698
7.8756982
7.0498331
0.5881540
0.9256715
2.7596839
5.3225549
3.9658824
6.2227565
4.6088311
6.5847926
2.2072769
0.7770534
4.5223566
2.8425847
2.1557102
1.7987137
2.5936851
1.1389508
2.2761225
1.4600651
2.8232560
3.0092233
6.9221024
1.6971615
3.4313965
2.0368153
0.7804636
2.0596125
6.0785284
7.0494705
3.2813027
3.6852608
10.5073942
2.0599763
1.1077150
4.6201887
7.6047107
9.8959047
0.7194625
7.1175960
4.2450375
1.8079844
11.7119372
2.7332266
1.5423332
23.4147361
1.2511966
1.5131705
2.5988909
7.0677932
2.1872722
1.7287769
6.1644640
1.7439425
6.2576339
7.8083677
5.1721246
3.6110889
3.6457015
1.8069181
1.1630639
5.1612626
7.7143133
2.7076961
4.3706321
6.5707443
1.2911168
1.7367400
6.4111254
4.0500213
1.7193540
1.4006622
7.1304523
2.0869714
1.5199397
3.8096897
1.5607559
1.9487815
0.8501945
0.5902337
4.5469322
6.3559596
3.3498890
4.8641446
3.2018661
2.6854663
6.9968974
3.8901106
8.6396137
1.9085097
5.1963308
3.8876387
4.6033682
6.0263775
1.9886704
0.7557456
3.1772341
5.4043142
1.3192143
0.4814981
2.3630668
7.5178447
9.5039262
13.8816879
11.7384135
11.0149121
6.7472382
12.1064773
7.0528599
8.6299959
4.5825568
1.7408086
0.6000456
0.9953097
0.8845394
0.8904811
1.5118948
1.0570457
2.2157145
0.4656510
1.3741627
1.1258906
1.2901956
0.6118233
0.4528295
1.0114508
1.4467670
2.2557464
0.6790670
0.5906558
2.2873875
0.7292740
0.6864534
2.8967107
1.9112816
1.6866861
1.7596316
0.8318189
2.0912935
1.6100649
1.4114484
3.8818460
1.1451629
0.7128186
1.1315779
3.6495910
4.2976815
2.3235884
1.8729745
2.3661460
4.2059077
2.6827669
2.7141726
2.0634677
1.8668775
0.8478198
1.6591941
0.9551809
1.1858212
2.5452188
0.8094832
2.1393853
2.2616453
2.9643284
0.2864465
2.5646182
2.0733622
2.1948294
0.7175749
0.9824525
1.6183616
2.0850480
3.3166489
2.5217582
2.7222693
0.9794794
2.2834676
2.8441462
2.6369481
5.2065052
2.1583310
2.8148071
5.9992859
2.2617306
1.9193704
2.1073667
2.2323163
3.3401532
2.2088033
2.1642929
2.0600282
0.9667080
1.4285871
2.3879718
1.5043713
1.7932299
0.7351635
1.1203421
1.3699550
1.5323095
0.7305390
2.8594894
0.6497125
0.3601659
1.3780648
2.7106414
1.3313291
1.3727777
1.1422038
2.1490818
1.6917744
0.4049653
1.8999963
0.7105810
1.1530248
1.2056205
0.5005866
0.3305921
1.8375513
0.9224915
0.1813971
0.4207194
1.7046481
0.4591538
0.7143264
2.2680488
1.0304373
1.1377406
0.7840020
0.8601886
0.6393945
1.1173405
1.2125522
1.1224401
0.6232476
0.4647777
1.3051584
0.9000212
0.8249082
2.9072687
2.2073583
3.3653583
1.2620275
1.9680734
2.0743289
1.6005554
3.1658578
3.0667979
2.5177614
2.5485668
1.8884925
2.8447248
2.3741971
3.0778109
1.7432320
2.0391329
2.0584293
1.8989038
1.4561058
1.5856186
1.6759738
2.6140748
1.1341590
1.0940524
1.0560320
1.8074343
1.6972995
1.5234343
1.5601223
1.5278723
2.0290782
2.0466151
0.7115641
0.7699371
1.3672487
1.9928229
0.6560969
2.0362386
1.1982455
1.8935342
0.8475193
1.6282859
1.2122147
1.1551525
0.7929879
1.2494616
0.1748091
1.2023548
0.5592475
0.8948208
2.2864893
0.4210728
1.3134767
0.7335871
0.7108827
0.7543143
1.6942171
0.3321398
1.6597307
0.5756183
1.8730255
1.9462524
1.0804986
1.9688864
2.1010925
1.1580343
1.0831336
0.7011845
1.4894151
1.0026813
0.9476278
0.8566597
0.8568695
0.7597177
0.5717731
1.4181164
1.6753608
0.8077482
1.2186829
0.4892954
1.0770260
0.7030140
1.1452284
0.3699168
1.0033289
1.1947595
1.3453661
1.0399427
1.5773215
0.4844373
1.2726057
0.9642153
0.8172503
1.8026099
1.8707161
2.9384679
1.7468317
1.9687277
1.8601509
2.2057899
4.2349611
1.9686692
0.9387487
1.2603645
2.8580942
0.8385206
2.6430522
1.8646143
2.1734488
1.4527513
2.4647406
1.8797834
1.6787406
2.3838103
2.6959775
2.1958384
1.4741589
2.4164458
0.7817258
0.9002949
1.2931351
1.1581977
1.2950799
2.3030786
1.4008086
0.9053588
0.8274547
0.5544016
0.4052175
0.3377951
0.3793162
0.7988270
2.0336992
1.2985842
0.8114135
0.2936455
0.3313902
0.2698219
0.7866704
1.1336299
0.7388489
0.9025169
1.9259914
0.7831501
1.5375387
0.4535381
0.7369990
1.0734803
0.8173513
0.5525383
0.5472998
0.8906690
0.1850112
0.5622711
1.0602330
0.4546797
0.8653856
0.7338606
0.9603678
0.3713559
0.5947666
0.5318080
0.5275080
1.0693003
0.7481313
0.4168140
0.8979308
0.7421110
0.3649753
0.5916109
1.2311106
1.2138340
0.5432219
1.2158691
1.4646743
0.9794523
1.2881490
1.2290201
1.9758751
1.5496186
1.6955327
1.6282739
1.6114158
0.5940662
0.8082547
0.4506002
0.3066428
1.3732724
0.7570006
0.6305529
0.4664618
0.3786455
0.6179883
0.4061675
0.7672750
0.6601276
0.8333603
1.6988145
0.2898348
0.5264075
0.4774488
0.8829782
1.0395998
1.1532959
0.7856113
0.5892806
1.0210075
0.6329643
0.8502583
1.1235670
1.3019874
1.0421137
0.8714791
0.8236933
0.3769585
1.2670130
0.8618858
0.6658146
1.0766285
0.8070911
0.5388816
0.6729355
1.0112669
1.2284118
0.9907697
0.1273310
0.4175257
0.5934678
0.8688133
0.4546121
0.7005519
0.7054744
1.0016853
0.9230496
1.2909067
0.5080279
0.6882266
0.5763008
0.6002780
1.0456206
0.7418387
0.8729001
0.7466229
0.5008901
0.4132449
0.4599013
1.2902833
0.8867269
0.8675613
0.5748343
0.6797478
0.4051011
0.6884184
0.3759021
1.2745239
0.7660012
0.8738905
1.2305758
0.9428964
0.7333858
1.0123112
0.9957157
0.7106267
1.1811401
0.5005217
1.0005433
