0.9863743
0.9640927
1.4491255
1.1536163
1.0595894
1.2432407
1.0219462
1.3567491
1.2883353
1.3342792
1.3140983
0.9748242
1.3270856
1.2648264
1.0392221
1.0888744
1.5986711
1.7336787
1.1238353
1.9429206
1.4707914
0.9189764
0.9134376
1.2235365
1.2829319
1.5850227
1.6152787
1.8180619
1.0474508
0.8087472
0.8139197
0.7838650
1.8222713
1.4436689
1.4222744
0.7804620
0.9660332
1.9662560
1.4719290
1.0598241
1.5285245
1.3514932
1.4024523
0.7457659
1.0521218
1.2957712
0.9124142
1.0086717
1.2746367
0.8172967
1.4474081
1.2169450
1.4132268
1.0108129
1.3378815
1.2846531
1.8076199
1.4312515
1.2984287
1.2032288
0.8190180
0.7223129
0.8707290
0.8039460
1.1394456
1.1285617
1.5535030
1.3960234
1.3113841
1.6775715
1.5623322
1.5352012
1.0430801
0.9175971
0.9040129
1.6997057
0.8883589
1.2916408
1.0056363
1.4997684
1.0609859
1.1571640
1.2243328
0.8909945
0.8262555
0.7826946
1.3044751
1.7509250
1.8953304
0.9703629
0.7545667
0.2908408
1.7827848
1.1176362
1.0548582
0.5913139
0.7241813
0.4557960
0.8309975
1.5190481
1.2512898
0.2836368
0.3274864
0.5528515
0.6117658
0.7406085
0.8358494
0.8443151
1.6878101
1.6037204
1.1542621
1.6350156
2.1402063
1.9828436
1.5121818
2.4652923
2.5197701
2.5724279
3.3360728
2.6411337
2.1309688
2.3484861
3.4404155
3.1273947
3.2382379
3.4364408
3.1439650
3.5643652
2.4927375
2.1075589
2.8913528
3.5476257
2.8651219
3.0080432
3.4458743
2.8978031
2.3127506
2.8573886
3.5215068
2.3388788
2.3126161
2.6488556
4.2936817
3.7989693
3.5949479
2.4192160
2.9697506
2.1174458
2.6730016
2.2068994
2.8675991
2.7551944
2.6491917
1.4801149
2.3792328
1.7391685
1.7234605
1.8137382
1.4622769
2.1771117
2.5240656
2.0780663
2.0632420
1.4548402
0.7982416
1.2706386
0.6682108
1.8898240
0.6370557
1.1870237
0.7155401
0.8958592
0.7064496
0.7544614
0.8941788
0.6397816
0.5074663
0.4644249
0.4344587
0.8329224
0.8886516
0.2863240
1.0627723
0.9358670
0.6284976
0.6890639
0.1018351
1.5157418
1.5217269
0.6969912
1.0040734
1.1541545
1.5160596
0.8537454
0.4679801
1.4622154
0.6927541
1.4272316
1.5032877
2.0118610
0.2943245
1.4312058
0.3792885
0.6393037
1.1223487
1.8147185
0.7728725
1.9232170
0.8017104
0.4481411
0.9154989
0.4333151
0.3928599
0.7133731
1.1867201
0.3861337
1.0548896
1.1708537
0.4035741
1.0374281
2.1047260
1.3713723
0.1968463
0.7224295
1.0856018
0.9260253
1.2674411
1.6938771
1.5842902
0.9266482
1.1811327
1.5168738
1.3474127
2.1347912
1.9299723
2.0420441
1.3307695
1.8915685
1.5328975
2.2081725
1.2198016
2.5117672
3.2100649
1.4735203
1.5578935
1.4373683
2.3308523
2.9550790
2.0143216
3.0336240
2.9795705
2.2045844
2.4329000
2.1529405
1.7050644
2.0070251
2.3540082
1.6628277
2.5584502
3.2121808
1.8815426
1.4806589
2.3395235
2.7764256
3.0419557
3.5024808
2.8627593
2.9231395
2.1789266
1.9242026
2.9581460
1.4040743
3.2318314
0.9929693
2.3662500
2.2223269
2.2766239
4.4896695
2.1389371
0.6642556
1.3723471
2.8561295
2.3148733
1.9504985
1.9181662
1.5273843
1.0976076
3.5766209
2.3584062
2.2466313
0.5785756
0.8486516
1.2983253
1.0487918
0.8564618
1.2348389
0.6377798
0.7020548
0.7734409
1.0140944
0.4659695
1.2593226
0.9541983
2.0127811
1.8405889
1.3537830
2.0534935
1.8341636
1.1214156
2.4266219
2.6389267
1.2386417
2.3168820
1.4871484
2.4265755
2.1179600
2.6896400
2.9243207
1.8874382
2.0054310
2.9242066
3.0870700
1.0448671
2.4203280
1.4117661
1.9947767
0.7869076
2.6202864
1.4195698
2.4852095
3.8582090
1.4691190
1.7298603
3.9716189
0.8729184
9.1416736
2.7147977
12.7098245
4.6138930
6.6055690
5.2348430
3.2365681
1.0478049
0.9568168
5.2074936
3.0185861
0.3341525
1.6959806
1.4999570
3.8139769
2.9839836
2.4242207
0.8500843
3.8656400
1.7397546
1.3314772
0.9985016
2.7705984
1.3721381
1.1987577
1.3942324
0.8954349
1.2126077
0.6631679
3.0461553
1.6346587
1.6451646
0.9328166
0.7710958
2.9150527
0.4893013
0.6725221
1.2286669
1.8713794
2.5365992
0.6755867
3.3759775
2.7843490
1.8917467
0.7036655
1.5330126
0.8156880
3.0179040
1.1559493
3.1040429
1.5932995
0.4112677
2.7884368
1.2381712
3.1185143
0.4316786
1.8027601
1.4641541
0.9106094
1.0218387
1.0302260
0.8583441
1.6501129
1.6440433
0.5698758
2.9226076
2.4050942
2.7340616
1.1383661
0.7682374
3.1109991
1.2983964
0.8978204
2.0549751
1.6366709
1.1418033
1.0243476
1.0347047
1.8627502
1.5783740
1.2302603
1.2247467
1.7281855
1.6054918
0.9963913
0.9116367
2.3116050
1.3018502
0.5981559
0.8229947
1.5450053
1.2454757
1.6858930
0.7887954
0.9889426
1.9319626
0.8520323
1.5840488
5.0115997
1.7871491
1.6204634
1.3292880
1.7163420
0.8939116
2.8620778
1.8986799
1.8086230
2.2926479
0.6964532
2.4129668
1.5700197
1.9053717
2.1422944
1.6478570
0.8389284
1.9167542
1.8521807
1.0553240
2.5131542
1.3885710
1.7339988
0.8529272
1.7775790
0.8778425
2.1998280
3.5568048
0.6823161
1.4767686
4.2210804
2.1420564
0.6578861
2.1675453
3.4854212
1.5147475
1.7218096
3.2029028
1.0930439
2.9601059
0.7199977
0.8830133
3.8537166
6.2183757
2.8057623
4.4946379
4.0212141
4.8778869
6.2286726
3.4979215
2.9443056
2.3769979
3.3301012
1.8043687
2.6495812
1.9734786
2.1544881
2.8017328
1.2747904
1.4192289
3.5229448
4.0802059
4.2046198
5.0069947
1.2433333
1.6716681
3.2769187
3.3007387
0.6915057
2.3014738
2.6366556
2.1474118
1.1529490
2.5658825
1.0953442
3.2825500
3.7090154
0.6613430
1.8909107
1.6494749
2.2612931
2.9539403
2.0484554
3.8372720
1.5178822
1.1541651
3.3213976
0.9881175
4.1743408
1.4768619
0.6941352
2.8719985
2.0948835
1.5209234
2.6836900
0.6949837
4.4133386
4.0796627
2.8205311
4.2287047
1.9182631
2.2613875
3.8749247
2.8507001
1.0079111
1.5502213
3.8018580
2.6523221
5.0776336
3.9146105
1.0901979
4.4104407
1.3833610
4.4339262
4.7244169
3.9211924
3.2050498
3.3509949
2.1456461
2.1037525
1.9290913
0.6312689
1.4923688
3.5644400
3.7724271
5.9813626
2.4152136
2.1418666
5.0249079
4.1387862
2.9280411
3.1909622
3.5471439
4.0283426
4.4515897
4.0750865
5.1277389
7.7076503
4.2344519
4.5350982
2.4989582
2.4345958
3.4263252
0.6292539
1.5065356
0.4908981
1.9173979
1.0733935
1.0231770
3.2971517
1.3830343
3.1046511
1.2211238
1.2340456
3.4532551
4.8555855
1.7367585
0.6628058
1.5039046
2.6589342
1.4745589
1.6506133
1.5671217
1.9734400
1.7086109
1.3821314
0.8334382
2.0802575
2.7251454
1.2026233
1.3836715
1.9834331
2.9792432
2.1866203
0.8555803
1.8775535
0.7304728
1.6187124
0.9274241
2.8442487
1.3877010
0.5466837
2.4004565
3.0910304
0.9885230
1.6051834
1.6965798
1.5065449
1.1105004
2.2644533
3.0837419
0.6132611
0.9500179
0.4947668
0.7796151
0.9630337
1.0251091
0.4855571
1.7981091
2.1090075
0.6862414
0.1625550
1.3632377
1.7386198
1.0938149
1.7017192
2.6301833
1.5810246
2.0917884
1.8279080
4.0028465
2.6620604
1.6672673
1.3120030
0.9501902
1.0322499
1.7191656
1.6615662
2.1211214
1.9454968
1.2040219
1.2304879
1.3640155
2.0995225
2.2421261
1.2595017
1.5930598
1.2851454
0.7465488
1.2322986
1.2807567
1.9553673
1.5925867
1.5341758
2.0782557
3.0404466
1.5689392
0.7910072
2.9689318
2.7867760
1.9248240
4.0835402
2.7234435
1.1101482
1.7516438
1.9347701
1.5394832
1.1381902
2.7332276
3.0777411
3.2821544
3.0799655
1.6413814
3.1323499
2.9053618
2.2070986
1.0549042
2.6010321
2.3485614
2.1673962
1.9203158
0.6141861
1.6840309
1.3498292
0.6223135
1.0683264
0.5846815
0.5623795
0.9029080
0.4124276
1.3524707
0.7514651
0.9463759
1.3569291
0.9252309
0.8922048
0.6878183
0.4446004
0.4573530
0.6109492
2.6435407
1.1988366
0.8647987
1.6929161
1.2280747
0.9549063
0.8289545
1.2015197
2.2907017
1.6861837
1.4810744
0.9923091
0.8463907
1.3909514
0.9341262
0.9694887
3.3488819
3.2588271
0.9116267
2.5706221
0.9945462
1.7684247
0.3802728
0.5466573
0.8567054
0.7382897
1.4417730
0.3212029
0.1355058
0.5840841
1.7828867
1.2592342
0.4507941
1.8525452
1.0310092
1.2116607
1.7271209
1.7957671
1.5639074
1.0148880
0.3830954
0.8485654
0.7736211
0.8197116
1.9050770
0.7221119
3.1329833
1.8681820
1.9597266
1.8264077
0.9687100
0.9652396
1.5695890
1.5094058
1.0766668
1.5755025
0.8044717
1.3567991
2.6497437
1.4089659
0.6811634
0.6546245
1.0522030
0.8150337
1.1487329
2.1637089
0.6402558
1.8856320
0.4906082
1.3649598
2.2844437
1.7753989
0.9327095
0.8260789
1.2015211
1.0783126
0.8576545
0.7721586
2.9965266
1.8832829
1.5178529
2.5188474
0.5609370
1.1201838
1.4624777
0.8799019
0.7055604
1.5936808
0.4425394
2.2081890
2.6734871
2.1978054
1.5987800
2.5654905
0.4490287
1.0858785
2.5126121
1.6760474
2.0769637
1.9218053
0.3729758
0.3928992
1.7372737
1.4184384
1.5151252
0.7562385
0.9349504
2.1645328
1.5985066
0.3848424
1.5017622
1.0442287
2.4709761
2.7106373
1.0883799
1.6007947
0.9074566
0.6336065
0.9050929
1.1039004
2.0917003
3.4544287
1.1943113
3.8098457
3.4913695
1.4463954
4.4448314
1.2975283
2.9462343
3.6353662
1.0294686
0.7906437
2.1740335
1.7009203
1.8843970
1.4600942
2.2126001
1.6748210
0.7847483
0.8912403
1.3306260
1.1553383
0.5093772
0.8929897
1.9332301
0.7327262
1.5179139
2.0366953
1.4168484
4.4747256
3.6072986
1.1385272
2.1053201
2.8037620
3.9868694
2.3772005
1.8804587
2.7998182
2.2328163
4.0168340
2.7169704
1.1257319
1.4927910
2.8924252
3.6005493
3.6830803
2.5609749
3.9371287
1.8577213
4.0512047
2.4288512
1.5947695
1.3675859
1.1571880
2.1158065
1.8636097
3.3457570
3.4486242
1.9705813
1.6586725
1.9288756
3.7069260
2.1626479
1.3766486
1.3530020
2.0062492
4.4095423
1.4148857
2.8331105
2.6962986
3.7197332
5.0695272
2.8805865
4.0546769
0.7743685
2.8531709
3.0222665
0.8085868
1.8355564
2.3571786
1.6180725
1.0064321
1.0185868
0.4376621
0.5780652
3.7020259
3.4835770
1.7117086
1.2088054
0.5220535
1.5030657
1.9802627
2.8508099
1.4053098
2.5328003
1.8071153
1.3079565
0.8910765
0.9899908
0.1262173
1.1134260
1.3437460
1.7843875
0.9723609
1.6715603
1.5818499
0.2113649
2.0075757
0.7352929
1.7834755
1.7732964
3.6110668
3.8113733
5.5130101
2.2514337
0.8816983
0.6315666
1.0346259
3.8986591
0.8289296
1.9961262
2.0446087
1.8111298
2.9653531
1.7657573
1.5253968
3.1718399
1.8932699
0.8731905
2.8294905
1.1238784
0.3021074
3.3624376
3.5577586
8.2818124
1.2293580
1.3338361
6.2359509
2.5598900
5.7801742
2.9463131
1.6718064
1.9953551
2.9557388
2.7617669
1.4789407
0.5517498
2.2022472
2.0268275
4.2634589
1.6473288
4.3337906
3.2703281
2.2318099
1.4456928
1.4056616
0.6113505
1.5221372
0.7905489
4.1642283
0.9791852
1.5339595
2.4839158
1.7180023
2.1095561
2.3574015
1.4700183
2.8240159
3.7944604
1.8541191
5.2174940
1.5522111
0.8728581
1.5566837
2.8692124
2.8734891
0.3728110
4.1218878
1.8003841
2.1479145
3.0375689
0.8247420
1.0278130
1.9177200
0.5017600
1.1394122
2.8857689
1.4516389
1.7079676
3.1415388
1.3457535
1.9497568
2.6916317
1.3948581
1.1786142
1.2288525
3.2351812
0.9751427
2.1316210
2.0860767
1.8039747
3.0675833
1.5215030
2.8180484
2.9244878
3.5383210
2.7115291
1.7439292
1.5590107
1.1178088
2.7971781
2.9857656
1.7232524
5.5691857
3.7758089
2.7731936
2.4880739
1.0089347
1.3695587
3.4703595
4.4626167
3.0644660
2.1416406
3.6074661
2.8173430
1.7465455
0.4838111
2.3139080
2.4131067
1.3335695
0.9385365
6.4770947
1.7465222
1.6758724
1.0344496
0.5934611
1.8322037
1.8967709
1.2777686
4.1726381
2.0103423
2.5448153
1.2223689
0.8823872
0.9609101
1.5821859
1.0216739
1.1469933
2.7575251
1.2157873
0.7391663
1.2787519
0.6112881
3.5879280
1.1027253
1.1058578
0.9990718
3.2994028
2.5463746
2.7462983
2.3623994
2.0793514
3.2818547
2.5609051
1.8124122
3.0502490
0.8006089
3.2083904
2.0021541
3.3896981
2.7464817
2.4482690
3.6395947
1.9866867
1.3442059
1.2876538
1.0528692
2.6021363
0.8619077
1.9476963
2.9148526
2.4104697
0.9412743
2.8237792
4.2978552
2.3754966
1.6131846
2.0676875
3.2221039
4.8297002
2.4883247
3.0306382
4.6455167
3.3614599
2.0780696
3.6301878
3.1480387
2.2287528
2.4801842
2.7045724
1.5281145
3.1344683
8.2474579
2.8792888
2.7391679
2.8812010
4.5341005
3.0800510
2.6073292
1.3616908
2.2005727
1.3597028
2.4633980
3.0967217
5.3654871
1.2171673
0.5168104
4.3659646
3.3399045
0.7677875
2.0539899
1.4662934
11.0110207
10.3182212
3.9943596
7.4519245
3.9256462
1.5249648
0.5812648
1.9683096
2.4205927
1.8331270
0.9568874
2.6486450
0.8625879
0.7915802
0.9646660
2.4180840
0.6080598
2.4682552
0.6139657
1.5496701
1.1473804
1.3752078
0.8575492
2.0679225
1.0284053
2.1250715
2.9354327
2.8944702
1.7601253
2.0801721
2.1622202
3.6903237
1.3359484
2.1900207
2.2905938
1.7482679
0.9550992
1.5745274
2.1079294
2.3340444
1.1137212
0.6131994
2.3239025
2.5695802
1.7854218
0.7745610
1.9561335
1.1862826
1.4215752
1.3691988
0.9257707
0.4109122
0.5543713
0.9494864
3.7058006
2.2545430
1.4737098
2.0377034
1.8255981
1.8532148
1.5987155
5.3111924
1.5004392
3.9496666
2.6687004
2.3026787
1.2343006
2.5455171
1.3189677
2.2071445
0.7026279
2.7248147
2.1955093
1.8037144
1.3761850
1.1354379
2.3782522
0.5955251
1.2748944
2.4889207
2.2086611
5.5799485
3.2250620
4.1282473
5.6112188
3.3861809
3.2342356
1.5715498
4.6258720
4.9831913
2.4743648
3.9025425
3.8941446
2.8094566
1.0749594
1.6294177
1.9147949
3.3877323
1.3106098
0.8659751
2.7412036
0.7953700
1.2356487
1.3916880
0.7904017
1.7579032
2.6399199
1.9386884
2.2332218
1.6575729
1.4131367
1.4114273
1.7699054
1.3035368
1.5108957
0.3688783
1.7118621
2.4991164
0.3485918
0.8938384
0.4100718
1.0989081
0.5025478
2.0981316
2.1313152
2.5392995
2.0311572
0.9720658
0.8462299
1.5803676
2.2400402
1.1980938
0.4692752
0.6826221
2.2414963
2.0581487
1.2285761
2.0794712
2.6182484
2.0545338
1.3768209
5.4525457
5.6938956
1.7758285
9.1249861
4.0784629
4.4804569
3.1414961
8.1628825
3.4436897
3.7713850
3.9187035
3.8681979
2.3538288
2.6000653
3.2697031
2.6552052
3.0743562
4.2667020
5.5409742
4.5882121
3.7773279
1.0270243
2.1456987
5.6684441
2.5790132
2.7533685
2.3015914
1.1550712
1.4212359
1.8895749
1.1810643
5.2903263
0.9082359
1.8353454
0.4423728
2.4830542
2.4283474
2.2768233
1.1895870
1.8435692
1.6695235
0.6552859
0.7754087
1.5451210
0.9974266
1.9408408
2.0334019
0.7267730
1.2921909
1.2879077
1.5656903
2.0764611
1.0348536
0.8996612
1.7446337
1.3743758
1.1423777
3.8745773
1.1400569
1.4936066
1.3552044
2.2302649
1.0034690
2.3989899
1.1877312
1.8128138
3.5932656
1.4710669
3.1563052
2.1925729
2.7945864
3.9308945
1.9198759
0.8806570
3.3356988
4.6435863
3.1156137
2.6512312
1.5866909
1.3714625
2.3725443
3.4370121
3.2530098
3.9873800
3.1146946
2.8663722
2.0251686
1.8112740
0.8291017
0.7000903
0.8187138
0.7204334
1.4857010
0.9275246
2.4329765
2.4604379
3.4330688
1.3790250
3.5154140
3.5974958
2.5046746
3.3379886
2.0857747
5.0251278
1.5750516
3.6621926
3.3712575
3.2690695
2.6937385
2.8199546
2.6411603
2.4950826
1.8723408
4.5534266
2.2759194
4.1874276
3.3702493
3.9050696
2.7290150
0.8259630
3.2667365
2.3900553
2.0505707
2.6786707
2.6179787
2.3098131
1.7481198
2.0494610
1.6662586
3.6201046
2.4201540
2.1527899
3.5501485
3.5178073
2.0074401
1.8549218
3.9706504
2.8447994
2.0912705
2.7501898
2.2778153
1.1412046
3.0154761
3.5696542
2.0872419
2.7408063
3.8977724
3.3325232
2.0421349
2.4956212
2.5695887
3.3410929
1.9335400
0.7785549
0.6527876
1.9176083
4.5932645
0.4645474
2.6662128
2.5031932
1.3218517
2.8634721
1.6699248
2.4152129
1.1982986
2.6646226
1.7164370
5.0942588
4.6364083
10.2783190
8.9110896
5.6709535
5.7828734
3.3441834
2.6582309
3.6385920
1.9656146
2.8492303
3.9580365
5.4548130
4.1942472
2.6241451
3.8273574
2.9376829
1.3693601
2.6180480
2.1415237
4.3207056
0.9592518
0.9360024
3.9402080
2.8340801
0.7175100
2.1311573
2.3424624
3.8003523
2.2121050
1.0644347
3.6133647
0.5393688
3.6909054
2.4222345
0.4190919
1.1433276
3.9926621
3.4724094
2.2077650
2.5918251
1.1545801
2.3667162
1.2391710
4.1072523
2.5844794
1.6294123
1.3156296
0.8810464
0.9761734
2.3794843
2.6258896
3.0185610
1.2228383
1.7763357
1.9247565
1.2848421
3.9706380
3.0494714
2.6414869
0.6137324
0.5723848
0.7484439
1.7850728
2.2029024
2.0725295
1.2610490
4.7796241
0.9301755
3.6558926
1.0204376
2.3253735
1.7742495
2.7548257
1.0053466
3.5092647
4.4745690
1.9989869
2.8112286
0.8511052
3.7218847
2.8014434
2.5195125
4.3479732
2.9793534
3.3643543
1.4940058
2.6499992
1.0118199
0.3377737
1.4667790
0.6492225
1.2718163
1.0517806
3.1083230
1.7555345
1.8242475
1.4152991
1.6782126
0.7275879
0.6079545
1.6753118
4.7038039
2.1210535
0.6019765
3.5071077
1.2508094
2.1367200
1.5637040
2.6345383
1.3062219
2.7649782
2.7694392
1.0868812
1.5595938
3.7306158
0.8529797
1.1298700
1.8581094
0.7271238
2.6944459
4.9495639
3.3482297
2.5809183
0.8600947
0.6629495
2.0340474
2.3289182
0.4590899
1.4808005
2.4496264
2.2286561
3.3850221
0.2422037
1.7079071
2.7970836
1.2851065
1.4891433
0.3164936
1.3017204
1.0265274
2.4466933
0.7956491
1.0330935
1.0476094
1.0210173
1.6869997
1.5689416
2.1236452
0.8223572
1.9209527
2.5472900
0.6474390
1.9549766
0.7330109
1.7045895
1.3039861
0.9716978
1.8548276
0.9450995
1.6622493
0.7434937
0.4927113
2.6365160
0.9686639
0.9506086
1.4227899
2.9853186
2.8681675
0.8178431
0.6693381
2.4858934
1.4415084
1.8828037
1.0735950
0.4941635
1.1682112
1.7810391
0.8030489
1.1170752
2.1449168
1.0664688
1.6674483
0.8527961
0.5302960
0.4127629
2.0937434
1.3489663
1.3940694
0.6812144
1.6612926
0.8549088
0.9826003
1.2982694
0.5736917
0.4002715
2.4653557
0.7516673
0.9507331
2.3621239
1.9122743
0.3979004
0.3518305
2.1963222
5.3104500
0.2401483
5.8780670
1.5641102
0.7831425
1.7510957
0.4719056
0.9758030
1.6336035
0.4399609
2.5090647
4.3995940
5.3753481
2.2046103
4.2030558
3.7061909
1.7670143
2.7770987
5.8285303
2.2029275
1.2278116
0.6636890
3.0271003
2.3156161
1.1773716
3.0835413
2.1341624
1.0844026
0.6323656
2.1524775
0.9631216
1.1841994
1.2341913
1.1285065
0.9357645
1.0042367
0.7941098
1.1871377
1.0981329
0.9039570
1.8398013
1.7321282
1.5100802
1.2406843
1.6464675
1.8978917
1.2663526
1.7272104
1.4003789
0.8246812
3.8270789
2.2314021
0.8068637
3.2142116
2.0332430
1.8867942
1.8989509
1.0549471
1.2930023
1.5120649
0.8589575
1.2412498
1.4492716
2.1126776
4.6258517
0.7500003
0.7628766
2.9455112
4.2694273
0.9826100
0.8833186
2.3819331
0.8267921
3.2854624
2.4314989
2.0259253
0.9482241
1.3859277
1.8692938
0.7378801
2.2089673
1.7383091
2.6695519
3.2490194
1.5281842
0.6549075
2.2551532
0.4296604
2.1810381
1.7406568
0.6516999
1.9545366
3.2680646
2.2735858
4.2361021
4.3672116
2.9251342
1.4563861
2.3924697
2.2304183
0.5192409
3.3575891
5.7766268
6.9891157
16.4154705
11.3622189
134.1402256
156.4749611
5.6316888
3.1017473
1.2642864
15.7776752
10.3219790
10.6273851
5.7624346
11.0476979
7.8841883
0.4625695
4.4783566
4.1675601
4.4286658
3.4854938
2.1605125
2.9032256
0.9200047
0.3371980
4.6728080
1.0563691
7.0215118
0.8110143
2.2914406
1.6427709
2.6411544
0.5933777
1.2090136
1.0847602
5.1727465
1.8785262
1.0050734
1.1620588
2.2150280
1.7861568
1.4424035
0.5166548
1.0141415
2.9569858
4.0002800
1.5252304
4.1456685
0.6169268
3.5695309
1.7918169
4.0456117
3.0130177
3.6797370
2.3792658
0.6239943
0.8264043
3.4172458
0.6310155
1.4013928
1.3546733
0.5419892
1.6733758
0.7975097
1.6455755
1.5157921
1.9117689
1.7834156
0.6050966
0.7707995
1.7723274
3.7469569
0.8105264
1.8608715
0.5063709
0.5922890
1.2155714
2.7401981
1.4532666
1.5938567
1.2673929
2.2345923
2.5550078
0.8415572
2.6875555
2.9157810
0.3786944
0.5172918
1.5767331
1.0113488
2.2048246
2.3288398
1.0489793
0.7097634
0.6133024
1.5670859
2.3083420
2.2645305
1.1251301
0.1696968
1.1338428
3.6563489
1.1293648
0.6333102
2.0459757
1.5683048
1.7511008
0.6051996
0.7745765
2.4128351
2.7024511
0.9428086
1.1707387
1.3090973
4.8270691
4.9959822
2.5606074
1.9914112
0.7087505
2.1794694
0.8266569
1.4555652
4.6410087
5.2267113
3.4756062
0.4175438
4.7052120
0.5241673
2.4842374
3.0923461
1.8786132
0.2660404
2.6671176
2.2170979
1.7276786
3.3522407
1.6443304
1.6657702
1.9059967
1.3317414
2.6373355
2.0741817
0.7743429
1.3064841
2.2434136
2.3646372
3.8290630
1.6242627
2.2954657
3.7313936
3.9652123
3.5822094
0.7752338
1.4161458
3.6190788
1.4096472
1.6835381
2.0984896
1.6430409
3.1027924
0.2796426
1.2485844
0.5554333
3.1139390
1.3053973
4.5999866
1.6066258
2.5570067
3.7247743
2.1612372
1.4075579
2.1235508
1.6974366
2.2187971
0.7716954
2.2975236
1.5648845
2.8043510
3.9176385
1.2574727
1.7905844
2.4761967
1.3419213
1.1990877
1.1381027
0.6589952
1.4724886
1.3905145
2.1951637
5.3181673
4.4565232
0.3797534
3.2913943
1.9136988
0.6623119
2.3359230
1.3750181
2.3283640
0.2766363
1.4326248
1.3495580
3.6226363
2.8749660
3.9036079
3.6457358
1.5843860
1.6128591
2.2521544
1.8215552
2.2404212
1.8669957
2.4242177
2.6839452
0.9896834
1.8416989
0.7082640
1.9928179
2.1484358
4.3195410
3.5276756
3.8302610
2.3672264
3.1618990
2.6966776
0.5913897
4.6642822
4.7617617
0.1989248
1.7561990
1.6031824
1.8779768
0.9602892
2.5024187
0.7324481
3.4888046
1.1699948
0.9561241
6.1048773
2.5100646
3.5286608
4.7277047
0.8127979
2.4124100
0.7572716
0.9442990
1.2161593
0.9987991
1.7762931
2.1649904
1.4115741
1.9517835
0.7580539
1.9215586
1.4782889
1.6512494
1.8147187
3.2990438
2.3921345
0.6212764
0.6274230
0.9484836
0.7179682
1.3361787
1.1660641
1.2600332
0.5991072
1.4195371
0.8418669
2.1612630
0.9144773
1.2992632
0.2525149
1.1109345
0.6895016
1.6157674
0.7575335
0.6329383
1.2381718
0.8332838
1.2406518
0.6800361
1.7438588
1.0165342
1.4595341
1.0236476
0.9918851
1.4669551
0.7225196
1.2707658
0.7596003
0.9411815
1.9876503
0.6744165
2.7163784
1.4838336
1.2580366
2.5408303
0.8205776
1.0690185
1.7558988
1.7042258
0.9086413
3.2984540
1.3329627
0.4950839
1.2538475
1.4162073
0.7116201
2.0196962
1.7571192
2.2367812
3.2635576
0.5645535
2.7820896
1.4340954
2.3950225
0.8993183
1.0593470
0.6260822
2.0018414
1.8577073
1.0931037
1.1329882
0.6200286
1.9699862
1.1327807
1.2624104
0.9003350
1.1102932
1.1258562
0.6313666
1.2039534
0.7825219
1.2126447
1.2543540
0.8039539
0.7562882
1.6456123
1.8714015
0.3088649
1.2134781
0.2853111
0.4602047
0.6838658
1.0210549
2.2001238
1.7904690
0.8460332
2.9383169
1.1298955
2.1097197
1.0298311
1.5642529
1.2474255
1.0507822
0.4496143
0.9711359
0.7441695
0.4979817
1.0795344
1.4453923
0.7018221
1.5670914
1.0492068
1.2583442
1.7291260
2.4370895
2.7092586
0.8910738
3.1997160
0.7071834
1.0798870
2.0753685
1.0567299
0.8536251
3.8772637
3.3924020
2.1249171
0.8501326
3.0256901
1.8781767
1.5897116
1.4110730
2.7430226
0.5939274
0.4582580
1.1276078
0.9426470
2.0171764
0.6653918
0.8159784
2.4237569
0.8050472
1.6890097
2.6470199
2.1979812
0.7936354
3.0685551
2.3769464
3.2389429
3.1062046
3.2597243
2.1114235
2.5312062
2.8618776
5.6196980
0.6399721
2.1140786
1.2801309
1.3928904
1.9172906
1.2738073
1.7314373
2.1317637
0.8636820
1.9675422
1.7072129
1.0999381
3.1287838
1.3579794
0.7830600
0.8773495
1.1338303
3.8804581
1.3535725
1.5158306
1.9714299
2.7466199
2.0526255
2.0234848
1.0533404
1.0982608
3.5286827
1.8724995
1.4469138
0.7030435
2.5838463
1.7572374
1.0437665
2.5845033
1.6300873
3.2838555
3.3851758
1.7339034
0.8028449
3.2067545
0.3715289
2.4236085
2.2145028
1.1176552
1.4256289
1.5343390
1.8110740
0.6983461
2.7628419
1.0416013
1.1277978
2.8133125
5.4371057
1.9519952
1.7948047
2.3169359
5.2460824
5.4125843
1.9088136
3.2256032
8.5922313
1.6896168
9.1828230
4.3431555
4.6665973
2.0141947
1.0780403
3.1623044
2.5519832
0.4637047
1.7395611
1.0791615
1.1355521
2.2396736
1.0415520
1.9763753
0.5738381
1.9340646
1.0915714
2.2727725
0.5622174
1.3151696
2.2502017
2.3231729
1.6140223
1.6565490
2.5056416
0.3401570
1.4005991
2.3913705
0.6361724
1.1999877
0.7182918
2.5959199
1.7975015
2.2306651
2.8778499
1.5240549
0.5749371
0.7885459
2.4899079
1.3573926
1.3560520
1.9905818
2.0144802
1.9888046
0.4915985
1.3781249
1.3416976
2.1252487
1.9324027
1.7235130
1.0375410
1.1137313
1.4209217
1.4886788
3.6826142
1.3183465
2.2373437
1.9163379
1.3298890
0.9490413
1.2653915
4.4372001
1.6447165
3.5558922
2.6878458
2.8100556
0.9428370
1.0637659
3.5171113
0.8690810
2.5044140
1.1618825
3.0178356
3.3467801
2.4614122
5.5337993
3.1579463
1.9083406
1.9767364
3.7731486
1.1578052
3.1799353
0.2875537
2.2206952
4.5284939
4.2182954
2.9860472
2.9740173
1.8372252
3.0344079
1.0987313
6.0450901
2.1365297
1.2492804
2.5532379
1.5839286
1.7553342
3.5240806
1.3666713
0.9545470
1.7942223
2.3174709
0.5072078
2.0126298
1.3547112
2.9201339
3.4386857
2.6070925
1.7477650
1.1750447
1.7547134
1.8988606
6.3635583
2.7165688
3.2401753
0.4733788
5.6356557
1.6762889
0.6715887
3.1884105
7.1004554
1.8085551
2.9250012
2.8818233
1.8240334
2.5540544
2.0759286
2.8623083
1.0900447
1.5826826
1.9204150
1.7470462
1.2785008
2.2090499
1.1330535
1.0238624
0.7794250
1.4794328
0.6995025
0.6313588
0.7756804
2.2358883
0.9557499
0.9694357
0.7442956
1.4381932
1.7580883
2.9644595
1.1555401
0.5924048
2.7874491
1.6877581
2.3691510
3.2519282
0.5396084
1.7812302
0.5888946
0.9587205
1.9310260
0.9531855
1.7990071
1.8131774
0.4825879
2.0580582
0.7610215
1.5146347
3.8478916
1.1962563
4.5544301
2.1435783
3.7717792
2.0827660
4.1030455
2.1857359
3.5232147
2.6587708
4.3849811
2.3392846
4.2018034
3.2282162
0.5831455
1.7424909
2.1633010
1.8041239
1.2581816
0.7962943
1.6250110
1.0164474
1.1934288
2.9017166
0.8669337
0.9702628
1.7677451
1.3643190
3.4088492
1.8127459
1.7651046
3.1079125
2.4515844
3.9334678
1.4661046
1.6328811
1.3707256
1.7463562
1.0486065
0.5343658
1.5672656
1.6945164
3.1207506
2.7591707
2.7189522
3.2042121
5.3367131
3.3450322
4.7338698
3.4533446
4.8819046
1.9683123
3.1207553
2.9764245
1.8677230
1.0418705
1.6647665
2.4680148
1.2452787
1.8765709
2.8919444
1.7761788
2.1109195
2.1793265
3.1480376
3.8563331
1.7868320
3.6202243
3.1204284
1.9785911
3.8265807
5.3860825
3.5398269
2.1470943
3.7807781
3.6951281
3.2792821
1.7261785
3.1028634
1.4394749
2.2740071
2.3756012
2.0854163
0.8482052
1.8559500
1.1300929
2.1843358
2.0249878
3.0961183
2.6221036
1.4257822
1.4606090
0.8406941
2.1697870
1.4799199
1.1330822
2.0433628
3.0468270
1.8562826
1.3607166
1.1076841
1.0569922
0.5460650
1.9869039
2.3857312
1.5065254
0.5601052
0.6518930
0.9086654
0.9488519
1.5466181
1.0632897
2.9718842
1.0624634
1.3581870
2.0122779
0.9360362
1.3873199
1.3516315
2.6038461
2.9691215
3.6539658
2.1082638
4.7977131
1.7473826
2.5354626
3.9987587
0.4221140
2.3172924
1.2115352
0.7251966
1.2439188
0.7365541
1.5759937
1.0462394
1.0417220
1.2413783
0.9223905
0.5766108
0.7446664
0.9110276
1.7408782
1.4093756
3.0331799
3.2824399
3.0486275
2.2387746
1.5563579
2.4861784
3.1876712
2.4291333
1.5866660
3.4159801
1.5206520
0.9775695
2.5059495
1.4908326
1.3542381
0.2519157
0.6498051
1.2211762
0.7490921
0.8490268
2.2273647
1.5792319
2.5158763
4.1905240
1.0030804
1.7482937
1.7575237
3.4751383
1.3163903
0.7633056
0.8256879
1.1594781
1.9224554
1.1698595
2.5085689
0.3289758
1.6748625
1.9866434
1.1538801
0.8093501
2.6082711
2.0394963
1.5219065
0.7712948
1.1184661
1.3210257
1.9013192
1.1380199
0.8978698
0.3447941
1.1088557
1.3782277
1.5482728
1.7122925
1.5978053
1.3437574
1.1221581
0.7476064
0.9628013
2.2319393
0.4555041
1.5697036
0.6287855
1.4794666
0.5822925
0.3806476
0.8987850
1.1757923
0.8654858
0.4477221
0.7377057
1.5645026
2.2435340
2.0980347
1.0647514
1.8637252
1.4954182
2.7865556
1.3676530
0.5253506
0.4664224
0.7503861
1.2738368
0.5671382
0.7796382
1.4545582
0.6135606
1.4238359
0.8655273
1.6039792
3.5626543
0.7632668
2.1742225
0.5132695
2.0739440
1.0029539
1.4394774
1.2817151
2.0883626
2.3795455
2.4467714
1.0004046
1.2043171
1.1835200
1.5504478
0.1767127
1.2682997
1.5488095
3.1287335
1.1873480
0.3821066
1.6492291
0.5844596
1.6620952
2.1319498
2.4923029
2.9654006
1.8168022
1.3902453
2.2695968
1.8158446
1.6718255
3.0868830
3.0266419
2.9678468
3.0133027
4.0897750
3.3382964
2.4694592
2.3641337
2.6127546
2.1311859
2.1381444
2.5452987
2.0720387
2.1529454
2.5358974
1.7181020
1.8383845
1.5233486
1.6908317
0.9512673
1.2857498
0.8148688
2.4156558
0.7723004
0.5653838
2.0907438
0.9874609
1.9557115
1.5163514
2.6500519
1.9235242
1.7705092
1.9703135
1.4194073
2.5720566
2.7674695
1.4882728
1.7341576
1.5635600
2.4653979
1.7216496
2.2056332
1.0380691
0.3106873
0.3910289
1.4556786
1.5423514
1.4226560
1.5548488
1.7882380
1.1244422
0.8189766
1.6919058
2.0107441
2.0303821
2.1819665
1.3512363
1.7266059
1.5490990
1.3294692
2.6691797
2.1121080
1.7384247
1.2213152
1.1686426
0.9838714
0.7674984
1.1186645
1.7580008
1.7257706
0.6448456
0.8351698
1.4461527
0.9262870
1.9271056
1.8309514
0.9563684
0.7961589
0.7884162
0.7392900
1.1136721
2.4193269
0.2988773
0.9038458
1.0719712
1.3386498
0.5891449
1.1761274
1.7485193
2.7628820
1.4402133
0.8388445
1.1246895
3.1136937
2.6016153
1.3288937
0.4134571
0.8485613
1.0167413
1.3675768
3.0171755
1.2836053
0.7720642
0.6349529
2.0106366
0.8923539
1.0050082
1.0635022
2.7182605
0.7174661
1.8810388
1.0134897
1.2918400
0.7103759
1.2307273
0.4036549
1.1098907
2.3240503
1.0637607
0.8590364
1.6208540
1.9452919
0.9841238
0.3702520
1.4011882
1.7364312
0.6559614
1.0356100
0.9327656
0.5859341
1.8739548
1.8798218
2.1131700
1.0731179
0.4932428
1.4866127
1.1304376
0.6830394
0.4454696
2.3002855
2.8182725
1.9672770
0.5920870
0.9339240
1.6601605
1.2300014
2.5796438
1.5517793
0.4762416
0.9481737
1.0429988
0.5649624
0.3806586
0.8023930
0.6606577
2.4632429
1.0372762
1.0743657
1.5654652
1.8262617
1.4098359
0.8309047
1.6054340
1.7971923
2.7582702
1.4105981
0.6879910
0.2777887
0.4394900
0.8817633
0.3322023
0.8848535
0.8686647
1.1630138
0.6320924
0.4589631
0.6069451
1.6479877
1.1584374
1.0733684
0.9344732
0.8214477
0.3236571
0.5091953
0.6901429
1.0784412
1.1024554
0.9254290
0.3801125
0.9689487
0.3637799
0.6420194
1.6537731
0.3515959
1.2397538
1.4360764
0.6500127
0.7041918
0.8432798
0.9259430
1.4745201
0.2265674
0.7369278
0.3422508
0.7039370
1.2253716
0.6015845
0.8330168
1.2743650
0.5768637
1.0601611
1.5668973
1.0424611
1.0710394
1.5178734
0.5930575
1.1233531
0.1588290
1.1363202
2.0678216
0.6551171
1.5112118
0.6558423
0.8203683
0.9031667
0.7579822
0.2687704
0.4425473
0.4763833
0.5752277
0.8021959
0.4350019
0.5874032
0.8832885
0.6635673
0.5332414
0.6344474
1.2304394
0.8981390
0.8622179
1.1943665
0.8271733
0.4755475
0.8605105
1.0665379
0.9589867
0.5949443
1.1058705
1.3625680
1.0808478
0.8892643
0.2894606
1.1176379
1.2185636
0.3321499
1.8730646
0.5291738
0.4681945
0.8451846
0.3182343
0.2914830
0.5703440
0.8509343
0.5233675
0.1770210
1.1250119
0.3699306
1.2102526
0.3998376
0.3904380
1.1945747
0.9136373
0.7765577
0.6277594
0.3747640
0.4270675
0.3511296
1.2372280
0.7698174
0.5049754
0.1140229
0.7207478
0.4910984
0.5784034
0.6339200
0.5114788
0.5775640
0.9915031
0.4221010
0.7582417
0.2743567
1.1873294
0.6001932
1.4235689
0.6257536
0.7346034
0.8933216
0.8439826
0.5981251
0.4637553
0.2731623
0.5336638
1.3229899
0.5881614
0.2295414
1.3689397
0.9911138
0.8795547
0.5929591
1.0763991
1.7873219
1.0192389
1.7526646
0.6948615
0.9856489
0.6383270
0.6502816
0.2971610
1.3227957
1.0171377
0.8237866
0.6203098
0.7713084
0.6540996
1.3895324
1.5427868
0.4106346
1.3727554
1.1714099
0.7937130
1.2947314
0.6788116
0.5513709
0.1625930
2.9139048
0.8553665
1.9444407
0.6209234
0.4581397
1.2196034
0.8206302
0.3356995
0.3744814
1.8803839
1.0665556
2.5440822
2.0398089
0.8483599
2.0361924
1.3007591
1.0283864
2.8713350
1.7933978
1.5849753
1.4975845
1.2550414
2.3362389
1.1031206
2.1319893
2.6128854
2.0145469
1.9139793
2.4801569
0.7239596
0.7176914
0.3973591
0.9233332
1.3476337
0.3363915
1.5800361
3.8723830
0.8621284
1.2961910
0.8306873
0.8764330
1.7053118
1.7724252
1.1443281
1.5725566
0.4362894
1.3163735
0.4573177
0.9530039
1.2447191
1.1371647
1.8279232
3.7394270
1.0628683
0.8218749
2.3486220
1.4592345
2.5745664
3.1762729
1.3161511
1.3289534
0.4437797
1.4481355
2.2668347
1.6938637
4.5164682
1.4980378
1.4734651
3.0976629
0.8906948
1.4944693
3.6013485
3.4594190
2.3389600
1.7496741
1.7291122
4.2827009
3.7817393
2.2846832
1.8233801
4.7870746
2.9891615
3.7796818
4.0044831
4.3841791
5.4850590
3.9692609
4.2963696
2.9349437
3.0224597
4.8483544
4.8385067
7.4102241
4.0141481
4.9068881
2.8777187
2.6910588
3.9083743
1.8784970
1.9235970
2.4130792
3.1924534
2.2022931
2.1421408
3.5261920
4.9457933
2.0403985
2.7322335
1.1623442
1.5925553
6.5794661
2.6076066
3.5396603
3.7985844
1.6172768
4.2509955
3.3949882
4.3535354
3.5049944
2.8915086
3.3610430
2.4545684
2.9115959
1.9254030
2.3892982
3.8293945
1.3029722
1.0579643
3.0235625
4.5236712
1.9402702
1.9509477
1.1153111
1.7390660
1.4663826
3.8803528
1.7380235
1.8048487
1.5352838
1.2691427
0.7072980
1.7183459
4.0343717
2.6759292
3.4942530
2.2547879
2.5518634
0.9410872
2.9685592
4.2851183
0.7253031
1.2091300
1.5319895
2.9565066
0.5365931
0.7058449
1.1448673
0.7106948
0.6670274
1.9510314
1.7845323
0.5726653
3.2250824
0.4403481
2.3281309
1.5608102
2.0176936
2.8254656
0.7899183
1.3922477
1.7208029
1.2938114
2.0203877
1.7208356
1.0193263
1.6635218
1.5000423
1.9062876
3.5494441
1.5125308
0.4808297
2.6722752
1.1421921
1.5351364
2.3608772
1.3469920
2.8384115
1.9715979
2.8289402
1.5112331
1.9491369
1.7318659
2.3241812
1.0034646
1.3372514
0.3001886
3.4932588
1.5674817
1.7030430
1.9703876
2.7563741
3.2211481
0.4788628
1.3105123
5.7441468
0.8859229
2.5967365
2.3124637
2.9760578
0.5226920
0.7943070
2.9099500
0.6113768
3.9878024
1.6399321
0.6740580
2.9707406
1.6662282
1.8255245
1.6647565
3.7118716
2.9788238
1.3812467
2.7877978
0.6599297
0.6922197
1.2153854
2.7799741
2.3534203
2.7029564
1.0705486
1.7318006
0.6015481
3.6723864
0.3794533
3.8001463
2.4162720
3.5268517
1.1722273
2.5483575
3.4347019
1.8156192
2.5979331
0.5057473
1.8870532
1.5663946
2.3528625
0.7412588
2.0448541
1.4226886
0.5307588
2.5547032
1.1897744
0.4352957
0.7592511
1.1827216
1.2025068
0.7177808
0.6853758
0.8631141
1.8090634
1.1846510
0.7636088
1.5844240
0.5276911
1.3714551
0.5122078
1.6370780
4.3293509
0.1938523
1.1921517
1.6416091
0.6154088
1.7476304
0.4687553
0.5682747
2.0139918
3.0521693
2.9086164
2.4843082
0.7669201
0.9367792
1.0829527
1.6283339
4.0686109
0.2068418
1.0599958
4.1095644
1.0156170
3.2792237
2.4036923
0.5331060
3.1020514
1.4297471
1.2234145
2.3663343
1.0177551
1.0942269
0.2582192
1.2527118
1.8479619
1.9394892
0.9238546
2.5100021
1.1613627
2.2263141
1.1553772
1.7744127
2.3638127
1.1794380
0.7748490
1.7760579
0.9389501
0.5136728
1.7884404
2.3336976
0.7725252
1.4738601
2.8065234
1.3980040
3.1498844
0.8129809
1.2767175
2.3613215
1.2297012
3.0114316
1.8384708
0.5777849
1.1698202
2.1224064
0.4906014
0.6606571
0.8190479
2.3677763
1.0148127
0.7663934
0.7388717
2.1550350
1.0465821
1.5192927
2.2718877
3.1688485
1.5084713
2.7889896
2.0233218
3.6753599
1.8241849
3.0215690
1.5647802
1.2300401
1.4074156
0.7328383
1.3736637
1.5470419
0.9944294
1.7690650
2.7315213
1.4152600
1.2841785
2.1886987
1.1015920
0.9952930
0.8841185
2.8494011
0.3289717
1.9831769
0.3372755
0.9154918
1.2737322
1.3925943
1.8269822
1.4150932
1.6240621
0.8171943
2.2514297
0.3714123
2.8727512
1.7110247
1.6113221
0.7195788
0.6813860
0.7500727
2.3887705
1.5704339
1.5861752
1.6710561
1.8761431
1.3569418
1.1786026
2.0132980
0.5675642
1.7486393
1.0422204
1.0768995
2.0122455
0.4276580
1.6904965
0.9166193
1.8229663
1.6142360
2.0197214
2.5504783
0.9138116
1.7815463
0.1956168
1.7113331
2.0753678
2.3832193
2.5755329
1.7209534
3.5437529
1.8801079
2.3705440
0.7296950
1.5883676
3.2012302
1.1957482
0.9681896
3.3191509
3.6464503
2.8068003
2.6493937
2.4058773
1.7042458
1.9746238
2.9440180
3.2480158
3.0502592
2.4883785
2.6579673
1.7886328
1.7079429
1.8328602
0.8573164
1.4427388
0.8949656
0.6354454
2.3449303
1.8527699
1.1687710
0.2399519
0.7378539
1.4003158
0.9837713
2.4281297
0.2008530
1.8116662
2.0362051
2.1887773
2.6403460
1.7778567
1.4760100
1.0130335
0.8620371
1.4666360
1.7042156
0.8263719
0.9618906
1.2377330
0.4900907
0.9959668
0.4933416
1.3215920
1.7603028
1.4280702
1.3402879
2.1327447
0.5358168
0.8365638
1.1577143
0.3800249
0.7450094
1.2540557
1.7296554
0.8786163
0.1726349
1.5773415
1.0282276
0.8275371
1.1605138
0.9548931
1.0019409
0.5122448
0.4822945
1.4258973
1.2491066
2.5220533
1.8109057
1.5901808
0.9695506
1.9490362
1.3662884
1.3252872
0.6515563
1.1022437
1.0835094
0.5247913
0.8657334
0.7088157
1.2761694
1.5956262
0.9037008
0.7190426
0.9332240
1.3259301
0.8330757
2.8249778
0.4993670
1.2810827
1.5965526
3.1347528
0.8789556
2.1326012
0.5318594
1.3354749
1.4719882
1.2988886
1.8558665
2.5845454
1.9991419
0.8471565
1.5690795
1.2076242
1.6508842
2.4503469
2.3183822
2.3690623
2.6511901
3.3432203
1.5404133
1.5201185
2.0792574
1.6454147
2.8928677
3.7935472
4.1310623
2.6251424
2.4584414
3.4518096
1.6295778
2.7424730
2.9466040
1.9615266
3.8153591
1.7601769
1.5540491
3.1243626
2.3355804
1.4316789
2.7154336
2.0626090
0.9529281
2.7725967
2.9167095
1.9589065
2.2998231
4.8108509
0.8726875
4.3681365
5.7322269
1.2222642
0.4025146
2.4822253
4.9305397
0.9835585
1.4929521
3.7543156
3.6388917
3.3082070
4.3699839
7.8058908
4.5592496
3.5137025
10.1980390
1.1047104
1.3922572
1.6703665
4.8661812
3.4945518
4.3409006
3.1398349
2.9769089
3.5929854
2.9868453
6.7594149
1.7050433
4.4534143
2.8364815
4.0251050
1.7060038
2.1088110
2.1004468
1.1147997
5.3647190
1.2483869
1.0631753
4.7136288
4.4866488
0.8184200
1.7506866
3.7819727
4.8628307
2.7696601
1.2640025
1.1842675
6.1331347
5.6088613
3.2965891
0.7933640
2.4432901
4.0188197
0.7905592
2.4901011
2.6399953
1.5779401
0.7480932
4.1042699
1.5668712
1.0145932
1.0578967
2.8770067
1.8793390
1.1525722
1.3769775
1.2362955
1.7162751
1.5761621
3.6089226
1.8396481
1.5795503
6.7225705
1.6079058
1.7030350
3.1257468
4.7174028
3.7340040
3.3481610
1.2370960
8.1620853
6.5837366
2.2944179
2.1934526
3.3324762
3.0482825
1.1470359
1.3282797
1.3638539
1.6850768
2.0924388
1.5603209
2.5874174
1.0068639
0.8747835
1.5682539
2.6722468
2.9878214
6.5995238
2.7278560
1.9638487
2.4395047
3.9871418
4.1080313
9.0673399
6.0191524
1.2895843
4.4188321
1.7620936
3.6217345
4.7293241
3.4198928
1.5911587
3.2221243
4.7228186
0.5666538
4.1806992
5.2157160
1.7192288
1.8048074
1.7086055
1.4094775
1.0558198
1.8150034
2.3798710
1.6490370
1.4179705
3.9512857
3.2804921
1.7681941
2.7109970
5.5355758
4.2431841
3.6665547
4.6863939
4.2515297
1.5329467
1.5777311
0.9898650
0.5630202
1.3232646
0.6846444
1.2019508
2.9939994
2.8046507
2.5609178
1.0318691
2.5539275
0.7776971
1.3423889
0.7397030
1.0959444
2.7518140
1.6895243
1.3626047
2.0584743
1.7026299
1.1336200
2.9842995
1.0962976
0.6791622
0.7333425
0.7844738
1.7337268
0.7253997
1.6898350
1.2613157
1.9384572
1.3534877
2.1022587
3.6219785
3.3510666
1.8121945
1.4907329
1.0405074
1.4132558
2.2859465
3.0012909
0.4316606
1.4519237
0.5423439
2.0980743
1.0155506
1.2044124
0.6925216
1.0555084
1.2299996
0.6972686
2.2828372
1.2301718
0.7244074
0.7569336
0.9893218
0.7431601
1.4147236
2.7818281
0.5526956
3.6643551
1.7544065
3.0059410
2.5889829
2.0670374
0.4171708
1.5392979
0.5645047
1.7888873
1.5291946
2.4473839
1.1277779
1.4566525
0.5853348
2.3833264
1.6730489
1.2062027
2.2165165
1.8543002
0.5916104
0.2271648
2.4552071
1.1849543
1.4129434
0.5407450
2.9789453
1.3721408
1.7678716
1.9211952
2.1325434
3.5309097
6.3901006
0.3695480
3.7452626
2.8110139
6.0416758
1.2023076
0.4747375
0.3669563
2.0480161
2.4488708
2.2094584
0.3700101
1.6955968
0.9003371
0.9536785
0.7725033
2.1865268
2.4015355
3.9882449
1.5413681
4.0598178
4.0444067
2.3872402
2.3472768
1.6527577
1.2036840
3.7040019
1.5835605
2.9685923
4.0215769
4.1978096
1.1942439
1.0869951
1.4939771
0.6335488
3.1841464
1.8370486
1.6351093
0.3656279
3.1010826
0.9041185
4.3696177
3.5570144
0.8630996
6.7495478
2.2990293
5.8857498
1.0486114
4.2720944
1.8550495
4.2284387
2.6843530
3.8836776
7.7140300
2.5035052
2.7121741
1.5624558
1.6631045
1.6658686
2.2323565
0.6520548
8.8826394
11.4267535
3.9097208
2.0797865
0.9106162
0.8765382
9.2002857
1.2216958
5.4557103
3.1881711
2.0202249
0.9565531
3.1984256
1.5041349
0.5970963
0.9669312
3.6820696
0.2307518
1.3304836
0.7630116
2.7366057
1.0960298
1.4702582
0.7727806
1.5108070
0.6791808
1.3518936
1.1057983
1.6185067
0.9289178
1.2203894
1.3123827
1.9324483
1.1890996
0.5296856
2.7893359
1.8987819
1.7105048
1.0816919
0.5235345
1.8630177
2.0696428
0.7765165
0.9853874
0.8070226
1.0112920
0.7981569
0.7307451
0.6096184
3.3214866
3.2724658
0.9120256
1.7477842
0.6734586
1.7687243
1.5245830
0.4846567
0.9650148
1.8925779
0.5920190
2.0007059
1.4562509
1.3944577
1.3131749
2.1991249
2.5707345
1.9135625
1.5188394
1.0013832
3.7422632
1.5767222
1.8952931
0.1830670
2.2429083
5.3838851
1.3461803
1.1420672
0.7440548
3.4422647
0.7674962
1.3336709
1.7367728
1.6460022
1.0661472
2.7579404
0.8206705
2.0573840
2.7763440
3.9567948
3.1634007
3.3486054
2.8244549
3.9075970
5.4467349
2.1458835
3.7338951
4.6836392
4.2226635
4.6295151
4.6716437
2.6974848
3.5918578
2.1732871
3.1771187
3.4130122
3.4331912
2.2180719
2.2807093
4.2762399
2.4309452
3.0826505
3.2907074
2.3922519
3.9242504
2.6819109
2.7539254
0.3602556
2.6977473
1.3024989
1.4240289
3.9177044
1.5516261
2.9764915
1.8101508
3.3079701
1.5252404
1.9124198
1.8470522
0.7656704
2.5869865
1.6188656
1.3501706
2.6118485
4.1608516
3.7889157
1.7278259
5.7050439
0.6444760
5.3722245
4.8030634
2.1053134
0.7135835
1.5684764
1.6118683
1.2035803
2.2080738
2.8977831
1.2472427
2.3984221
1.8604958
1.5885913
0.7163280
1.9670823
1.5515365
4.5404418
4.9070018
0.8165509
2.2985345
0.4038095
1.6580134
1.0722997
3.8934879
4.2375319
4.1540901
2.8693575
1.2421463
1.6632295
4.1462280
1.4533439
2.7965683
1.7570253
1.0633668
0.4154243
1.9427387
3.9614273
1.9823893
1.0465723
2.0275300
0.2647869
2.2308125
1.4913559
5.1223592
0.8336710
1.7343605
0.9342830
3.6277459
1.5528066
0.2981050
0.9275132
1.1182731
0.2822687
1.7566885
0.3220379
0.8563753
0.7358802
1.0294175
2.3917355
1.2810770
0.6907993
1.6416291
2.1849379
1.5436730
2.2360169
0.6926020
2.6400569
1.7828372
1.3455117
4.3949222
0.5697763
2.7459901
4.9679089
2.5045371
4.6738728
0.8640479
4.1515228
4.8567946
1.4329915
3.2601898
3.6539703
4.5363779
5.2816409
2.4898027
1.8041826
7.2526901
1.8983337
4.1924553
1.4539784
1.7022008
2.7206014
2.9816559
1.4556333
0.6547557
1.5968365
3.0191592
10.1057760
1.9341953
8.0796341
1.5313167
6.7219243
2.8209099
7.9313850
2.7091200
2.9689378
0.7000092
1.3481010
1.3629223
7.2346890
3.1049514
2.5249110
7.7347929
3.6974618
2.2191141
2.4310217
5.7008462
9.0156671
12.8570865
9.1000655
2.3080681
10.0202165
2.9451682
3.5820607
7.4505797
8.0526013
8.2662504
10.3912832
11.8395459
3.3823971
5.6895995
11.5437525
5.1069242
5.2529175
5.3210546
4.4956354
4.0382026
5.0099167
2.0937773
8.0876617
4.8230236
4.0821241
1.7983345
2.7752960
0.7847789
3.9567408
1.5313056
0.7026132
1.9934383
1.0489803
1.8890051
5.4637928
8.6373669
4.8539587
2.1862901
1.0549283
4.0278121
2.0796413
5.3005020
2.2099120
1.3635346
6.3059319
1.6754287
7.2360335
6.9049562
1.6465476
4.9898898
5.6260351
1.1931300
2.0178290
4.6071810
5.3856995
4.3090093
7.2083052
3.5032878
2.6540976
1.6963595
5.0541930
17.6046720
0.8803682
11.2842353
4.4807069
3.6051308
5.6966142
0.7267620
4.7573228
3.2868303
2.5785656
2.4201946
5.6820446
3.2757059
3.1238844
1.1860773
7.0022831
0.5687742
1.5861209
1.6014397
3.6140390
1.8337493
4.1367637
1.4936308
6.5986531
4.7627091
7.4291528
0.9784213
2.9256648
11.0944943
3.9617832
5.2433277
2.2235344
13.2043535
7.1751181
13.2118879
4.9410001
6.2584580
6.7648833
22.6349217
2.8158182
8.7196667
4.5143452
3.8362669
5.5334026
2.4748061
3.6198631
7.1074012
3.4548701
1.8213716
0.9409924
3.4497469
1.6461486
2.8192101
3.0172854
1.7105683
3.8311399
3.2394686
1.6740267
4.6529191
0.7632068
2.0583396
0.9714160
2.1084713
0.4420866
4.0912945
0.4476833
0.8913414
0.8739653
1.0089601
4.7150666
1.7711710
1.4060801
1.6991393
4.5234612
1.3845299
1.6423119
2.1528322
1.5016590
3.5963099
1.7119775
3.5072120
1.8066880
2.1934612
2.9604152
2.3512749
2.3986046
1.4082544
2.8117272
5.9107650
2.1233687
6.8612687
1.1958922
5.2074366
3.7743774
3.7053568
3.5937656
5.0636031
1.2085255
4.3889997
2.5178757
2.8124896
2.8319422
1.2638979
3.9027010
4.2799324
4.5988077
3.4002718
3.7292660
0.3664418
1.4429722
5.0247998
2.0853973
4.3548988
3.2585158
5.1554580
3.3892895
3.3136267
4.0372142
1.5790291
2.8587613
2.5819706
1.7009294
3.1302876
3.4477403
0.8740737
1.6359072
0.8355619
1.2204703
3.3379539
1.5440236
1.9800468
3.2223680
3.3006676
3.4232206
3.6470485
2.1427771
3.0347614
3.9890709
4.4975598
2.0378360
2.1185778
1.2115924
3.6085934
3.1988264
4.0772867
2.2556346
2.5101192
1.9642213
1.2233250
1.3301637
1.4657694
1.9621100
2.8099264
2.9688900
1.4748659
2.5962603
4.0611553
2.5226523
1.8665828
1.4238293
2.2673128
2.3373283
3.3905665
2.6284159
1.5835575
3.2869448
2.8848540
2.1614033
2.9219997
2.6482367
3.7704922
1.8525989
3.8547187
4.5214623
4.0815988
5.0369611
4.4256493
5.3861916
5.0156271
3.5757649
5.1947616
3.0233067
3.9394978
2.9595862
4.5683046
5.9312955
3.2339188
3.7447091
2.8791252
4.5796034
1.2215259
2.8420762
2.1118078
4.1117259
3.1441059
4.8797274
3.6928762
3.4094214
1.5760010
2.4728121
3.5254897
1.4312297
1.2412941
1.5223183
1.1796822
2.3168831
2.5848555
4.0178617
2.2806643
0.4824489
2.3363055
3.3813274
1.3911188
3.2102451
3.4397417
1.4463141
2.9153427
3.6132869
3.8236386
2.9223001
2.7048226
5.0370653
3.7944565
4.7888030
6.4799431
2.1261027
4.1508439
3.4015681
4.6232221
5.0943136
4.5063763
3.1580794
2.9002437
3.2616288
3.9996723
4.2200035
4.6589358
4.3399225
4.1793070
2.3508144
3.1532885
6.3142081
3.6330864
3.6819354
3.6148493
3.0895033
2.5148341
2.0053968
4.4172879
2.9801909
5.1781473
2.6773426
2.4606472
4.3673236
2.0752291
1.7460925
2.8116413
4.2468513
2.3421573
2.6784804
2.2024221
1.1241630
7.6866179
2.4203781
2.5257646
3.0465289
3.7300979
6.4502101
5.0904292
3.8624703
3.3624136
1.6494887
3.4950510
2.9630600
3.9701605
2.1959097
3.1755252
3.0750771
1.4625485
2.3894514
2.5396393
2.2447116
1.3155170
2.1652944
0.8323509
1.9742047
1.0194574
1.6671908
0.8543013
1.7504106
0.8297125
0.7695693
0.3599411
1.1786613
0.8360420
0.4037666
1.4877784
0.7130155
0.5322625
0.5428773
0.4515185
1.3897611
1.3282108
1.3298406
1.5390619
1.4287110
0.9947470
0.8083387
0.2495833
0.8023198
1.5264359
0.5237508
0.7380375
0.8112258
1.6734518
1.7452516
1.7196604
1.2125838
1.6896135
1.2908303
0.5753344
0.7325626
0.4075738
1.5673191
1.5264361
1.5166635
1.8563995
0.8387365
1.3907087
1.2059898
1.5982766
0.9035052
2.5322343
1.8058142
1.2880419
1.3014899
1.4005974
1.4910059
2.0649224
1.7151894
1.3349979
1.6816490
1.7340588
1.3514348
1.5000415
1.0485922
0.6653355
1.3511839
1.5548642
1.4360033
1.9054084
0.6383839
1.8586273
1.1493476
0.9172606
1.1459166
1.0815169
1.6384827
0.9663928
1.6485375
0.9467608
0.7397987
0.8587398
1.9425053
1.3292244
0.5108412
1.5655105
1.3327199
0.8559043
1.3596893
0.5463587
0.3570512
1.9726453
1.0798074
1.8625294
1.1319501
0.7088822
0.6113003
1.5781100
1.6921867
1.1823713
1.3559639
1.2761790
1.0354665
1.2686103
1.6307444
1.3286216
1.3737091
1.2760078
0.7311734
1.2015461
1.5617314
0.9782459
1.2906761
1.1444659
1.4362335
