3.5240878
3.5604818
3.2697018
3.4315999
3.6657399
3.2196089
3.7081010
3.3443849
3.6819768
3.6182271
3.6638124
3.8458870
3.2792381
3.6445967
3.4821481
3.4779938
3.5837577
3.5492140
3.6061414
3.7045246
3.5311939
3.7317566
3.8318489
3.7054618
3.3798943
3.2039224
3.6556076
3.5837876
3.7727680
3.6990662
4.0690025
3.7204710
3.4335111
3.0886282
3.2067416
3.9016371
3.9078202
3.0790384
3.3070991
3.2815370
3.4216583
3.7233719
3.8196610
4.0147383
3.6323602
3.4576853
3.8028992
3.5523145
3.7299782
3.6176339
3.6211540
3.5432705
3.4502658
3.5214219
3.5857808
3.7300405
3.6653880
3.5306686
3.2111052
3.5600186
3.5584854
3.6500189
3.7201610
3.9502500
3.5135469
3.6104613
3.5352296
3.3561758
3.4513986
3.6627151
3.5082751
3.2444872
3.7253687
3.3650526
3.6703321
3.3759734
3.5018326
3.6119999
3.5387279
3.8128624
3.6812106
3.3607092
3.7338063
3.5468593
3.8479256
3.8866011
3.5132649
3.5934433
3.1982476
3.6333367
3.6960607
3.8568062
3.3981093
3.5339155
3.5355966
3.4856626
3.2782565
3.8207510
3.8153806
3.6669441
3.4514055
3.3461504
3.8966842
3.4252317
3.7647632
3.5692275
3.2354015
3.8656275
3.7100225
3.4986919
3.8191905
3.8598843
3.6987801
3.7052058
3.9872534
3.8067946
3.7618406
3.9446098
3.5564392
3.7311447
4.0779060
3.7158708
4.4744428
4.3489523
4.0807263
3.8668608
4.4656260
3.8503141
4.2049041
4.3140986
3.9967357
3.9653012
4.6678527
4.2323289
3.9671599
4.1486220
3.9026666
4.0311631
4.4498099
4.3994479
4.3970404
4.3817930
4.1258483
4.5295431
4.3365928
4.0721391
4.5966496
4.7072009
4.7678257
4.2756154
4.3661827
4.9570105
4.3973523
5.0101914
4.6672950
4.5493637
4.5808979
5.4509648
4.9254516
4.8026416
4.6776259
4.7208903
4.8227330
4.5407600
4.7888306
4.4604013
5.0034088
5.2359000
5.0628743
5.0609045
5.3065516
4.9183737
5.1075406
4.9117953
5.0774831
4.9978142
4.9306952
5.0727946
5.0004319
4.9210337
4.8137606
4.9142774
4.8423534
5.0059619
5.1035043
4.7652228
4.6864392
5.3300882
5.0686414
5.1062693
4.4837271
4.7124890
5.1657046
4.9125423
4.5915263
5.0914653
5.0281088
4.9764538
4.8996516
4.9850821
4.6235845
4.8361771
4.3753563
4.4744505
4.7311255
4.6619204
4.7610830
4.4568748
4.6698348
4.5682520
4.7129202
4.8183023
4.5033872
4.2491635
4.3187766
4.3848672
4.6377373
4.9838990
4.4341518
4.8285370
5.3637338
5.4453817
4.7902902
4.8850609
4.5107579
4.7946812
4.8109333
4.9550126
4.9167604
4.3512465
4.9234274
4.8694001
4.6082617
4.8871173
4.6955122
4.5809838
4.4062920
4.8755379
4.2725062
4.6537998
4.2451027
4.6913713
4.9703471
4.7303051
4.7032915
4.1437461
5.0181477
5.3843660
5.0034750
4.6656444
4.9595742
4.5503358
4.9564168
5.0607222
4.7221073
4.2607351
4.4761074
4.6592730
4.9690705
4.4526184
4.1794978
4.8869640
4.8954631
4.3244172
4.4397049
4.0671852
4.5815841
4.2383198
4.3978040
4.3146111
3.7856836
3.9887259
4.0290483
3.8014261
3.9042273
3.8509445
4.0128400
4.6461874
3.7153717
4.1756967
3.8164300
4.4287399
3.9699122
3.9787281
3.9684630
3.9254785
3.8407123
4.6684250
4.3163432
3.8072267
3.9013671
3.7183036
3.8453585
3.7263710
3.7240025
3.7844016
3.4514207
4.1903762
3.5888944
3.8576684
4.1941063
3.5134403
3.4585534
2.9440982
3.7303242
3.6653002
3.4817861
3.0592457
3.6553010
3.9420510
3.5974697
4.4399266
2.9785588
3.7261581
2.7991898
3.5514667
3.4769304
3.4520234
4.0969355
4.9926104
3.2945812
3.5814683
4.7139875
3.7347709
6.1184281
4.0249797
5.1488311
4.2088957
4.7823851
5.0013314
3.5108098
4.8274277
6.2992082
5.0322569
6.3098414
3.9367716
5.9858904
3.3599322
4.1202520
4.1320506
6.2342329
9.9967309
10.7894941
10.4260012
5.6363690
6.8139140
8.7486460
7.0409793
7.2052780
7.4843106
9.9506215
8.0293082
7.9547857
6.1643176
6.8005922
6.8060167
5.5881235
5.6691908
5.8205299
5.8687778
6.6058442
6.3594934
6.7726247
4.9868303
4.3745153
4.5175273
5.0325512
4.5379345
2.9931365
3.9753724
3.0366053
2.1203403
2.3064340
3.6814664
4.6023134
2.9189415
3.5557252
3.2053512
3.7092865
3.5305126
2.0423699
4.1108014
2.0133810
3.5894740
1.1450620
2.0829283
1.6388862
1.1193475
2.4916251
3.2196519
3.1931257
2.9556166
4.4700049
3.3040397
2.9295296
1.0569731
1.7868604
4.5103457
3.6022463
3.3045063
1.9544938
3.5868649
3.3809060
2.2890826
2.8422677
2.8678952
2.6146698
3.1575234
3.2088338
2.2707954
2.5004865
3.5691440
2.2899649
1.9266064
3.4150429
3.6263859
3.0713571
4.2097416
4.9134997
1.9989997
4.3949144
3.0030468
4.3301598
3.6616439
3.2478453
2.2755674
3.3523521
3.5859651
4.0423032
3.3561323
4.6132573
4.5275343
5.8441590
6.3265616
3.6813625
3.7071390
3.0787521
4.7358503
2.6826376
3.6191800
3.9045127
1.9775599
3.2547911
2.6766595
3.7934353
1.7958869
2.1175527
2.6167546
4.1236447
5.2602693
2.3666667
2.8295540
2.2553994
3.0870587
2.5299883
1.8459174
1.6764394
1.1330486
2.5558724
3.7511977
4.1743441
3.2416400
4.0723497
6.3143253
4.1374239
6.1454676
3.9101681
0.3268872
1.6303873
4.6535297
6.9170173
6.7233817
1.9338076
5.9978842
6.2792385
8.2990810
8.8059338
7.7289918
6.8272822
5.7871039
8.9298540
8.1546534
7.6417030
6.7160168
4.8120131
6.5433842
4.0983290
4.5603729
3.3870174
2.7246681
1.3833387
3.0406509
3.5902224
1.0526635
1.4880703
3.8123560
2.5562219
4.2521966
3.2031916
3.7129949
3.6075489
2.9496776
4.0396688
3.3757870
2.9024310
2.7776545
5.2986703
3.1509884
2.7263258
3.4019201
5.0508370
4.3244776
2.5964456
4.3213444
2.6183632
4.4937570
2.2065704
2.9548037
3.7568691
1.2788292
2.8692270
3.9495926
4.6834039
3.3622453
1.7513201
2.3843404
1.8165779
3.0649543
2.0944104
1.4223913
1.2219465
0.8481792
1.4824532
2.7666065
1.0353842
1.6472047
2.1739525
1.7169031
1.9033444
1.5252849
1.1615048
1.9015550
1.0404750
2.3423464
0.5742623
1.0370323
0.7889846
1.2781465
1.5463580
1.4420968
1.6952972
2.7864955
1.9016166
2.1967361
3.3262221
2.5680969
1.3806249
1.8452290
1.7492030
1.9434390
2.8727922
0.9942128
1.5650824
0.7425756
0.7172130
1.4775986
1.8233052
1.5812886
1.2333861
1.6885223
1.3559168
1.8138145
1.3019163
2.5144389
2.6671355
1.6598343
4.0142254
2.6070447
3.0858475
3.3264092
2.9305939
3.4012858
2.7800345
3.1583726
1.7403991
2.6870912
3.2250508
1.5834885
1.4237540
3.1161540
2.5552077
3.4833585
3.2085772
3.4246588
2.9543358
3.6178965
3.4820716
3.6547819
2.9212314
4.4599560
3.6369554
2.0324775
2.4292879
2.5444005
2.6816172
2.3218565
2.9359190
4.3409757
1.8231763
3.6406717
3.3650389
3.4920836
2.3078321
3.3852426
4.0505194
3.4297216
4.7965332
4.3343962
4.2362636
4.6812655
2.6775312
2.6984241
3.1536361
2.1954895
3.7722798
3.0097111
2.6491187
4.1757033
2.7703417
3.5726039
3.6264171
3.8890706
3.0032816
2.5138063
1.8134853
2.7185362
4.7911391
2.4684733
3.6076414
2.6596414
3.4419868
2.6965802
3.2636672
3.9735678
3.0195447
2.1896124
2.4823223
2.4566544
2.4985442
2.7601906
2.8178669
3.0895295
2.7664404
2.8013380
1.5837996
1.5930865
1.8545413
0.8977598
2.1713761
1.7659860
1.0019060
1.8513801
2.0900625
2.2301732
2.7415633
2.0252436
2.4783246
1.8738923
1.7787497
1.8356174
2.2308174
1.5241950
2.3155410
1.5379964
0.6959111
1.4246313
1.9333875
1.7732708
1.0140672
0.9085937
1.3035359
0.7971273
1.1765227
0.3658851
0.7758935
1.5984780
1.4332181
1.7122421
1.5387750
1.9969255
2.5638090
2.0157585
2.1268439
2.1063001
2.5531556
2.6078079
1.9756455
2.6033396
2.6598903
2.2720220
2.0199578
2.6487619
1.8436897
2.9345809
2.5888564
2.3650255
2.8830284
2.3776587
2.6782343
2.8432911
2.2798761
2.6210610
2.5227137
2.6841509
2.5426635
2.7364551
2.7189622
2.5342442
2.4378714
2.8386335
2.6026135
2.2365370
2.6530636
2.4860861
2.4592107
2.7629017
2.2976975
2.5652928
2.5300962
2.8663428
2.6904244
2.6333038
2.8174134
3.0005963
3.2030476
3.0331677
3.0371248
2.8017515
3.0704620
2.4637764
2.6082391
2.8471613
2.7219757
2.6951616
2.9027266
2.9026989
3.4285403
3.2528751
3.1069656
2.3483610
2.7185942
2.3384450
2.5276612
2.2770582
2.1119427
2.2154715
2.1935080
1.8284496
2.3579230
2.9830917
1.9682469
2.2137274
2.3859800
1.6219291
2.0568523
2.3109694
2.4066344
2.5647542
2.3687639
2.3187797
3.0688454
2.9930696
2.9101862
2.6970759
2.1003880
1.5789867
2.2729396
1.7430965
2.5714145
1.2694018
1.1055582
2.4520542
1.6381459
1.6969139
2.2848769
2.3233432
2.0296466
1.9406425
1.6089792
2.0323570
2.3640457
0.8384148
3.3013280
1.9204519
2.0634102
3.1376107
2.3365573
2.2775910
2.8431357
3.7883424
4.5077425
3.7599510
3.1812229
2.5760140
3.1620363
4.1740244
2.4888620
2.6182578
2.3396967
1.2714376
1.2634356
0.5731626
1.5894141
2.2832317
1.4915159
1.8232853
2.7003852
2.3265664
1.5667142
1.2753374
3.1647925
1.9884541
1.6136973
2.0428509
2.2057859
2.8383818
2.4936503
1.8336293
2.5059668
1.1100936
0.6126587
1.1094829
1.5718923
3.1511698
3.0141447
2.5260698
4.3765457
3.9353852
1.8943455
3.9646034
3.1440070
3.9923075
3.8257286
2.6684091
2.3509828
2.9249469
2.1787002
1.7173507
2.4158312
2.5816786
2.2735693
1.2288573
1.5005633
2.3756988
2.3089828
1.9286715
3.1712713
2.5350356
2.6952118
3.1744358
1.4951228
3.6534420
3.9242318
2.3190608
1.8541686
1.6469637
2.1394982
3.4524996
2.9643383
2.0956899
3.2669289
2.3412136
3.8329739
3.2948519
3.8303941
3.2629100
2.8711285
1.4467231
2.4296723
3.4034912
1.6306535
3.6106349
1.9869990
2.3122874
3.3452626
3.8611022
2.9461140
3.9474709
2.7573663
2.7408750
1.7961399
3.9536595
1.0692295
2.9331774
1.9083415
1.9305120
2.3637595
5.5014586
4.2364452
2.7349923
3.4063549
3.8629646
2.2097466
1.9909510
0.3040546
3.8421737
4.6961790
4.5597998
3.0719561
4.9552101
5.1668348
3.7285744
1.6446183
6.9712554
6.1665980
3.9772021
4.7401218
1.6984216
5.2748895
6.1756941
1.5758041
3.0168017
2.5673273
1.6384836
3.0559941
1.7587532
2.0512766
2.4860148
2.6252994
2.7278839
2.5876771
5.2301011
3.0693644
2.9293222
3.1976976
2.7075401
2.0974943
2.0103362
3.8803814
3.9127990
3.1579958
2.3722924
1.1159998
2.3642573
0.7876036
1.3112408
0.8266608
1.7572305
1.5876203
3.5655181
1.6892796
7.6427247
2.9510788
2.9958560
2.5248900
3.2046850
2.4988530
4.1556865
2.1591070
2.6157062
2.5332359
3.5807097
3.3158573
2.2808620
1.4469230
1.5843493
1.5345848
5.5397375
1.7018798
2.6100953
8.0223553
2.6940043
4.3815912
2.6137812
2.0939199
2.3446921
0.7381944
1.8408457
1.2905970
2.6535444
1.8065503
1.4285339
0.8714217
1.6992639
0.9504376
0.7526542
1.2107581
2.4017951
2.0468050
2.0454495
1.0534370
1.0340976
0.5050896
2.2189268
1.3787986
1.7677617
1.7728360
2.0904063
1.5690153
2.4457131
1.1490126
0.7847491
1.6132160
0.7712562
1.7869423
1.7440617
1.8580354
1.3326700
1.6550415
1.5228513
1.5230691
1.9372244
0.7848396
1.7035105
3.0918347
3.1172249
1.8894645
2.0780892
3.2743284
4.1226089
3.1827971
2.8990326
0.5984725
1.5002811
2.4504098
3.6987180
1.3574845
2.1489510
2.2363046
3.1921217
3.2343813
2.1423698
0.7000969
0.9417148
1.0537774
2.1331211
0.8929337
0.7797857
0.7320538
0.1569625
2.1553420
0.7899054
1.7435043
0.4470813
0.7444848
0.4235461
1.5215085
0.7112897
1.1446404
0.6924684
0.9206918
0.3194893
0.7994975
2.7232688
0.7312300
1.2989984
1.7607008
1.0238139
1.0360617
0.6374507
1.5366063
0.9509735
1.0217275
1.4906657
5.6880192
0.4237530
0.1803844
1.1702958
0.2747778
0.6532493
0.8550828
0.2264139
3.5115076
0.6743533
0.4872273
0.2683743
0.7460897
2.4030716
1.3807106
1.2354926
2.7371281
0.7120707
1.0991139
0.5299643
1.0051403
1.4432586
1.4604580
0.7680864
0.7720123
0.9886696
0.5362689
1.7038173
0.6154156
1.4351162
0.3804349
0.7427220
1.2344228
1.3214606
0.9137711
1.3615250
0.9666194
0.5991100
0.8903118
1.9478164
1.3887970
0.1418021
0.5603986
0.8702018
0.3989150
0.1625047
1.6106132
0.8607967
0.5007387
0.8290505
2.3507761
0.9589930
2.7961725
2.8766534
1.8988691
2.0566380
3.4022319
4.7633591
2.5777230
2.9023241
3.0594453
3.6991383
4.1894482
3.4517078
3.2272566
2.3086576
2.2807768
1.4661030
2.6550182
4.3989603
2.0261785
5.5889416
1.0521838
0.7040264
1.1507474
1.9044783
2.2493972
2.4692450
2.1216965
2.6427840
1.3313607
1.4536313
2.6698423
4.3135072
3.5424047
4.3949015
2.8306583
4.3294910
3.4054476
4.0415363
0.8905901
2.5379086
3.0525165
3.2364555
4.0220473
3.8514523
4.1989310
5.0556962
8.8660967
4.4755796
8.4169824
2.7327622
3.5680967
5.2310943
6.3052533
6.0686402
4.8567735
5.9347845
4.2426720
3.7157100
3.9607974
3.4641833
4.7477979
4.0520591
4.3754172
5.3075512
6.5026857
6.2804819
4.0333589
5.8296234
5.9509778
5.7482873
4.8278627
4.6108505
3.2838164
3.8655952
5.3604037
2.3306685
3.9541369
3.6336889
2.3475877
4.3042944
3.2910832
3.6157257
3.6578277
3.0460965
2.6570962
4.0522047
3.0321753
2.4811738
3.1386706
1.3062917
2.6506401
3.6501874
2.8309841
4.2705606
2.0069788
2.3309738
4.7022284
2.8391919
2.3491440
2.5941544
2.2466106
4.3522080
3.8133280
3.9022756
4.2149084
3.3110689
5.6020903
3.3298156
6.5971513
5.0138766
4.1869693
4.7969140
2.5426166
3.9400046
4.5730611
5.0740931
4.0932485
2.8075926
4.5795602
3.3953318
6.7558231
4.5956834
5.8173922
5.9502815
3.9406692
4.8826637
2.9054174
4.1075123
3.5576423
1.2476186
4.0466771
3.9423631
3.5110438
2.7481544
2.8866316
1.9410998
1.8158963
3.7348878
2.6099402
3.4058162
2.6967114
2.8505059
3.3302691
2.4780512
3.2209249
3.6421677
2.8473017
3.0147436
2.6223060
2.2545373
3.2112750
2.2535064
2.9673020
2.7809035
2.0696198
3.8161181
3.8407408
3.1120564
3.2418681
2.7818078
3.3964509
3.5998890
3.2532502
2.0711553
2.1467031
3.3251964
2.1433521
2.3029662
2.4922614
2.5853758
2.1991734
2.2151588
2.2717309
1.9379619
1.8906073
1.5303123
1.0766526
1.7956671
1.3160532
1.5571921
3.7040193
3.7045070
1.0427021
6.6161188
1.4439727
0.3669635
0.4872558
1.3107491
0.5012267
0.7186243
3.2480144
4.1417764
1.3446553
2.2531046
3.9629404
1.1013995
2.5629522
6.0232869
1.5147459
0.9357040
3.1955659
2.5573194
3.3453363
4.3290444
2.8660204
1.6834280
2.4531682
1.6740731
1.4069431
2.0934325
1.4349125
3.1867989
1.4949565
1.4988227
1.2315354
2.0908858
1.7307870
1.3370468
1.3524873
1.3440595
1.3197188
1.5734436
1.5435860
1.5432360
1.2803504
1.7451449
1.5224499
1.4431510
1.3408566
1.5317606
1.3377779
1.6608379
1.8996463
1.4386645
1.6903873
1.5031628
1.3094563
1.6185288
1.7816824
1.5324524
1.9779515
1.9889140
1.9121607
1.6323132
2.0302698
1.9682324
1.7940227
1.7363691
1.9182130
1.9126796
2.2547145
2.0072312
2.3791860
2.0375056
2.2981857
2.3286683
2.3189462
2.5121830
2.1034737
2.2528825
2.7835899
2.7928804
2.7012884
2.6827824
2.6273317
2.5973939
3.0081280
3.1589196
2.9135909
2.7863742
2.5914338
2.6957933
3.0059837
2.8390716
2.5371125
2.7340786
2.5986738
2.7386604
2.7568251
2.7827982
2.6746815
2.8167916
2.7607294
3.1208758
2.8250063
2.8368215
1.9932748
2.8362030
2.6349124
2.4973342
2.0449662
2.8961948
2.3363573
2.5691811
2.7534227
2.3762254
2.4413743
2.1520750
2.4340898
2.5508630
2.5293420
2.3774052
2.3405087
2.7134801
2.4111148
2.9470149
2.8024731
3.2424992
2.7455891
2.4176333
2.2589120
2.7444777
2.1830111
2.2439594
2.9354883
2.7223723
2.3431551
2.4535035
2.8098965
3.0516779
3.2966789
3.4419311
3.0914651
3.0164027
2.9370692
3.1722683
3.0501607
3.3090236
2.9200563
3.5735842
2.5909666
2.5883133
3.7535542
3.8492652
3.3117696
3.0109421
5.3117861
2.9512352
4.1040733
2.8372962
2.4721841
3.7294674
2.2336541
3.1556242
2.0094246
2.2873372
1.8406903
3.7820385
2.4626514
5.0787915
4.7152832
3.3355478
3.3002462
2.2714501
1.8259632
2.8899647
1.9422287
2.6406676
1.2428576
3.1099180
2.6103173
2.4576247
2.8451923
1.6011071
2.3049401
2.6753811
3.4805483
4.6600218
2.8901034
3.6493704
4.4111689
4.5010965
4.0688170
3.5763875
4.0586159
4.9317411
4.2564087
3.9337693
5.8224324
5.2502422
5.9626771
5.3980954
5.0391822
3.0751565
2.4021324
4.9694697
2.9944375
2.6482246
2.0472225
1.8296660
2.7118551
3.7969994
2.7028969
2.7822442
2.9305097
2.6795225
3.1258003
3.7758603
3.4854935
3.5388296
3.1947493
2.7646184
3.9502910
3.1118614
3.2959150
2.5971043
2.9033135
3.0115870
3.8944732
3.0924653
4.2268019
4.4768216
4.2135549
4.9865195
3.7772480
2.1798396
4.6333384
3.2449123
3.3125659
4.0701081
2.8451715
2.7997139
3.5559995
4.0365569
1.7423915
3.8708073
4.4638787
6.5915269
6.0698448
5.4134972
5.6482796
6.7619681
5.6931731
4.2879599
4.0539207
5.1227996
4.1065025
4.3652885
4.2782624
3.3568907
3.9605445
6.5675382
5.4043317
5.3995033
4.6042982
5.9004269
3.8215416
4.4270040
3.9902728
6.6536296
3.6429325
3.9392414
3.0683487
4.0575237
4.1049867
4.1012153
5.6505198
3.2285371
4.5739164
4.7894368
4.1817026
3.1489265
5.5655389
3.1931680
4.3637071
4.0239444
3.5632801
5.1839067
5.7014788
4.9392060
4.6199651
5.0843237
4.4585949
3.8126370
4.0057777
3.9263944
4.7509386
4.7290030
4.8300145
5.3264442
3.9351458
4.6651783
4.8619066
4.7128520
4.6827474
4.1299886
3.8711284
5.1895800
5.1128340
4.7382541
4.9218811
3.8604950
4.4888390
3.7300470
4.2961207
4.5603657
4.3016895
2.8919408
3.2186520
4.4086898
3.5273176
3.8174341
3.6701644
5.4876315
3.6162525
2.6387572
4.0939916
4.3238406
4.3163420
4.1317020
2.9354829
4.7133915
4.5639760
4.4023310
3.3986558
4.2450877
4.8352687
3.8657550
4.1592396
3.9091903
3.2099001
3.0818711
3.3909977
2.7575320
4.3195136
3.2343759
2.6611956
2.8972682
3.2518196
3.2733683
3.2180008
3.2760876
3.2644196
4.7382906
3.5547406
4.1297741
3.5430793
4.3058775
3.5731451
4.0679043
3.0524156
3.8001480
3.4812068
4.1837808
4.2977688
3.2027464
3.9080102
1.2961882
3.1349271
2.4348425
3.3592429
4.1284033
3.6506351
3.9022480
3.0262682
3.2479086
2.8405599
3.3290942
2.9104901
3.3891069
2.3704235
3.9861528
3.8524780
4.3438340
3.8508566
4.1969897
3.2535402
3.5419257
3.5491621
4.2678726
3.9770200
3.4315361
2.4253843
3.6361853
3.0136419
3.4356399
3.9182910
3.0730415
3.3697672
3.2080342
3.9065659
3.5340336
4.1913292
4.0406207
3.3928742
4.0157390
4.5904494
4.4932524
4.7653147
3.9696277
4.7600601
4.2003349
3.9698455
4.6595259
4.5712023
5.0988073
4.5081719
4.8617448
5.0207180
5.0143516
5.4330535
5.0508271
5.2188122
5.0246841
5.4054469
5.0366468
5.2701124
5.6267855
5.2802732
4.7988185
4.8707358
5.1493758
5.5413963
5.9942369
4.8361630
5.1267496
5.0439175
5.1649765
4.6659987
4.4451801
3.0890553
4.4919108
3.9938776
4.6436355
4.4373524
4.6488798
4.3483377
4.7207955
3.9708947
4.7695296
4.4683419
4.1152197
4.0338452
6.3556310
4.3358291
5.1678621
4.6051673
4.3632859
4.0496804
4.5449059
4.4309908
4.4801647
4.5548524
4.5853304
3.4479891
4.4624689
4.3475738
3.9213301
4.6298052
6.2907557
5.3882408
5.2800353
6.5934383
6.5134064
9.3726014
11.9308379
11.9077856
98.3213241
103.4205449
6.3359671
4.0412748
7.8998346
14.1382187
7.1150925
8.6012013
6.3980981
9.6788288
7.1712280
4.2291890
6.4059182
4.5277032
4.1278706
4.4917283
4.7962951
3.4953576
3.6113878
4.2237361
3.3712077
3.9469483
5.7629508
3.7786290
3.8144478
3.9050475
4.3470263
3.9639992
3.7336720
4.7478873
4.9704581
4.7062377
3.5284526
4.6284208
4.6969593
4.5319385
4.4349285
4.2026171
5.3913040
4.9051718
3.9947820
3.2650297
6.2510668
4.3369531
5.8959793
3.7180977
4.4047813
3.7209770
4.5711893
4.7934293
3.8937720
5.2436538
3.3438441
4.6913306
4.7462650
5.0150165
4.6737321
4.0852573
4.3349339
4.6884922
4.6013403
2.6708359
4.0271537
3.7678331
3.9601883
3.6172878
3.9809063
3.7578913
4.3873082
3.9161008
3.8443623
4.4273948
5.0486811
4.1779085
4.3221266
4.1420630
4.3276235
4.3072623
3.7732327
4.6650256
4.3199981
3.4376548
3.7164274
4.1197403
3.6011377
4.2555684
4.7001766
4.2955430
4.6078675
3.9472270
4.3486398
3.0676378
3.8813272
3.3827648
3.8967472
4.4642470
4.7273517
4.7363008
4.1456957
4.5232748
4.2154415
3.7083867
3.5726714
3.9581765
4.8357048
4.6435887
3.7256406
4.6534268
4.8609724
4.5103761
5.0201842
4.7535896
5.1680453
5.2276283
4.4826579
4.1974941
4.5772227
5.8353888
4.5389229
5.1523583
4.8854010
5.7957396
3.9109375
3.8819021
5.0635560
3.8080765
4.4452300
3.9505243
4.9309081
4.5795911
6.2891095
3.7504183
4.7793714
3.7005559
4.5893145
3.8883211
4.3025217
4.2658181
3.5971989
4.9408929
3.8628101
3.9501690
3.6722503
4.1248235
4.4240454
4.7865946
5.0448322
3.8229867
2.8978647
5.1640137
3.6667327
3.9932044
2.9508962
3.9255001
5.3253136
5.1026729
4.3990876
4.2829138
4.3825001
3.3770790
2.1619317
4.0202524
3.0541598
2.9913374
3.2188156
4.3334390
2.6576161
3.6683939
3.9071032
3.7586149
3.2921003
3.8415061
3.3117741
3.9490446
3.5683075
3.1814737
3.9476289
3.6224945
3.7107125
3.1282919
3.8978615
3.9473967
3.9231915
2.7739487
5.0171998
4.0425949
3.1622899
4.2015297
2.9186059
3.5476624
3.4655044
3.3084482
4.1073108
3.4443893
2.5338433
3.8545990
2.9686822
3.0306510
2.8362771
3.0080517
3.4648436
3.0024741
3.0648031
2.8388539
3.1903708
4.0237356
2.9478732
3.4886676
2.4409003
3.7715542
2.7906623
3.4631570
2.7061826
4.1346908
2.9620112
3.0290250
3.3317161
5.6802621
3.9650000
3.3616755
3.5207746
5.2967019
3.6046619
3.4106006
3.1081974
2.8454481
3.7958345
2.8322720
3.5633462
4.2793799
4.0557062
2.7173441
4.1711408
2.7167260
3.2968528
4.1005149
3.4160321
3.2629956
3.2563190
3.6748805
3.4337058
3.3588613
3.5172033
2.9483223
3.6688756
3.6353801
3.0220905
3.9901110
4.6619293
3.7965891
3.3468144
2.6957283
3.2502271
3.0379833
2.7925117
3.0095772
3.2259173
2.9646833
2.8768218
4.4558747
2.4376731
4.0250065
3.0045749
3.4381169
3.4720789
3.5105445
3.6323545
3.2877453
2.9703444
2.4757124
2.5082104
2.7279997
4.0072649
4.3373366
3.2289858
3.7194147
4.3412866
3.6638413
3.4569735
3.3467703
3.5359135
3.3671695
3.1784458
3.5364021
4.0430631
3.7646464
3.9110123
3.2830124
3.1369065
4.0484830
3.3466774
2.7376454
3.4319504
3.9242895
3.7303476
3.4083838
4.4319148
4.7745542
4.0791580
3.8847505
5.4457276
3.3674583
4.3695495
4.0233434
4.1716622
4.4350427
4.0552640
3.7149480
4.3041205
4.7142679
3.8231074
4.2767672
4.0080938
5.1504625
4.6068523
4.1958518
4.5743592
4.4473055
4.3201190
4.6160089
4.5863925
3.3893601
4.1416493
3.1296957
4.0232415
4.6899898
3.7478401
3.5658374
4.5351859
4.7216777
4.3234925
4.3194542
4.3528924
3.4436410
4.2488705
4.0551394
4.1867261
3.9386552
4.0181249
4.4674813
4.0860848
3.4367775
3.2496583
4.2882704
4.0868312
4.0151445
3.5742284
3.9130954
3.9268086
2.8396124
3.5467820
3.7214369
3.4850146
3.3677917
3.0615521
3.2823994
3.2701290
3.3696969
3.5598380
5.1629640
3.8721115
1.8113156
2.2721116
1.7482618
1.9843508
3.2000749
3.3890978
3.2109120
2.4448023
3.0985858
3.8662128
3.9023914
4.1543873
4.0143843
2.8055664
3.8890825
4.1318372
3.9193451
3.5696585
4.7049387
3.9064073
3.9023323
4.1826901
3.1478247
3.8845676
4.9200218
5.9920123
4.0470165
4.8898802
3.6536236
5.0103515
4.2715022
6.2953274
3.7107252
4.0256243
4.6645108
6.6923856
5.9680413
5.5082158
4.5241768
4.5153951
4.8099992
5.1235840
5.5203658
3.6862140
4.4886311
4.6881250
5.8451249
5.2975136
5.3771822
4.4431376
4.3671099
4.1777047
3.7380778
4.4010373
4.4902767
4.7961663
4.2710183
3.4727191
4.8504081
4.6545707
5.9243911
3.4325422
6.0596042
4.9190201
3.9617171
4.7176509
4.0731891
3.8446264
5.0491403
3.9674531
4.1472787
4.3584849
4.6052681
4.6955772
4.7521932
4.3310579
4.5521222
4.5748723
4.9575649
4.5895868
4.5001613
4.5348416
3.2911247
4.5873257
4.9046367
5.9045771
4.2503161
4.2053068
4.4836641
4.2583786
4.7893896
3.3441987
3.7256392
3.0010390
4.2109362
4.4171647
4.6603730
3.2494195
3.1990037
4.0252527
3.9660091
5.2927750
4.7972212
4.3122786
4.5098461
5.1517912
4.3504239
3.8998708
3.6048734
4.2264619
4.3273404
4.8533293
4.7537169
6.7518052
6.5351939
5.6344288
6.1988042
5.2044490
5.2707594
6.9037155
6.1063920
6.3472809
5.6310038
5.0975398
5.5814135
5.7305882
4.9986701
5.4941196
5.1490804
6.5498431
6.2044872
5.7176878
5.9057685
5.0498210
5.2529220
5.2495336
6.7743835
5.6704842
4.7611196
5.1578046
6.7452793
6.0284604
5.1708321
5.0381244
5.3763484
4.4338492
5.3326078
4.0166552
5.9385884
6.2426582
5.1562756
4.1587721
4.7080100
5.1477281
4.7428734
5.3071660
5.9611846
5.7916233
5.7186911
5.5056275
5.8955792
5.4896792
5.2152830
7.2329936
5.9728260
5.0706936
6.3758591
5.8582012
6.0663585
5.6899330
6.4431688
5.2990826
5.6283166
6.2822978
5.2946287
6.2568092
5.4641675
4.7423248
5.8935152
5.3109554
5.7606092
5.4179118
5.8370200
6.0180980
5.6123815
5.8748320
6.2898085
6.0551758
5.2311452
5.5022738
5.0051908
4.6111692
4.4944219
5.6774069
5.3758102
5.5280720
4.7095621
5.3893910
4.5641217
4.4343644
4.9555735
5.7872683
5.8772532
5.6462380
5.3236660
5.4054636
6.0319773
4.5386576
4.5502988
4.2319246
4.8452896
5.1037800
5.5671101
5.6587464
7.2041085
4.8128505
4.0486781
4.9033420
4.1329920
5.7500432
5.2031261
4.1203750
4.3100090
4.1863140
4.5854275
4.1534056
4.8330605
4.3133597
4.0658746
5.3793294
5.5681816
4.5956782
4.3259293
5.5768997
5.1911860
5.1676770
4.7530301
4.4869164
4.6161173
5.6637541
5.0928462
4.5581436
4.9551474
4.5810140
3.9905765
4.5729504
4.4089541
5.2892091
3.9198296
3.4947936
3.5451783
3.4523242
2.5560293
3.0823494
3.5734071
3.0791981
3.7138825
3.3170127
3.7125675
3.7558054
3.6383152
4.2409916
4.5554932
3.9427272
4.1628507
3.5553078
4.4833071
4.0680454
4.7346445
4.3500572
4.6017194
4.5249332
3.6591580
3.6976366
3.6855401
3.6911989
4.4283085
4.4348520
4.5991851
3.8130205
5.1966285
4.1452408
4.2407940
3.6476990
3.6417821
3.9768465
4.7747635
4.9385635
4.3629390
4.3744603
4.5360539
4.5111829
4.9301369
4.6353098
4.6935522
4.6062831
5.4178696
4.8116395
4.6048230
5.0962549
4.3263441
5.5374025
3.9901524
3.7449965
3.7118227
4.2873405
3.7988279
2.6326835
2.6988713
4.4877013
4.5350315
4.2765902
3.5283715
4.8605103
6.8763985
4.6665073
5.0122575
4.2457226
5.1002062
3.4327461
4.2589719
4.6367010
3.8700183
4.3323969
4.4859549
4.9696753
3.6146594
4.3474161
4.3362068
3.8751206
5.2071137
4.7023454
4.4807551
5.9358952
4.6246986
6.2089479
5.2497776
4.6121605
6.4420620
7.1823056
6.2520524
4.7593810
6.4108337
5.2941705
5.2782212
4.4480609
5.7178442
5.3275699
5.1174305
5.1262411
5.6240151
4.0534219
5.5467229
3.7725326
5.1605499
4.7603394
5.5885483
5.6544204
4.3532785
4.4864686
4.3308856
4.9393038
5.1257823
4.4201341
5.0478853
4.7723663
4.0191621
3.6526878
4.7193670
3.9243072
4.4819761
4.2146030
5.2099628
4.4427696
4.3785367
5.0810940
4.3821194
4.6426444
5.3984440
4.6814185
6.5880294
4.6795918
5.2085364
6.0881176
5.7699543
5.5443023
5.6145925
4.5426709
4.1609066
4.1162433
3.9698214
4.1482358
3.8239780
4.0694301
4.3401995
5.5595116
5.4557548
4.2617676
3.5285398
3.6616100
4.0308498
3.0680487
3.2199901
3.5028625
4.4265716
3.0707512
3.6036192
3.1942467
3.3328719
3.9978052
2.9203430
4.0313931
4.0605439
4.3774308
3.4656130
2.7316807
3.6723091
3.0484623
2.6040957
3.3126242
1.5539460
3.2664659
3.0189053
3.2558763
3.1536482
4.1643863
2.6602786
3.1611644
3.3229077
3.5129993
3.4992911
3.6125833
2.9223082
2.0608984
2.1629462
3.4273750
2.6351462
3.2231896
2.6508471
2.7125529
2.9790484
3.0176190
2.1814275
3.2450654
2.1323383
2.4235044
3.7772588
2.1559378
2.8773281
3.1071972
2.9747085
3.0662659
2.6830324
2.3051853
3.9120639
2.9258140
2.6526093
2.6580182
2.3744377
3.1034378
3.2610795
3.4906543
2.6821472
2.8075694
2.2807497
3.4074876
2.8554648
3.6587424
3.8387742
3.8750371
3.3067685
3.5643269
3.0194729
3.6076173
2.8462009
3.6563881
3.2244160
4.2459621
4.1835773
3.3210845
3.3390099
4.2819723
3.9333312
3.8125555
3.7431187
3.9300075
3.7391754
4.7376220
5.3109648
4.5242368
4.2883103
3.6500100
4.0241740
4.2371826
4.1962409
4.4569653
4.3603133
3.8205896
3.9980331
4.0027320
3.4670757
5.4070286
3.7534542
3.9876210
4.2615453
4.6100784
3.6414843
4.0072116
3.1415835
3.9293006
4.1509292
4.4393418
3.5989814
4.1560780
2.8528743
3.7368999
3.5452888
3.1002981
3.8918052
4.4600391
3.6258366
3.6343975
4.0916466
3.2823088
2.9960580
2.8254628
2.8126951
2.9547281
2.9161019
3.5423931
2.6296354
3.0840038
3.7395310
3.1881261
3.1855922
3.4616949
3.0848826
2.4673270
3.0028132
3.0102367
2.7945296
2.7021172
3.5540718
2.6542812
2.8229866
2.6529408
2.6877486
2.4328608
2.9007633
2.5668596
3.1252099
2.8364708
3.0642228
2.7424747
2.8377834
3.2289046
3.8118855
3.4511695
2.9530211
3.4696647
2.9762858
2.9873415
3.7778690
3.4552499
3.2640586
2.9457867
2.8537931
3.5951152
3.2785975
2.8453310
3.2208173
3.0536483
3.9993489
3.2393941
3.7255255
3.1123398
3.2795897
2.6537925
2.6918430
2.9166706
3.1760274
2.8057003
3.0079035
3.2993709
2.7256142
2.3662973
3.1068316
2.9567796
3.0137995
2.9813518
2.4610487
2.5227123
3.6450218
3.4419549
3.0592765
2.6726645
2.0871953
2.3177878
2.6179878
2.9990299
2.8032200
3.4581674
2.6623093
2.5630920
2.1284578
2.2895261
2.8832321
2.5502249
2.9606122
3.3119016
3.9312171
3.1966056
2.9102207
2.7216665
3.5739990
2.6049507
2.7656140
3.3755562
2.3200779
2.8060931
3.9635389
2.9248299
3.4730390
2.5450355
2.6716000
2.3406841
3.3264282
3.4684933
3.9939274
2.0790773
2.6082482
3.2068560
3.3433972
3.4529935
2.5174380
3.3292002
2.7379552
2.3586581
2.8084514
2.2563809
2.6685693
2.1798974
2.7248222
2.3793996
3.0141408
2.3802039
3.2579301
3.8082512
3.2884387
2.4269904
3.4320107
2.8450157
2.3665396
3.1899292
3.3224602
2.4133428
2.5544403
3.0609141
3.4097159
2.9057603
2.6171344
2.8119585
2.4474668
2.3540546
2.5863186
3.1429596
2.6140048
2.8625869
2.1126900
2.2009721
2.8173250
2.2606981
3.1621760
3.3373728
3.0206856
2.1972196
2.1355709
2.3942402
2.1505706
2.3335097
2.1222388
1.9977879
1.9855978
2.0944432
2.2030012
2.2025221
1.8323652
2.4332546
3.0225320
2.2058546
2.3394493
2.1869085
2.4522809
2.2364202
2.0337449
2.0414337
1.9783606
2.1331880
2.2706797
2.2959949
2.6524833
2.2741987
2.4925978
2.2393506
2.3109591
2.4605659
2.3969593
2.3861695
2.4070085
2.1748931
2.4933723
2.4102612
2.5428834
2.1849893
2.2932751
2.1931706
2.6481535
2.4808110
2.4412995
2.2621397
2.5037464
2.4217292
2.8120214
2.4412062
2.3494839
2.8998321
2.2651526
3.0812092
2.2195777
2.1345399
2.6641908
2.3163143
2.7669241
2.5095476
2.3047246
3.5431169
2.5268456
2.6198620
2.2903953
2.7717072
2.3274217
2.5241833
2.9647801
2.3295672
2.6439484
2.2741745
2.4995639
2.2050663
2.3867461
2.5998597
2.9324727
2.1415456
1.9996327
2.4941617
2.3600033
2.3396882
2.3712536
2.9292928
2.6881201
2.4386528
2.3046358
2.5448733
2.8603117
2.3086352
2.4578636
2.2911134
2.9779121
2.7462004
2.7963553
2.4253179
3.0468307
2.8831041
3.0891869
2.7266073
2.9029073
2.9284586
2.8211461
3.1022982
3.1033412
2.4922723
2.3730933
3.5257654
3.2095820
2.7161291
2.8543786
3.2692505
3.3707224
2.9496483
3.5813928
3.0404027
3.0534250
2.8173572
3.2272026
2.9303823
2.9946525
3.0862551
3.1020087
2.9544337
3.4856596
2.9537076
3.1333061
3.5076524
2.9653058
3.1483766
3.2169725
2.9208068
2.8398371
3.2272782
3.4015905
3.1500910
3.9931643
3.2800842
3.2068889
3.0702876
2.9098867
2.9653644
3.1631499
3.5906379
3.2271411
3.1149925
3.2877843
3.0476174
2.9549164
3.4474115
3.0372157
3.0883651
2.9967824
3.1851882
3.3797756
3.2005576
3.1487645
3.1669835
3.4418756
3.3600785
3.0330431
3.2999421
2.9970345
3.1193364
2.8672791
3.0651018
3.3008605
3.2089422
3.2269894
2.8414184
3.3912595
3.0712655
3.1166649
2.8622296
2.9603924
3.3685364
2.7985041
2.4963361
2.7952440
2.6175983
2.6798074
2.7265098
2.8743951
2.8656698
2.5044959
2.8555358
2.8381609
2.6360729
2.5799232
2.4562247
2.6437793
2.8227861
2.6499119
2.7732335
2.4728110
2.8549691
2.9726022
2.9035591
2.7097243
2.9386351
3.0907844
2.8588374
2.7917261
2.7218676
2.9876152
3.0280613
3.1217777
3.0877709
2.6130657
3.2582833
2.6501144
3.0481416
3.5164643
3.2471216
3.2491068
2.7984387
2.6333100
2.2981518
3.2748259
2.5062230
2.8913523
2.7523785
3.0767568
2.8302975
2.8272333
3.0113273
2.7444580
2.7750439
2.6062963
2.0384788
3.3782163
2.7889227
3.8361092
3.3143477
2.9930730
2.3807136
3.7920948
3.1823034
3.2133028
3.1178377
2.7592200
2.6075564
2.3827385
3.1129363
3.5307455
3.9648039
2.5459717
2.7612391
2.8549562
2.5683389
3.4544606
3.6294584
2.6594977
2.3394907
2.5035178
2.8601178
3.2481197
2.0370650
4.4602009
2.8613719
1.7934653
3.2494239
3.1918823
3.8167070
2.7161527
5.0863111
4.1954667
4.3893797
3.4480315
4.7582430
4.5151309
3.8425684
3.6191609
4.3878612
4.2908690
4.6139049
4.9057338
5.0547789
4.9935519
4.4363064
4.4427701
4.4408405
5.0148574
4.7146855
3.0323919
3.9245695
2.6144103
2.7917632
2.6604248
1.6293965
1.9390520
1.4295815
1.8789573
1.3315031
2.5988254
1.7255103
1.8248550
2.2025911
2.7388462
2.3813799
2.2265565
1.7255720
1.0765543
5.9230772
2.7054040
2.3058585
2.2965584
1.9654271
3.6539132
1.7022947
2.8556422
1.7335560
1.9398363
2.5023790
1.6286232
1.9848002
1.3676090
2.2814510
2.3428642
2.1221466
2.6919437
2.1277410
2.6936360
1.5503296
1.3314128
2.0944103
1.6540998
1.6269526
2.9899766
2.1189967
1.2369510
1.2302190
1.9024086
1.8821194
1.8947852
4.1202453
2.8925977
2.9239047
3.6839702
2.4078356
1.9665758
2.8296793
4.2640487
0.9775456
2.0686923
2.8837692
3.9350314
1.1180318
1.4198267
0.5817483
2.3759099
1.5221457
2.8674842
1.6064246
1.6953453
3.4409252
1.2700007
3.3093917
2.6087472
2.7345570
3.0842573
2.3683884
1.5583883
2.3078274
1.2744591
2.0469910
2.4116648
0.6973352
0.5942838
1.5813699
0.9944629
3.6588430
1.6769440
1.4082121
2.4882223
1.7476666
2.1133387
1.9785060
1.5404342
2.0423903
2.3096273
2.7011408
1.6915543
1.0632079
1.9271588
2.2617532
1.5870175
1.7704817
1.7871562
2.5911585
1.6079964
1.1129682
1.3829648
1.3766418
1.4985601
1.0894189
1.5360285
2.4675416
1.5827299
1.1710658
1.8178740
2.2211500
1.3530476
0.5737967
1.6766312
1.0314391
1.2604099
0.7585433
1.8151596
1.0582097
0.4647046
0.4274472
0.2961297
0.2938695
0.1861561
1.6699256
0.7428178
0.9277672
1.0325256
1.0583658
0.3338368
0.3364352
0.1741923
0.8550192
0.4880666
0.2574939
1.1788348
0.4267106
1.0567460
0.4808192
0.8644997
1.0191158
0.6826328
0.7766649
0.7682997
0.7011724
0.4383314
0.8607532
1.5177924
1.9838967
0.7768653
1.2965451
1.0061593
1.3504414
2.0382678
1.1087960
1.6318751
1.2487903
1.9666841
2.4256901
2.0411218
1.7646779
1.2772530
0.9707162
1.6238801
2.3971935
0.7851466
1.7909172
2.4682756
2.0486492
1.2922267
3.2792464
2.1173159
3.2331983
1.1417874
1.9088867
2.9456107
1.2578813
1.9543184
1.3258303
1.0366210
1.3203395
0.9585421
1.7515172
1.0022485
2.6799783
2.8468523
1.3445444
2.4302418
2.2886324
1.7459073
3.1674757
1.4462617
1.3909249
3.3473092
2.4549766
2.7703636
2.6928369
2.0504286
3.2371158
2.9924550
3.0874962
4.2639534
3.9576186
3.3403996
3.3922076
3.6071676
3.7666369
2.7166710
3.8819849
4.8378525
3.1420467
3.9960376
3.2532450
3.8575273
3.9540519
4.3333695
4.4531863
5.1521955
3.4771056
2.0002359
1.3509405
3.4632489
4.4212240
3.8670822
2.8298166
1.6330257
3.6365976
0.9388947
2.4652124
2.8139990
2.7221457
1.6717493
2.6344544
2.5769886
3.4075191
1.9016448
2.9146411
3.7515435
2.7196088
1.8492450
3.3371876
1.8621072
1.6492463
0.8951252
2.5862030
1.7792939
3.8054096
1.1057461
2.1907794
1.5195474
2.2016265
3.3925076
2.9733911
3.0324862
2.2405116
2.6989610
3.9433155
2.1120793
1.8275760
2.0316082
2.1517998
3.5507731
3.2475978
3.2007855
2.6820802
1.1682444
3.2581655
3.3903915
3.5362785
3.1922684
1.6384134
2.5571870
2.1263656
3.4666265
3.3165026
2.5535268
2.2193304
3.1645808
1.9354116
4.9777070
2.9387912
3.8138185
2.3841971
2.9124692
3.2030705
2.3291863
4.0613967
1.9894243
4.9289456
4.0693151
3.8449448
4.3617392
2.8655545
4.3697079
3.4676443
3.9758759
3.0867793
3.4652131
4.3278753
3.2966735
3.2446359
2.6981800
3.3001870
5.0198288
4.1928990
4.1484308
3.2778160
3.4745948
3.2748636
2.6344135
2.7165893
4.1954897
2.5971554
3.3015538
2.0089674
3.3688015
2.8546637
2.0990363
2.6638591
3.0001864
1.8011765
1.8836365
2.5207762
1.9302198
2.5404491
2.0294050
2.1183770
1.6643390
1.2979816
2.1167690
2.6590833
1.5416094
1.9595653
2.4053285
2.5987920
2.3315924
2.5737609
2.8548793
2.9449938
1.7906569
2.2282815
2.4416677
3.1168399
2.4558274
2.2572949
3.1415997
1.4214731
3.1185698
3.9865509
1.8843983
2.3403975
2.2757086
2.5963544
2.3297120
2.9517574
2.9108715
2.3612131
1.8540188
3.0932711
1.9130728
2.7627157
3.2468469
2.8202417
2.9959037
3.4672214
3.8173142
3.4591937
3.3404204
3.5465553
2.8400705
2.7574899
2.8191368
2.8807309
2.8228011
3.6558217
3.6999229
2.5645301
3.0802460
3.7077549
3.5089467
2.9152177
3.1091194
2.9764342
3.2443659
2.7423440
2.4479851
3.6930739
3.4409837
1.7870434
2.1179691
3.3927437
1.7406105
2.4909114
2.7414877
2.2436708
2.5973363
2.8735103
3.2884797
1.3941050
2.5426701
2.4697033
2.8282435
1.9516463
2.4332771
2.3076906
1.9301867
3.3804006
3.3391081
4.5762979
2.5965130
2.8594167
2.3659644
2.3125129
3.2879119
3.5177442
2.8606332
3.1718679
2.3862832
2.8209628
3.2428101
4.6999987
2.6728165
3.3822759
3.9256842
3.7263688
4.8786014
4.0743612
4.3332313
3.5931599
3.1950387
4.5993894
3.4243736
3.8906358
5.3823526
4.0392302
4.0890162
4.6958745
4.3673474
3.9353752
3.6412076
3.4269456
4.1969280
2.7024708
3.0657797
3.6612168
3.2328476
2.4082485
3.0390833
4.0486034
3.6956764
3.8676879
4.2338983
3.0812950
3.4277083
4.6156970
3.3202867
4.0562465
3.9824401
4.2955850
4.6761839
3.9538161
2.6268110
3.5158953
2.9126820
3.6344136
4.7412170
3.5352285
4.1766532
3.3832588
3.1648399
3.1008321
2.7819093
4.4063252
3.1229667
3.6569579
6.0062903
2.8451074
4.3596953
3.5983805
4.9555517
3.9571462
3.6447505
2.7346895
4.0860886
5.4856405
5.4099126
5.6751896
3.3792159
1.4325399
3.7876115
3.7001145
3.8808128
4.2410155
4.3974986
4.8048623
4.0835390
3.9465787
3.7356960
2.9678019
3.9366067
3.7651113
5.0459290
3.4197100
4.4967237
4.7927738
4.8586643
5.4438013
4.9438378
4.4452252
3.9711720
5.6117994
5.3233443
5.1319619
4.6147289
3.3065594
4.4677602
4.9514188
4.0893071
3.5003608
3.6074144
4.4971086
4.4306054
3.2910893
3.9266354
5.4585110
3.6797377
5.0067197
4.5146118
5.0112796
3.3287690
5.3928771
1.7603478
3.3324650
4.4407429
3.9146007
3.8853755
1.9399096
2.6030780
1.0308737
2.6307582
1.2278858
0.4329137
1.9034584
1.5992454
1.7898258
1.8267234
3.8723869
3.9284655
3.5589736
3.9205559
4.5552709
4.7644292
2.1561350
3.5166358
4.1457653
3.1163395
3.9604850
5.6518860
1.5990401
1.1828466
1.4628414
3.1079092
2.4944609
0.4271528
1.5737447
2.1498383
3.4999032
1.3406804
3.2808490
3.5064689
2.6364099
3.0683247
2.8706282
2.5457550
1.4705648
3.0004654
1.7577776
1.8956578
3.4121486
3.5170747
3.1655311
3.9720082
3.4750846
3.5896496
2.4695421
2.9392826
2.9338707
2.6110656
1.8564525
2.4499688
1.9678147
0.7334460
1.1085750
1.4504921
1.4728363
1.2398859
3.9267552
2.9588587
3.2214370
3.2535733
4.1998992
3.7339351
4.3088095
3.2033988
3.3293961
3.3369887
4.2781495
3.6248989
5.2745426
4.7033382
6.1457332
5.7467300
3.2453087
5.0425202
5.2345497
3.9743892
5.5985378
5.2310020
3.5461792
5.6979947
5.7924467
4.1547554
6.1201250
6.6290962
5.7572578
5.3877010
4.6266469
5.8686782
4.1759582
3.4940042
2.9722939
6.6821110
5.2698120
5.6826469
4.9695694
6.2593917
5.8735850
6.6421019
4.2963441
2.9902147
3.6609908
4.1208872
3.7811689
4.1873420
3.8756636
3.1929616
4.3668395
3.0270175
4.2272036
3.4812744
4.0535486
3.8064041
3.5216580
3.7281230
3.4431508
2.2446859
3.3293001
2.5027888
4.0415661
2.1880783
3.6667731
3.4021711
3.8500655
3.6938202
4.0254984
3.2193990
3.4424818
5.1024995
3.4839535
4.6006512
3.9325730
5.4183330
3.2967997
4.2168834
3.7828988
4.5537285
4.0373425
3.7088813
4.7714963
3.1016014
2.4612927
3.8374965
4.4986378
3.7806193
3.9114075
3.6003085
3.3349483
4.9753533
1.3944057
3.7238749
1.9858997
3.4048726
2.8212859
4.9618902
3.6077928
3.3335977
3.3360387
2.5689454
3.7089256
3.6050841
3.6849738
3.9155063
3.6119583
3.8477133
2.3305053
3.6134551
3.2812898
5.0144167
4.1525725
4.6807832
4.0501061
3.3397889
5.4736557
4.5056541
4.0291624
4.3324889
5.9280090
6.4861944
3.1869504
4.1190897
5.8995066
5.7926078
5.1259983
4.8963012
5.4396599
4.4452849
6.5890849
6.3951389
5.6955656
3.2880517
5.4125222
5.2544261
7.6668433
6.1379419
7.4411181
4.8900268
7.6991894
1.3081995
1.7196585
4.8305882
4.9820727
4.6561660
8.7155898
4.8837106
1.9812944
1.6484225
7.4738426
5.1212402
6.5601768
4.8320487
6.9899191
11.4336396
7.7880958
3.7492920
6.0057940
6.2988018
5.8517039
9.8375976
8.2490293
3.3446257
3.5664909
1.5622350
4.4187489
5.1006434
5.8204218
10.5591300
5.3749980
6.4062631
2.9526014
2.7809818
6.7743414
4.2608354
6.0070352
7.2139818
4.0908838
4.3272523
5.2636108
4.6684566
4.6323898
4.4343591
7.3734293
7.2748413
3.6951941
4.7664981
7.3360985
6.3915637
3.3672877
4.2844314
5.3188680
7.0467159
5.7729942
4.3090428
3.8215732
3.7500726
4.9209810
4.4162305
4.3389672
4.4984172
1.3827904
1.7067030
2.8592518
4.7924806
4.6216311
5.4627230
4.9531050
6.0152427
6.2337022
7.7605656
6.2550433
7.8700418
5.9912394
5.8606245
6.3975879
8.3283315
9.5898443
7.1878753
8.1292793
7.1771558
10.1377292
8.1323821
7.9828841
6.1405327
7.6716138
1.7052964
6.0333274
6.5277130
6.0873832
8.9453940
5.6223422
7.4771906
7.3916382
7.6417540
7.6777464
6.9897478
7.4047013
8.4507831
8.4985967
9.4983949
8.4948408
8.9650476
9.6058146
10.8445800
10.0510490
8.1936603
9.5505921
10.7451446
10.8748347
10.1964366
9.4437489
8.7643050
9.4585651
6.9887820
8.0688577
8.9360564
8.8734165
7.1238340
7.2292596
8.6906135
7.3797223
8.2950486
9.0282133
7.2998540
8.4275527
8.9149866
8.5221274
5.9480199
8.5618355
5.4375314
7.2958247
9.2474038
6.9461319
5.0815399
5.5332152
5.2363682
6.7132325
5.8923378
5.8788002
6.5902679
5.8252528
5.4959110
6.5144667
6.0735871
5.3060503
6.7073539
7.2860377
6.2710798
8.4505947
5.1711743
7.3892547
7.6931069
3.8303859
7.1593754
4.8294589
5.0871542
5.8188303
6.6077138
5.4068457
6.0961170
6.1121790
5.9142772
7.1736754
6.3292045
6.0356830
5.1681472
4.7289480
5.8896104
6.3123418
7.4588063
7.8911067
6.2875652
5.4957397
5.0928349
4.9285235
5.9499151
6.1347019
6.1400973
6.0658846
7.2500810
5.5029523
5.5293403
7.4040778
7.2873804
6.9659024
6.7480623
5.8285151
6.2289380
5.3832752
6.5197743
5.6379794
6.0144531
4.9687396
6.5232701
5.5360060
5.1509670
5.4766691
6.2261686
6.5237792
7.0744540
5.9577798
7.3204505
6.1797672
6.6130834
6.0834235
6.2308151
6.3481782
4.5174275
5.4404761
6.3931186
5.8855997
7.3126772
5.5853211
6.2156861
6.3565492
7.7030858
7.3587962
6.0639780
7.5456200
6.9907779
7.9836904
7.4656513
7.2955269
7.3926645
7.1476511
6.8432803
7.8940662
8.0855405
7.9597552
7.5025326
8.5208535
9.1482174
7.4339704
8.8796263
9.3309786
8.4062498
7.2915564
7.6404652
7.4320801
7.8751971
8.4375221
6.4777919
6.6050047
7.1833145
7.3648256
10.0138971
7.6276197
10.6128373
7.9400815
10.6782174
9.0040664
11.6206803
9.7108389
9.0369733
7.8822205
6.5753156
7.3736323
7.4236534
8.9424169
9.9094742
11.7188278
9.1925351
7.4085172
7.9833277
8.2672149
10.6891171
11.3339999
11.1155435
8.1346507
10.4036860
8.4755856
7.4599415
9.6965056
10.3667796
8.8851706
10.6646984
10.3326236
8.8465956
9.2884291
10.3513875
9.2249484
10.2035841
8.9695829
9.4584686
9.7873398
9.1058924
8.0939100
10.5341283
8.4649910
8.6942079
8.2044074
7.5407663
9.6607852
8.1673374
7.3917369
7.5682834
8.1669627
7.1582466
8.3253893
9.8423169
7.5616411
7.9783096
7.5371898
6.6950224
8.6015791
9.5384206
9.4060547
9.9758915
9.6801211
9.4920342
10.5966112
9.5649698
12.3100295
9.0047297
12.3303946
11.1472429
10.1844253
9.0142975
11.8592637
9.7295338
7.5377894
8.5026900
9.1074456
7.5156211
6.0385396
8.5534257
9.5705953
6.0738163
7.9362252
6.0930242
7.5522528
6.7315921
4.9700480
7.0628822
7.2633260
5.8441583
6.3496909
6.9858254
6.4854282
6.5021619
6.8704493
5.8755984
6.7240265
5.9322709
6.9556146
7.0028208
6.6511753
6.5215994
5.9508535
7.9919742
6.9835177
6.5230121
5.7619670
5.7167307
8.0155742
9.1374761
6.4291433
6.7211524
8.9002472
10.5112281
10.4110739
9.2319460
7.0316327
8.0781246
8.2662184
6.8559638
6.6382862
8.0797187
5.4865274
7.0988604
6.2922184
7.5015056
7.3419918
6.2762280
6.6450152
7.4823795
6.8091069
5.9668771
6.6536261
5.8916231
6.3429240
7.3114746
5.2988925
6.6380580
7.4732798
6.0936641
6.2081755
6.5691451
6.5168301
6.3731881
5.8548497
8.3094274
6.8749056
7.2322675
6.9687454
8.6527880
6.4937830
6.9967299
6.2376702
7.5104536
7.9881906
8.5486848
7.5968830
7.9293504
6.2123889
6.3493909
6.3788875
6.8249144
6.2569423
6.7331322
6.3833212
7.2052753
7.6674834
7.9862583
6.6576095
7.3561139
6.0055104
8.2916096
5.8997926
6.0442314
6.3696590
6.3851488
6.0576643
6.9455803
5.0068015
7.3495077
6.6205898
6.2280112
7.4365164
6.2592897
4.3986641
4.7508400
5.5164076
4.8395351
6.2361174
5.9315252
4.5969685
5.6804684
5.9559809
6.9125780
4.6624827
5.8789659
5.0706407
4.9530170
6.3958589
5.6899674
5.9343037
5.8584984
6.0121315
5.0861827
8.8326101
7.1658145
7.7403160
6.7541223
5.3684048
6.2893868
6.0787454
4.8174990
5.6566770
4.5834163
4.5769618
5.0641616
4.4426820
3.0606807
3.3025080
5.3074557
5.7023119
6.1650998
3.7769950
4.6268328
3.2460636
5.7164796
4.7423443
5.1391816
6.9265908
6.1635131
7.4947488
5.7187231
5.7552162
5.7040445
5.8266145
5.3125383
4.1754595
5.9195592
5.5063100
5.9677025
4.9381377
5.4574076
5.4601505
5.0563402
6.1714227
4.1992084
4.2855532
5.0171746
5.3414728
3.9309104
4.0700844
4.7185255
4.5673928
4.1795273
3.3613718
3.0140107
2.8323302
3.0844892
2.5946940
2.9741407
2.7464039
3.9548705
3.1873976
3.8375957
3.6732969
4.0593708
3.6498625
5.3576896
4.8613186
4.4170979
5.9249470
5.0127943
5.1698039
3.7701900
3.8603782
3.3250616
4.4260509
3.6429390
5.2547236
3.7721161
4.5353500
4.4891587
5.5127141
5.5170352
3.8034140
3.0498802
3.4101063
3.1734925
4.5272562
5.4462736
3.7389618
2.8797199
4.0848799
4.7597420
3.5627966
4.0868241
3.1558504
3.2697222
2.8017171
3.2347329
2.9231867
2.6399397
2.7328030
2.6805083
1.4026088
2.4951889
1.7519682
3.3841207
3.0556200
1.7407145
2.4220161
2.1860287
2.4967184
2.8806754
2.7125072
3.1139725
2.4160951
2.6532814
2.9221602
3.2404554
1.6099312
2.4857830
2.2467397
3.2498605
4.5527388
3.1499192
4.9599755
3.3208894
3.6396725
4.0006449
3.9933500
3.9444715
3.3519134
2.9039701
4.3800349
3.7274572
2.7667361
2.0780171
2.9493785
4.0746165
4.3754806
3.4601994
0.8404215
4.0622787
3.3075974
4.1651274
2.5765910
0.8354203
2.8577329
3.0302302
2.4148114
3.7562944
2.6959635
2.7920024
3.0775490
3.3837622
2.8523118
3.6152720
3.1437642
3.3823575
3.3867957
3.1022663
3.3021759
3.4218447
3.8797403
4.4436263
3.2263497
3.6474221
4.1114242
3.7305389
4.5874166
3.7842724
4.1738767
4.1429453
4.1793629
3.9823614
4.7251226
4.5127083
4.1936345
4.0001484
4.2743750
4.5457654
5.1531481
4.4818977
4.3137863
4.4784503
4.5538868
4.3604196
4.2840793
4.4615702
4.7610542
4.2098349
4.5927182
3.7096507
3.7188214
3.4167519
3.8872550
3.9843230
3.4599275
3.6975820
3.5646677
3.9937927
3.8002602
3.8118332
3.5002826
3.6688182
3.2938398
3.5764921
3.4812656
3.3273074
3.4754824
3.3973644
3.3674153
3.3886334
3.6182770
3.3770334
3.7376478
3.2728128
3.5313419
3.5988543
3.2778118
3.4011070
3.2747723
3.6007876
3.3188986
3.2788545
3.7225930
3.6413144
3.4421355
3.4988702
3.6534648
3.2139505
3.4311085
3.2430166
3.4278324
3.6092278
3.4648762
3.5214285
3.5405361
3.2160398
3.3696110
3.8093667
3.7918929
3.4862430
3.5572261
3.7723377
3.5814424
3.4720058
3.4737646
3.4541501
3.7606232
3.8603758
3.3132923
3.2633752
3.4064133
3.7213201
3.4352681
3.3046822
3.5081314
3.5206627
3.1692878
3.6850922
3.6056931
3.1423588
3.7141937
3.5423331
3.4334440
3.2728479
3.7149707
3.7209484
3.5674433
3.0511832
3.5697749
3.5990983
3.6119907
3.5864209
