5.1008136
5.1979565
5.4621328
5.7818501
5.5953805
4.7202219
5.1561045
4.7909853
5.4086614
5.7838882
5.1257680
4.6893718
5.2578502
5.0342580
4.8510035
5.4858232
5.1313050
5.7766983
5.3575269
4.9603135
5.0244544
5.0438824
5.0292667
5.8094669
5.2708127
5.4165221
4.8778578
5.0662819
5.2384786
5.0099079
5.2789964
5.3321080
5.6415969
5.0227948
4.8785939
5.0130824
4.9846592
5.7586900
5.7933697
5.4387022
5.0528237
5.5944011
4.9849973
4.9697892
5.3081786
5.8661142
5.0269521
5.0981617
5.8235341
5.5870893
5.2894999
5.4056885
4.8389196
5.4742533
5.3138426
5.7663673
5.4507968
5.6574790
5.6408727
4.9844786
4.8761255
5.0963691
5.0900388
5.1064704
5.1298971
5.4025991
4.9695269
5.3666275
5.0536426
5.3651367
4.7005653
5.2359620
4.9792155
5.0570924
4.6991169
5.6805339
4.9868393
5.2616791
5.5867911
5.3562165
5.4225359
5.0190216
5.3603720
5.3783537
5.4006922
4.9678163
5.4329192
5.5250641
5.6753015
5.5917956
4.9851200
5.0657105
4.9551423
5.0255592
4.8491078
5.0659070
5.3034548
5.1206311
5.5722517
4.8761348
5.2320148
5.2966535
5.8473593
5.3956321
4.9430031
5.6208276
5.0162744
5.3778670
5.6768229
5.0324063
5.5890098
5.3062415
4.9816441
5.2030880
5.5717726
5.4563099
5.3364004
5.2525518
5.3724970
5.0236038
5.6701384
5.3599170
5.0034387
6.0558836
5.3115634
5.1755393
4.8394447
4.9768086
5.1476949
4.7431362
4.9546453
5.0795515
5.1398252
5.9903143
5.5076573
5.5867830
4.9076773
5.1886812
5.1208478
5.0194647
5.5432781
5.1592340
5.2600187
5.1597558
5.9044387
5.7172970
5.3757519
5.0931301
4.9125855
5.3053168
5.3604275
5.9231368
5.5915690
5.2278993
5.4215405
5.3941779
5.8187019
5.9454224
5.1874147
5.2956277
5.1337979
4.5002179
5.1655606
5.4191313
5.9162597
6.4742305
5.2177672
5.8203508
5.5509085
5.4012927
6.4710657
5.0492263
6.7396430
5.1885427
6.7076598
5.2596911
5.1568645
5.1701254
4.7199656
4.9381450
4.9127384
6.4252702
5.1283616
5.2856861
6.1268382
4.5399209
4.7973862
5.0187469
5.3415823
5.9265783
5.1187534
4.9725462
6.3666818
6.1617675
4.8154628
4.4283687
6.0403705
4.8429846
5.2691283
4.8216494
6.2992699
5.7845648
6.1544640
6.7037663
5.4909765
5.7254031
5.4839178
5.0493966
6.1373216
5.1590644
4.7974192
13.6962738
7.9259234
7.8662849
7.1178292
5.5729449
5.4966346
8.0717664
6.1499376
4.5284566
10.4995524
7.2643559
5.5967164
5.3873749
5.1536196
5.2815146
6.3887895
6.4232101
6.3729813
9.1875203
6.5265912
25.0527946
9.3034959
6.8809949
4.9118602
7.6470765
8.0703487
5.7620907
5.5572720
5.4685229
7.7230134
6.8019783
6.6776540
7.5101830
6.8058424
5.6171828
7.7949080
6.2175942
6.6477144
14.1505764
5.6515407
9.3540679
8.5847511
6.1659429
8.1470267
5.9392682
4.4422776
4.0501942
5.4647213
6.5392558
6.2308581
5.8604109
3.8833085
8.1421429
7.7137035
5.6618669
5.4158752
7.2682380
9.0545722
4.5833377
9.4353357
5.8042226
6.9822884
6.9867909
6.3590416
5.0147633
5.4388650
7.4331999
6.8410252
8.5871675
7.8276296
6.4891456
6.1478217
7.3456613
6.8116646
9.4998042
5.5806212
7.4121027
5.6221553
9.0145387
6.1299621
10.4644303
6.7863945
10.4681903
4.9677834
6.5003461
10.2420636
12.1724095
7.0499968
8.8151645
8.4883019
9.3397890
6.5759884
7.5100051
7.9021679
6.3497622
8.1614792
8.0746625
11.9656678
11.2971765
12.2188618
12.0624442
10.9280097
7.7834825
12.4364314
6.9746513
7.5720484
5.7570200
8.1994659
7.8988000
11.5165958
17.4425186
13.6841307
15.9815366
7.3488507
4.5225512
6.1468952
6.4778558
11.2476749
5.9286561
6.6004292
4.9703541
5.6335483
6.1679528
5.3825224
3.5429313
6.8531077
5.2477579
5.1164107
4.2579550
10.0106831
4.9489789
2.9754237
5.0065305
4.4854904
4.4780162
6.1882673
3.7185733
6.2545997
6.1001675
9.7420197
8.8374083
8.5754068
6.8876833
4.7260837
4.9019490
4.3176218
6.5347001
4.7249207
6.5373517
5.2474272
7.3915374
6.5128132
6.9455750
7.9475422
6.1436570
3.9392887
13.5150760
6.0162531
4.2151306
6.6289718
6.9860802
8.6413270
4.5687989
6.8129102
4.5840259
4.2993067
4.6888180
6.8367102
4.6518223
6.3822079
6.0008162
10.5566849
9.1787302
4.4970333
4.0716532
3.4307755
1.3281232
1.8404975
3.4830098
15.0594949
62.8108087
5.9651956
2.4750603
13.1202093
5.2397569
2.7266468
21.2007660
4.1351820
7.2503084
5.1166506
1.6473839
0.6435830
3.1368298
4.0476004
9.6703041
14.3233681
5.3136024
21.0377116
8.9650171
55.4530807
10.8910567
7.5558245
4.7694453
0.4481953
4.1112672
4.9480056
3.6880241
1.8766002
12.9767936
6.4023674
8.2673553
2.5831236
12.5745564
15.2819200
1.3996373
2.7264516
1.3003137
10.7115469
12.4330827
7.9385479
3.6334950
3.7503743
3.7376824
5.9764545
1.5361722
11.7949805
2.9320408
6.3216709
4.0864631
3.1382471
4.1732807
1.7134560
4.4061291
2.2812628
7.1332858
5.5716013
9.8032187
7.6070489
5.9217336
11.9657139
0.6536629
9.7935959
19.8813725
9.1293403
0.4267892
11.5716044
16.5301815
6.1057775
11.1287296
9.2511235
2.5644765
8.1452208
2.0662835
2.5916753
10.8530884
2.1490667
6.7906875
4.8306709
6.0969404
3.3252895
7.0191120
18.8385985
1.6530748
1.4670548
11.4063740
57.3004412
61.0953261
7.4450757
19.0217049
0.9135291
6.9452584
9.9358495
16.2401841
13.5316122
14.2628912
14.4715005
10.9966307
12.1335130
14.8538951
6.5262029
11.3568037
39.9047612
2.8317929
4.1465751
1.8014461
9.3574662
7.8879966
4.2550673
9.8221795
14.9155475
4.9496374
9.0097623
3.5664037
19.9669605
17.5425710
4.2965341
4.6882294
5.9982622
10.1013998
9.6697067
6.0626695
7.9315048
6.1271650
7.4079419
8.6771218
12.6718376
6.8748949
1.8886033
11.3704418
2.6681639
15.7297964
3.9235470
20.9611766
16.7808530
6.2319270
9.2708431
2.6138688
35.7948261
15.5962349
6.6499774
2.3853511
16.4376506
6.3850156
6.2012171
12.4523795
9.7888660
26.2956159
3.8785517
2.8055768
5.7008111
1.9388944
10.3346205
10.6438184
6.0113738
2.2008636
8.9524218
4.5851841
1.8809019
15.0334326
9.9915459
13.6703326
10.0972533
14.2247731
5.0647054
5.8851644
1.4076307
6.3592543
6.6370717
7.1563605
11.2008639
9.0220185
7.2146497
2.7692774
8.7313572
13.0445716
21.2497931
26.1342697
11.8230510
4.7153060
5.5920674
24.7106210
18.9063391
20.9608174
11.3276150
9.2655026
9.2014883
10.8694823
8.2766761
4.5619123
16.1916826
14.3336535
12.3530752
16.4650666
13.3827620
19.8388893
10.7373958
10.6625024
2.6273740
11.7885325
2.0673406
4.4386618
5.8151768
3.1513052
6.3510470
1.2092596
13.4701041
11.0748492
25.5120552
10.7863303
9.6766856
5.3372700
12.6469905
5.0380134
0.8000810
1.1726569
0.6101264
2.7423914
2.3869726
2.8970877
12.0264907
12.7098713
5.9710540
16.5584485
15.0697150
5.5380696
5.6254758
5.1872652
5.3619418
4.7411209
6.7592900
6.2180267
7.8797869
8.6066151
4.1345790
6.9762914
8.2704496
10.9260185
3.3831720
3.3097521
382.7983637
254.0869998
360.4456149
23.0016950
14.5519110
14.1950154
30.2291808
66.1448616
18.9725994
387.2583159
402.8530232
382.9644058
395.1061636
384.4738631
442.8227728
442.1065467
448.0471733
424.4689549
413.5783866
392.1728482
396.1265238
438.6264557
32.4588074
424.8970054
359.7680163
384.0883735
1.9051803
424.6200334
410.7774513
429.6974119
283.1118669
399.4070507
16.2214991
45.3912936
411.3309777
369.0507590
412.4889647
425.1307887
337.0056176
346.4927275
419.0903558
329.0048423
325.0836207
366.7264348
459.3159768
12.1018680
10.1600711
3.1112906
9.4310743
421.5095224
407.2422285
331.4905713
9.4188165
10.3296741
2.4003058
13.6991761
8.0822683
8.6579892
0.4865698
15.9205801
3.1822561
5.7574461
6.7199389
372.7124570
5.6065936
79.0049114
60.0802162
9.7554478
27.4767549
28.1443537
26.6245982
23.8593841
7.4501106
11.8319781
14.6877794
15.5819736
9.4434576
8.4765485
14.9576558
38.9788114
26.9355345
30.0846595
32.3902993
3.6410311
11.1187272
24.5858206
29.6053951
21.8898195
11.7287549
49.9562296
59.8561185
48.3161090
33.1145638
12.7691401
11.6642912
9.4043967
26.2784025
15.4525975
14.5523632
11.1066593
30.3363932
2.9620930
6.9678257
6.7395092
1.6297622
3.4803104
30.6160097
33.8519036
32.3177200
26.1353400
7.3173087
7.0204191
3.4152328
13.9951394
19.5676082
16.1631393
23.7381338
14.3369517
19.0614359
25.7206963
27.6150469
14.0160881
24.5799900
21.7173512
43.5485983
45.8102590
22.8493157
32.0604058
17.7135061
13.2439148
19.7148377
89.5076651
10.4596260
29.0372766
53.4947239
2.3905750
5.1263770
3.0061503
4.0390139
21.0880407
8.5255924
57.3664434
27.7748596
43.6123094
5.5311039
12.9270613
37.7893635
29.6161481
15.6029307
6.0441994
25.3749831
6.2349059
2.1404867
10.4612151
20.6869121
12.0638481
28.1754858
50.7587763
28.7517317
68.8035790
15.5676671
3.7094209
13.1812523
15.0689070
7.2513088
6.8952877
63.1210883
37.6463646
11.1938729
54.9828385
40.3873750
20.7101422
26.1187469
21.6350489
30.8651618
17.4930330
9.8373570
37.1886346
40.6840105
5.2048251
44.5928116
41.7710253
41.5908183
8.2440487
3.1780418
10.7519710
15.0258479
18.2707784
4.0035542
1.5202136
3.6532086
5.7672821
9.8320441
5.6580348
1.5614493
10.4886825
2.6334161
2.0596138
5.3802710
5.4484797
1.1771440
2.7215648
2.7155399
5.5164918
2.2801138
2.4094424
3.8032065
4.0254497
2.3406598
3.2818376
7.2804360
2.6632037
5.0811771
6.2585000
3.2108233
2.8612378
1.8701699
3.8828289
5.6845043
2.9734982
3.7371396
1.7797667
1.3000779
1.4655082
1.3883069
2.7236116
1.5455865
3.6794467
2.5182441
1.2021286
5.4794969
7.1451918
5.1423362
1.6725721
2.9735935
7.8131329
2.8708677
5.0461097
7.3065204
6.0315934
2.7674016
3.8802558
13.4240944
6.3744843
25.2801730
6.2061374
6.6406126
4.8100821
10.3415034
9.4831287
6.7509860
9.4453172
7.8080493
11.8534519
4.3732535
8.5072591
5.9977874
7.4894145
4.4891725
3.3155243
2.2407343
9.3350298
8.3386373
8.1634632
3.8891272
3.7592489
4.9998496
6.6665267
4.1819469
11.2983829
5.2442755
7.5115526
3.6350303
6.8277831
4.8207439
6.1596383
7.3885075
4.7774499
3.6073688
6.8179929
10.3074994
22.1648311
42.7181291
4.1913189
9.7285749
5.6897015
2.1830985
10.8919890
11.9156175
5.0107216
7.4670493
5.1111583
3.4757581
1.1989469
3.6005256
8.5186907
6.2014539
8.4931891
1.0501993
5.2498974
16.3690920
5.4397678
4.3076371
2.4164832
7.2769896
5.0198707
15.9140296
8.2471065
10.6455786
11.6544245
7.6751739
25.9135263
15.7541024
4.4012923
11.0941951
8.6201157
27.7935644
15.1459191
6.0859707
2.8374626
27.7758246
5.5753200
4.1231503
17.4639690
7.3177519
26.1506898
7.6220388
14.6884241
19.2444460
5.5323877
21.6819838
16.0007018
9.8981839
5.0249951
29.8294245
73.9410045
4.2286106
7.6236003
3.1666577
17.4537066
17.2401269
13.4170350
3.2988754
25.3149133
1.4142807
15.0428361
7.9291453
7.7493346
24.8950550
7.6826694
5.0061254
3.7512803
3.6496092
4.6806919
11.3567959
14.1563535
4.2488700
29.8379938
9.9874741
26.2224133
2.8512152
10.2574258
12.7664210
6.2421026
4.9617837
16.9203354
3.5196845
2.2064819
3.3673100
10.2522920
6.7762817
5.8596149
8.8686361
2.2993172
4.1344339
7.1768479
10.6664886
4.0656592
6.1198108
3.9346389
1.8072396
1.4763646
10.5932385
6.5383272
32.3552531
13.0696477
5.8886886
16.8021207
3.5874762
24.0047925
29.5290281
25.7405831
22.0079439
5.7273133
281.5382491
183.3977766
5.5668745
5.4935847
9.6716068
3.0525981
22.3383810
16.3686035
1.5770832
4.5135569
7.0451704
11.5831261
2.7491978
3.4430725
14.3055134
6.9054797
17.8963027
6.1594591
9.4284465
5.6489319
27.3915343
6.7290379
1.3521251
2.3472527
0.4189347
8.3665535
1.7328030
9.3014302
18.0932423
3.6729996
4.2314001
4.4284519
10.7224502
5.7495958
6.5752314
12.8430243
7.8389331
11.3437704
11.4787963
42.3780262
15.5990387
6.2271929
7.3913543
11.4257023
22.0831928
16.3131954
8.7855273
29.4246183
12.6228799
15.8930006
7.9527635
10.9447327
41.8338527
17.8829189
20.7225788
11.2349445
8.1483474
41.8648021
13.7051268
69.7129265
167.5388087
279.4790553
27.9508440
171.6813971
38.6552238
77.8893825
219.6901859
154.4452007
15.8328679
13.6170340
167.3563446
231.9650706
233.1683919
234.2049554
218.4559062
48.2139100
221.7717990
28.4307156
21.4747069
10.8437136
14.6204544
3.3525254
33.5227934
25.7729530
16.8257209
6.9136712
6.2893076
9.3167254
9.9893741
15.3374930
30.0495777
2.6465798
23.7245367
15.7305425
19.6976346
14.1354461
6.6759156
5.6472974
19.3452392
3.0322245
8.3236989
7.3905131
8.3528981
14.8904013
2.7633158
65.8998746
186.1294742
41.5544772
223.7655319
13.0312876
27.7576187
57.5608769
17.1108280
3.9582291
10.7717136
2.4372352
136.9012493
257.2503306
241.4480063
201.7834169
113.4303349
6.5546106
12.9979368
6.7546251
9.9978968
8.7739693
6.9939526
4.0891888
3.9027316
4.2862154
1.2615589
12.6510308
221.8155055
4.0646977
7.5510557
124.0552553
199.8001008
19.4447384
339.9316667
94.6726275
9.7981395
266.0811197
22.9589299
24.2504742
7.4772633
8.5878065
6.1721464
8.3254090
4.0316795
10.4781687
273.7081915
19.7209984
127.6191468
19.1947283
6.7025686
13.3955168
7.4125010
13.6360823
6.5339242
7.5063265
12.4656620
3.0961751
10.8618814
4.5333859
273.1504153
206.2413897
110.6506814
8.6240662
197.5089007
124.4033389
6.0304021
7.3347880
15.1801139
8.4923750
14.4336894
15.1153822
30.9956198
15.9226168
28.5670970
5.3455933
9.9240611
18.1561902
14.9511443
2.5820471
22.0144396
7.3789880
0.6281118
8.0699948
28.1021963
4.0738943
26.9304855
32.7271688
30.1305053
28.6178132
47.0177031
46.5766675
29.3389867
26.6676780
26.8589171
29.0049350
25.7850122
26.2682114
24.8564937
39.8589552
14.0010268
8.2573961
9.3457382
16.6780207
20.2513695
10.6664666
16.3062522
4.3453335
11.9039985
14.0748117
6.1610758
13.1718038
20.3704525
5.1520552
0.6382063
10.8136119
15.0390600
1.7644753
9.1600336
1.2068277
15.2087965
17.8414775
9.7748548
6.5198837
4.1790429
3.0857235
0.8484703
8.7430394
18.8385795
13.7553682
16.3426742
25.2202371
10.1638363
9.8565070
28.5990844
29.0554391
12.8324911
6.6451423
10.6793468
32.9362674
15.9901720
6.4374343
4.5305695
9.8132178
5.6163990
4.8931874
7.8874521
2.5872359
15.0507915
1.9960510
5.5459275
2.9047493
36.3450470
3.5690762
8.9260540
8.1236057
34.5315592
1.0008819
2.6901174
13.2402806
10.6332279
1.2425060
7.4769708
2.8631353
6.2757728
30.3474589
4.2082303
15.9164459
2.8515149
18.9017861
8.8163947
6.4594379
14.2208749
18.6963074
12.4485631
19.2257984
3.2048685
8.4938687
3.6415360
5.0836333
7.4841345
3.9057536
4.1598219
5.8786690
6.7571333
16.3671555
14.1347352
1.0924521
2.9606916
14.3536025
4.0393421
16.2588105
12.5439758
0.9639726
10.3876303
10.6425905
4.0646324
24.5414494
2.7275823
9.2604187
6.1248548
4.8981730
12.8226183
2.9165078
6.2441947
8.7085697
17.1126413
6.4488319
2.7457354
7.7280382
8.3916776
13.8420663
12.3051141
8.5630171
4.7393272
2.4642627
9.4776155
12.6458051
3.8993386
7.1224192
14.2535707
14.2507047
12.7444600
5.2609057
9.0665573
9.5372760
2.0235689
1.9132297
13.4765857
11.6017737
3.5388353
1.4049544
1.9512732
14.8397627
7.3127510
3.8260263
2.7236738
2.8651254
5.6425907
11.1723157
4.3117575
8.1938721
1.1916620
3.8307329
18.3085379
7.8375691
24.9864416
29.9328567
14.8874068
9.7909776
41.4994638
24.1610657
2.6849890
4.5427771
14.0196685
1.3187115
2.6273927
1.6187136
11.3597245
3.6172516
4.4650641
6.3884971
6.8160484
6.5205867
3.3549027
7.6881681
8.9300393
4.5129173
9.2133607
3.7375352
4.6472305
3.8435920
9.5475891
3.7498193
19.1615730
24.0259267
1.2281665
13.2559518
12.3263222
12.4442457
16.5869355
6.8108035
17.7942268
19.5958531
9.5798315
15.6912224
7.3741174
2.0290688
14.3979702
8.4368441
22.2493749
9.4664817
16.2316753
33.5169723
13.6344764
9.0946207
10.6099413
5.0726615
17.5094758
13.2589324
13.7651049
35.5761985
33.2816872
26.7641844
8.0520716
47.9176066
10.3568791
31.2078430
10.0146681
23.5076746
14.7243993
28.7278729
14.4221155
10.4355463
21.0560658
11.9082895
3.3616781
10.0613462
3.4577214
11.7245698
16.6950026
12.0636173
15.6342604
15.4837332
25.7965585
17.2728528
4.7462485
12.6949305
14.2931745
3.4531518
19.5320845
1.0304442
11.7141348
6.9033869
1.4839403
25.6392614
2.7146437
1.1222098
13.4417248
11.5669726
5.3292284
18.9430103
6.1864268
13.6581060
5.3451816
7.3328254
6.2707899
1.4052536
38.9928107
3.6339001
8.2039506
2.1566632
4.1036610
3.9713817
5.4462386
9.1216647
7.0874426
25.5986889
14.5947787
1.8244486
1.4041218
13.3352122
4.3840087
8.9966401
7.6158762
5.2069143
6.0175346
15.0799253
3.9943143
1.1624770
1.6345746
10.1402760
13.0820650
4.7188319
4.0287336
4.6448991
6.7869146
4.2912118
6.0750343
6.5794971
1.5768711
2.0323008
2.4629774
1.0617004
1.9888436
2.6016712
3.2193292
3.1414190
6.8714689
1.8155313
2.7305431
2.9958800
3.9571832
0.9905134
1.3869272
6.8066431
4.2800571
3.3733995
2.7935400
1.4867239
3.0736343
1.9518070
5.6205284
3.3282431
4.9133360
7.3919146
4.9341824
3.4899895
2.6215749
10.9356373
0.9513759
8.7452294
0.8336872
4.5153023
7.1124015
4.9362642
0.9688709
8.5556932
6.7033289
7.0290063
1.8618671
2.1573631
1.3845913
0.9191434
3.6171402
1.2455281
1.0199933
0.7420453
1.5453254
8.0088701
1.2864241
2.2544745
1.7205178
1.7585993
1.4048484
1.3362345
0.6466014
2.3221288
1.5515218
1.2256646
2.5444396
1.0203516
0.6938629
7.2166640
1.2369776
1.6656697
1.9652220
1.3587107
2.7814090
13.9352041
7.9004266
8.5161963
5.0418317
1.3192495
5.3762922
1.1090980
3.3486596
3.0541423
2.6411783
3.9219143
4.4429859
1.2813085
1.2239482
1.1254821
3.2886140
5.1367475
1.7324821
1.6050394
1.5102687
2.3458629
5.9395400
1.7601226
1.8157735
4.0782134
1.4425307
4.9266275
1.8610353
7.0634190
2.9028926
4.0146501
2.9259809
0.9119621
2.4151163
1.7914276
1.7376506
0.8261688
0.7634447
0.1375122
5.1761803
5.4582460
2.0455137
2.3184854
19.3745287
6.0983003
2.6292750
12.4311401
2.6758254
7.7481856
2.6295100
9.0024645
6.4758552
10.2391416
3.8887678
9.4902161
14.7945482
4.7676952
13.5343641
0.8073942
8.5702905
5.8237366
1.8489294
1.5641978
2.3210453
6.0017285
2.3836040
3.3179782
8.7444395
12.8190416
11.8995537
4.1263650
3.9845445
11.1447188
5.9304060
3.5057846
3.9335464
2.1205691
1.1386415
1.0061384
1.6334319
1.3286156
1.4333275
2.3578632
0.9622310
2.3924737
2.7881992
4.8843619
2.8780228
2.8834921
4.9696314
2.3864402
9.1778486
2.6029788
5.5346980
5.4858458
4.7920114
4.1745515
2.8923975
2.1242909
2.4203212
1.0557939
1.6792136
2.2310013
1.9290915
5.0002645
3.1022913
2.6943910
2.3866947
3.2216675
2.9449659
2.2805565
1.9310726
8.0435435
2.0326908
2.3020921
5.0091113
2.8539413
3.3256501
1.3438922
3.5989645
2.7547243
3.8985905
6.6049640
1.8046683
3.5633749
1.7293215
2.2426951
4.5127421
8.8790117
6.2573772
39.3253825
9.4490028
99.3750029
22.0684365
10.0089329
14.4552398
13.4391801
14.8872275
12.4814767
8.5370559
4.2039852
2.2960318
9.3037570
4.0597495
4.4770410
1.5384635
4.7126921
1.4428495
2.1735663
3.1945069
4.5087518
4.3523897
1.3794620
2.7984064
2.1404038
8.7659281
5.2674235
3.2929054
6.1155061
10.8361662
1.7429333
3.1906863
4.5762795
10.2669668
21.1933092
2.0732061
2.4816242
5.8456108
4.9022542
3.8795303
7.8761871
8.2713678
1.3594934
7.3869003
6.1817044
4.5456991
2.7571569
4.8598133
3.3627824
3.7644200
1.5863132
18.5500585
2.4300806
6.8596538
3.2697407
4.4230481
4.9385574
26.8215122
5.7962835
5.2891333
15.4999360
7.8899672
5.2612072
3.2888151
19.1712016
10.3413341
9.1540298
4.2175742
8.7466760
5.4331596
5.3277568
3.1133719
6.3925995
2.3440694
20.1727293
2.5618451
3.5144581
2.0914168
6.8874978
6.6422976
1.9888871
7.4247081
2.2592305
1.9514191
3.8992514
19.1362008
3.6043873
5.2850926
10.8136533
1.2696062
2.7004657
6.2880806
6.4966988
11.7700589
6.1648976
5.7428827
13.4372738
21.0880041
17.5293603
6.3787333
15.3250464
5.5584737
3.6310424
1.2850523
11.0653374
14.0826672
4.8266154
3.5521968
1.8238665
6.0082937
10.7926891
5.5154576
8.0940381
4.7795965
3.6582249
6.1839583
4.5714125
2.2814670
9.3907063
5.0897214
5.2359751
15.6444532
17.7863609
17.9572308
12.8942598
8.6913011
6.0920483
3.8607583
11.0021064
3.9553452
4.1370444
7.8498226
8.9885073
10.7651562
9.5737314
8.5240881
5.4060284
10.3449730
12.7420816
6.8742768
10.7263072
5.4235888
6.1031454
8.4842374
12.1267438
9.0564682
17.6541760
12.2504833
18.2004758
13.2261906
13.7971441
10.4322966
3.1447394
15.1706285
10.0319585
9.9150622
12.0354894
12.1917851
8.2861007
7.9223870
7.7903820
9.1048195
7.4361403
7.7148815
7.5274216
9.2268761
5.7911577
9.0979653
9.1727685
2.7373190
8.1584060
6.3427492
14.2126811
15.3371305
5.2711886
11.7951677
9.8544622
8.9843625
3.2758908
7.4464853
4.8147724
7.8740672
12.7957593
8.6372076
4.1101831
8.2692011
7.0322523
5.1650771
2.4304395
2.1431055
4.4782123
8.4787244
4.3178313
3.3870073
3.5475103
5.6697441
4.3666842
3.7792315
6.5485658
6.1748009
4.5772076
5.0353163
5.2866615
8.2251190
4.2510786
6.5393007
4.5641005
3.5242733
2.4684116
5.1159378
3.6192709
4.2909207
6.4238199
4.5673897
0.4774511
30.5816070
28.5822806
71.7040745
3.5587599
3.5334730
5.4746055
2.1709313
5.1648791
2.5752929
2.7663270
5.1176353
7.0835808
5.1545899
6.1796997
1.4627823
2.8327015
2.3908253
3.5229196
2.9210995
8.7318149
15.7971920
271.2315238
76.8152203
9.3178053
5.3398586
4.6188854
2.9627784
4.3003880
1.4271189
8.2993261
19.7938874
6.4076102
3.0808535
1.8519146
3.9701419
9.3125386
7.4902064
313.1241048
177.1050264
47.1045998
124.2856641
101.5431503
106.5322426
95.3003932
24.9984501
14.2532232
46.3339883
21.4365038
20.3542896
11.4029513
7.2141304
12.1532078
5.1342648
38.8564440
40.4686265
20.8157260
9.4300677
22.9544713
33.4376199
11.2572198
3.4668634
5.0257445
12.5671865
8.2261701
12.0159838
4.0252205
1.5920090
7.1939138
14.2455798
7.2059611
11.4415920
14.7772087
19.9292103
10.7757390
16.3793599
17.4344214
8.9546219
22.0803061
17.0796332
8.4729896
5.9308737
12.6475827
7.4467714
11.0115078
15.6795476
19.9162165
7.5300116
3.4488545
4.0697750
3.4590195
6.3760823
9.9033382
4.9480147
4.3323359
2.6505881
24.8732054
0.9059975
7.4146196
4.6641906
6.5580988
4.6818897
10.6410913
12.4981910
13.8852711
9.6843747
10.2265189
10.8373896
17.3620692
23.7684102
6.5005776
5.4718577
20.3964619
4.7917192
9.3577819
5.6811715
7.0974801
3.0053487
5.4022067
5.4360537
3.0030648
12.5856914
4.9366225
15.5328562
29.0476168
13.3283017
21.8662905
3.2110796
7.8539631
21.2903803
44.7739066
8.5741324
7.1038226
8.3444372
3.7104674
4.1881554
5.5139834
3.5081803
7.7211731
7.1696034
6.7408726
5.3639747
9.3903344
3.4045857
20.7074405
2.9810004
18.1015956
4.1157728
2.6515226
7.0920266
2.9311876
9.7844064
11.5408685
13.7234899
11.4508901
5.7892563
17.2962222
11.9540050
5.5798617
10.0956212
4.9606790
9.0622478
6.4308646
18.5558677
8.2984232
5.2512019
10.0001448
2.5882231
4.5729823
1.0064934
3.4723890
10.4496859
5.2046428
16.4304765
7.1149573
4.2110478
5.0744210
7.7344815
2.3101447
20.5413053
12.5118423
3.1726057
8.4070503
6.1311146
4.3358767
4.5530047
11.5470489
5.1301491
4.1670685
2.7822452
10.6107187
9.3648197
2.6808844
4.4533364
4.4764279
1.9468738
7.7540953
7.3325585
3.2565913
10.9118910
3.0632568
15.9555524
7.3729617
9.9007049
4.6508657
12.4215385
5.8644592
5.0565302
3.2827260
3.3425958
5.9807750
4.9836036
7.7300308
12.0762933
4.3794155
8.1212341
9.4049246
6.0829381
4.8435386
2.0437226
2.9829529
6.7570856
4.2976856
4.8575032
7.9212931
9.3907661
4.8171419
5.4975966
14.8314712
7.2195015
10.1886745
12.8065915
4.8545916
3.1081644
8.6883558
24.2143165
30.6754554
6.2800157
20.3939312
4.9775186
2.5984774
4.6514770
18.2377101
15.3218764
11.2973550
5.7449272
2.0892592
2.8641596
5.6266443
7.7210632
3.7683027
4.9607362
3.7557739
2.9505056
4.7009736
4.1999901
7.8556824
14.7377040
2.7490351
3.8241033
8.1115887
12.7448629
6.8771625
35.7963784
2.0424071
7.0994318
9.1790124
10.8894782
8.0400981
11.0274784
3.1894160
3.7939356
5.2109379
5.1933269
2.4374446
6.3276999
10.4538268
5.3237971
12.9793151
11.5182790
4.0903021
7.9595634
8.7556389
8.4257975
8.4567265
3.1924315
5.7849209
9.4772057
4.6068486
5.8004698
3.0733237
3.9019277
11.1288754
11.7336886
20.2372834
7.4660785
6.5975174
10.8315246
6.2518764
11.5618622
3.4916115
2.6941308
1.7326092
0.8184274
11.4960745
22.7066629
10.1620573
2.2351514
6.7482698
3.3539038
1.7259071
2.7057194
8.3622545
7.5203896
8.9227952
3.4567039
4.6654825
8.2160440
3.8903639
3.4481047
3.7128458
3.7461898
8.6821965
4.0544408
3.2669470
13.3005188
16.6776015
6.5843871
2.4817606
4.0175152
5.7562535
9.3242521
7.4139255
3.6487775
5.5692991
3.3569418
3.6214438
3.8201396
1.9756295
3.6265855
20.6904215
13.6880652
47.1526661
5.7944411
10.2756126
8.6911614
11.7269919
2.3546413
5.1790799
3.1598808
4.9615927
9.9457062
6.5744926
6.9278916
3.7325697
3.9802633
1.9032769
11.1278109
7.5853599
2.6623617
5.6126113
15.2604571
18.5917394
27.3947849
1.9158640
24.6020701
4.6890562
3.5932393
8.5160770
12.0292858
2.4097059
1.2837131
1.8925117
7.9715883
6.3284761
5.5990842
8.4688560
3.0769140
4.8445869
14.0882387
6.9439043
10.5221673
10.7215631
11.0302020
14.5926206
19.6583415
8.7216069
5.0626697
2.2597774
13.4983869
7.4807193
3.2890968
7.5697170
20.9559023
11.0927419
3.0583589
2.0632108
21.6935654
3.6285674
2.2467470
12.2552672
5.5757450
13.1396401
15.0211336
13.8781894
2.0926883
2.8851113
2.8576100
3.3469209
6.9055835
6.5871647
7.6217349
4.9989369
3.2347118
5.9091704
9.2188783
7.8707709
8.8962961
5.7352183
6.3110599
2.7120766
5.0789317
6.7978168
7.0989588
16.6813040
4.4228568
4.2885312
12.6319630
9.5219775
5.0238211
3.1417966
4.2377681
5.1890786
9.4860034
15.5427005
11.1213232
6.1365869
9.9294181
4.7025867
11.5606640
4.9330067
16.4035531
20.9573643
64.7708911
7.9588875
3.7691141
4.1489238
4.8728713
12.8540107
5.4645687
12.5212284
6.6335203
3.2582145
3.6941027
11.2872833
10.3793215
24.3194103
1.3264472
4.4220886
9.2241904
4.8783174
14.4094410
28.3472996
6.0461258
23.7858055
44.2128838
3.8306424
4.9761307
12.0839376
3.3914619
6.1795381
6.4612572
7.3357425
11.7789065
1.9410900
13.7168859
6.8139279
2.4054163
11.7003396
5.1382903
13.1893362
5.5064855
4.4849203
5.6318189
1.6830869
4.1224986
3.1394722
8.1405629
14.6494196
3.6727819
3.2808022
5.5650769
10.8428285
9.3754688
5.7589647
6.6661274
14.3657929
7.1602347
1.2163288
9.2712726
15.2694249
1.9047701
27.8673399
31.9144706
124.2153512
14.4373972
5.0775659
19.4180132
26.9161082
2.8952409
122.0153766
12.6787495
18.5042064
11.2945661
7.1178209
4.0746571
14.6762687
8.1947401
3.8535815
7.8073444
2.6670030
6.3772066
6.6261346
2.0785987
9.2328817
5.5431158
8.2007329
1.6217924
8.5249470
2.5640402
7.9023988
6.4897552
2.7611166
6.2052127
7.2499361
1.8363724
3.5232055
6.9773099
5.4558812
7.6383169
18.2816175
10.7236895
4.2580140
5.9160722
5.3814215
3.9427493
3.8500729
13.2474221
3.7613708
5.8324822
2.0564774
5.2157672
4.2982907
3.4618942
18.6467058
2.2903586
2.6671517
15.3985599
8.4034636
8.6192505
3.5116072
9.1947074
4.1171461
6.1222474
5.0988505
5.9604270
5.0380797
9.5076545
2.5236025
9.5762355
2.7921498
8.1503935
3.5993969
1.5060701
4.2002903
6.2432411
3.5682777
6.1750150
3.2587855
1.5309313
3.4195117
3.0347662
9.0461621
3.5666728
6.9188691
7.4626410
4.8408346
3.9525314
6.4769428
2.3089457
7.2501474
7.4880182
3.1950729
4.1050134
4.8706076
4.4007100
8.0287645
1.3222427
4.1077647
3.1487890
3.5575942
1.1066385
7.9474984
19.0181438
12.3869198
16.1158721
8.5374132
7.8667135
3.0128592
6.9676738
15.5839942
14.7278125
11.7718381
6.9840628
10.2629944
5.9894355
10.1261472
9.9128767
7.7677231
29.8035163
32.8255386
3.6084321
16.3988067
4.9658714
2.9285213
6.4137005
5.0474527
3.2091357
6.4440772
6.1167208
8.3044640
4.2928808
10.3419453
10.7974997
13.0673378
7.0774697
5.3369759
5.7335504
5.3438257
4.2143602
5.7972125
3.7744531
25.1500284
8.6216252
7.3183547
10.2666080
4.3354752
9.7142700
7.0931484
5.7311255
4.8360627
3.9080347
7.3303436
6.0470796
3.4524761
9.3440640
7.0312244
4.5826725
9.3919951
9.8773895
5.9367094
19.8265171
14.2355446
6.7723757
9.5095103
5.2250967
2.5639825
3.9112399
5.5620979
13.1320685
6.1461477
2.9191004
5.8842805
24.2917061
8.9001734
3.8053465
12.7188029
5.1620184
14.7678985
8.3863858
11.5797828
7.6706647
16.4394196
11.1194888
15.9851035
12.5217996
27.0017527
317.1106209
311.2921446
12.3718164
11.1172569
7.3687198
11.3429504
15.2623731
15.7179710
7.8079461
7.2660016
25.3119684
24.2838315
5.4900233
61.9754773
18.7573269
26.3852492
14.4153459
14.5795549
14.6213024
6.7292146
2.9518757
8.4197572
3.6187285
7.8495628
6.5716701
16.6747958
12.7517167
48.2496872
3.4210091
42.3566263
81.2157012
16.7426765
12.5403080
15.8501150
3.0495300
2.3857053
3.3767005
4.1578007
4.3890688
2.1390184
2.7203849
6.9587210
5.1167808
17.0072264
10.8016807
9.5221709
3.6901765
3.2445638
4.0045187
18.7935487
5.4165942
3.0537170
5.1774042
3.2358237
3.3615718
1.6144804
5.6284174
3.4473963
24.5373737
4.7633997
8.0165134
5.8998936
4.8480631
10.3107243
5.6291511
6.7706081
7.7763900
8.1335876
9.1789246
24.0072516
5.4781720
4.0368450
6.7549542
3.7085317
63.3676175
13.7913977
10.8870306
7.5937759
18.8910237
5.8698086
26.6799082
21.7200634
22.1749975
15.2622672
30.3230098
19.1845363
18.7601350
22.8757534
29.2720185
33.9132402
16.4652662
30.2983923
26.2304264
29.9261530
7.0408702
22.5058338
17.2043670
14.3018800
17.7005031
7.3051806
19.2254480
18.9666323
16.6274334
6.8755422
15.9601057
14.2340796
18.0013096
15.8016369
19.7241578
15.7014401
15.8375299
10.4326232
6.5420907
6.0255884
9.3015785
12.6169131
14.6999106
6.2462879
15.6660206
5.7771595
8.1169848
18.1277838
8.4797954
7.5662386
4.2095155
5.9731822
4.8546395
3.6802857
2.1421142
6.4874445
5.2440870
8.1361973
3.0865372
2.5855913
4.8605732
2.9426261
1.8412856
2.3134572
4.1447554
1.8635466
19.5629559
3.2745569
11.7168791
3.6530198
14.4364711
3.3380222
3.1122857
14.3476253
17.0898880
2.2382365
6.6570423
2.8441380
14.9483694
10.2416434
3.9097558
2.6817812
6.3167178
14.3583041
11.9351860
15.4164820
21.6642268
11.2730973
5.2292003
3.5216511
5.3170490
9.0118800
6.8453914
4.1698222
5.4161168
10.3091888
9.7101769
4.9935232
11.9236140
17.9638797
1.4726112
11.4147186
6.5713004
2.8438650
4.1760636
14.6322701
16.4748054
2.1705078
4.8832655
8.6210361
10.6260078
6.5701355
3.3962309
2.9201873
3.8933973
2.6442538
5.7343282
3.8764753
2.6569759
2.5206614
4.2701459
2.0664285
5.4440631
4.0307528
2.2472572
3.7175452
2.1907878
6.2797218
11.7211499
3.4620745
1.9248704
6.7048850
4.1207370
5.3667408
2.6002432
3.8966068
3.1681959
4.1648440
1.8193879
5.5380315
3.1504880
6.3272552
5.8143198
7.0951906
2.9350190
8.3309978
4.5772362
5.1130902
5.5178581
4.9636485
5.6274665
7.3626404
18.8296052
3.6663774
6.1693250
6.0078266
5.2959993
13.1033007
10.2352236
11.3202097
9.2485926
7.4751418
8.7846816
6.7904637
10.0826578
16.2490293
6.3004706
38.0568381
24.5208809
11.0816428
22.8360709
21.0173727
9.3042988
29.9976306
7.0646383
8.0591443
8.5731290
23.5035047
5.7402191
66.6477544
58.8224866
45.7515256
386.8844283
96.0941150
373.0199767
21.4065285
362.2529865
38.2558899
320.2650554
307.3636265
73.1192152
47.5490708
117.9800809
15.7470157
34.0950083
399.2518774
20.6286300
10.6559780
40.2473900
41.8901425
13.0744702
17.3326705
11.7978131
24.1093977
24.4376885
71.0962961
143.3366545
361.9841197
297.4768578
36.8174497
29.5228462
28.2448540
116.4915112
50.7960258
11.2254242
30.2699175
48.1092710
99.0167760
67.9737168
98.3111345
22.7029214
130.1589187
67.3193327
72.6145833
115.2409030
56.1510304
45.6276147
9.4448320
102.3168120
141.8117317
164.8179097
75.0860898
71.8181321
112.1593316
148.3594316
79.2153124
12.1269456
61.7735081
45.1063487
59.6082152
86.5341068
34.5950193
41.7229665
77.3756029
15.0011296
1.7677801
10.9791602
12.3022815
37.3321100
46.4508029
35.7231320
3.6750472
13.6042236
4.6068454
22.2248719
6.4328806
7.7847480
84.7365891
3.2409746
9.1961562
4.2870996
1.1003776
4.3770833
2.0641604
1.6799994
11.3010890
27.5078085
23.2431607
14.2330814
23.2201007
40.2318277
24.2588407
20.3720041
50.7433137
28.7747807
1.1549830
30.3829021
5.9101778
23.3521532
86.6119690
2.4577012
6.1966555
1.9877682
4.7065388
4.7503472
33.2775560
36.8411290
8.4436727
9.5925713
2.1521373
8.5791775
13.7755047
8.2394387
3.0830360
4.1721904
23.7459750
6.8284224
1.9199428
9.3372013
14.2911409
7.2762925
4.5443214
6.0033990
2.6043002
9.0694275
3.4833362
4.4658442
3.1470435
10.6720246
285.8622490
9.5869532
9.2267797
10.3175773
5.7978385
4.6659953
2.6119971
9.1251859
4.8404239
9.2309960
2.3998840
4.9116873
10.0892247
7.8337374
11.6739441
11.2723150
13.0170404
10.2595470
14.7278288
13.2785762
12.5228022
9.5924316
8.4989986
27.1820158
18.0321173
13.3292960
33.3707071
15.9439176
4.3810082
4.5889994
11.2337246
78.1101741
19.3105109
7.3631520
9.9817889
4.3622514
10.1486761
6.0761162
11.5146859
2.9281944
26.6273693
3.3407538
2.3901933
7.9949792
20.7317805
21.9364205
13.5766161
22.6490956
22.0162252
14.0151155
2.6569902
11.1688927
10.0895337
15.2706827
11.2786873
15.7195422
7.3187187
3.4584795
11.7943324
27.0144480
25.8290944
1.1997705
4.5954414
7.6982355
1.5469559
12.1960803
24.5654100
12.8479914
6.7566359
5.6005390
22.8655324
23.6537658
34.0324688
2.0301548
9.4466604
1.7595545
5.5026454
8.4728776
3.4738752
2.9200060
17.6844779
23.4467108
35.1427408
22.9183500
6.7016695
8.2437670
5.8509980
5.0817533
11.0394841
7.5601531
19.2082098
9.1591248
9.3367274
7.7005546
1.5780527
3.2484648
2.5287423
2.4150564
1.1986053
7.1676201
4.3718714
6.0844263
1.6401370
1.5143484
7.6455302
1.4726303
3.3564110
3.7136566
2.7459201
32.5685121
15.7097893
19.8788070
7.1424272
6.2611141
17.5493974
6.6056828
24.0191973
16.3005274
11.4466921
5.7928007
13.7285345
22.2022830
33.8874341
33.1197339
14.5145114
25.7374730
13.1648014
18.3466586
12.2507885
11.6054970
23.1856126
12.5285488
34.2368278
5.5306468
3.6841101
16.3409040
16.6186077
3.6597983
11.0389936
12.6167324
30.4854762
31.6358823
18.1855152
42.8915927
16.0670029
21.1069218
18.3123642
14.8558395
9.0002146
9.9097395
21.6750264
16.7508567
5.8911613
20.8596143
11.0085334
9.0927820
1.8627565
11.9711252
27.8226629
31.2558822
2.5837470
52.8534528
35.9002085
25.5956716
36.4053178
16.8786529
5.8549289
15.5042236
18.7983983
41.2634187
39.0776559
24.9939821
27.2226760
59.6274704
20.5048165
5.8479745
13.0428636
29.1810307
31.6011378
18.6850509
31.6678937
49.3184303
17.8996336
14.4697075
30.0692219
120.8194728
144.2485073
32.6389991
27.6444645
34.8644115
46.4464515
115.5152419
43.0462659
32.4498879
31.7880071
8.7537284
20.8511495
18.5822747
24.0696758
22.5723518
39.0091183
42.1751243
60.0347932
19.1110471
38.6956338
31.7383917
61.7345833
17.0452890
122.4738000
20.3371218
141.8706280
86.5407481
86.3467967
103.0976208
16.3368316
104.5078113
9.6137519
53.6485361
12.3789560
5.2200962
10.2023601
6.7245215
5.1809601
444.4361254
7.2004420
13.2024985
120.5812127
127.6778569
7.4432765
13.5695532
15.3046224
68.5321714
8.6689475
3.8883894
12.0295579
11.7195613
124.5958003
3.4640518
113.3532245
24.3910173
7.5295970
7.9807423
6.2453952
52.0679516
114.2573083
121.9921721
128.7502344
17.7931976
5.8961294
91.5787453
7.0256386
23.8402365
24.0282389
8.2812606
8.6857295
7.3695637
12.6965552
3.7328049
12.5666651
4.3215094
19.3088045
31.1811424
10.7683746
5.5228563
2.2000690
6.8727916
31.7549254
3.8081208
15.7739800
10.4957021
12.7630783
12.9269794
6.5378254
7.7893301
6.4163018
1.6833889
3.7986570
12.6951007
16.0573000
4.4194579
1.6575422
11.3349562
11.4148232
6.9352961
2.5523958
7.0373330
17.4980197
16.2050221
12.0102133
9.3895933
6.9094036
10.4344107
1.3161523
10.9253473
20.2004422
14.6653159
27.3642321
0.3715099
7.8046377
8.4591850
5.2003162
14.4282836
6.1371777
6.2759031
3.4034948
0.9759854
5.0618234
3.5305609
5.7458994
12.1850413
0.9849039
2.4411646
0.7083850
2.8630759
1.6419436
2.4711991
1.4099645
2.6724834
1.6524475
3.0699462
1.4843555
6.4076334
9.2471761
5.4208144
8.0171179
2.6059880
3.6577199
3.9326098
1.1840906
4.3997933
1.6915182
2.6654050
2.2426439
2.9122487
1.2229026
3.5151235
2.2034110
5.4021207
3.8633973
1.0951993
7.2721347
7.2474674
5.5587967
1.3618652
2.1484517
10.5747013
6.1576455
16.8290916
2.2476175
2.8853860
1.6563592
7.2155893
2.3226946
7.1057283
1.5140009
5.2101023
1.4860287
1.8081213
5.6174273
3.1016665
1.7803396
1.9479138
2.9287159
5.9605719
3.3487477
2.8015815
3.8071437
6.6314836
5.0352258
1.5887656
2.4162959
5.0290204
1.7463627
2.8373463
7.8532567
4.1485313
5.1475589
2.0102997
2.0213838
8.9618933
13.8135261
1.6176740
3.0001300
2.4403868
5.9964089
4.4589386
3.9813232
1.9854692
4.9904829
5.5193709
1.9174630
1.3714650
7.0723305
6.7382286
6.3957857
2.2425534
4.2536032
7.8937150
6.2416123
3.4348942
9.1166752
14.7810797
3.3228529
21.0889840
35.7958349
22.3659266
4.7091770
15.0950107
4.2386021
21.8883954
8.4783647
22.9978221
17.3781680
97.4045859
9.9338919
3.0395556
26.2368340
1.9384302
7.3245997
7.5128448
4.3765069
9.4962760
67.2548062
13.2721823
12.0492124
103.6503686
141.7458001
7.2092411
110.6730239
497.7228579
126.9310282
10.8364180
402.5871465
4.8698375
5.5110641
17.2060341
8.1432670
17.2475327
8.9852910
14.1673647
41.6328597
14.4876742
6.3333754
22.7423301
20.2707688
2.3283712
5.9328213
4.8808489
29.9643389
13.5013044
1.9764869
6.6789730
12.4034715
9.7647459
4.8097183
11.4699031
8.7125842
20.2012901
5.8483151
59.1198551
34.8382058
10.3941789
8.2294463
10.2300701
20.9275428
12.3724918
29.8708959
16.3422573
47.9239869
29.2517544
11.0812669
8.0919765
4.0844169
7.6887449
4.8845189
9.7645393
2.3597121
26.5888906
13.1671890
32.9737096
17.7950556
8.4839449
36.8700882
12.6006693
34.1360668
27.5423523
42.2431562
18.2312251
4.4563611
20.1862885
13.3358071
28.0598287
3.6467645
3.2227399
3.9284404
65.9293020
28.4289907
12.2296384
44.3661233
59.6200192
31.0982475
37.7459551
12.4220691
13.0792592
13.1238846
9.4164864
27.6398291
1.0309123
8.2893478
4.7693580
11.7830848
3.6708001
15.4846450
1.2859434
2.6919297
21.1888737
4.9136578
7.6627375
1.5825341
5.4448372
15.4960851
14.3997969
9.2248757
8.9668159
6.7784841
13.7976674
25.6506013
12.2268918
35.2235566
9.4294283
13.7634863
13.8079950
10.8404693
2.3643428
6.6969532
6.7563758
8.5955072
11.9445068
3.9448710
8.2330408
15.2355607
14.7680117
2.4313562
9.3826899
12.0296204
6.4791471
4.2567187
3.4486578
6.1534035
5.9552472
2.0570357
10.2829269
10.3876778
39.9264682
8.3677411
10.3370569
3.4573167
1.7969819
5.5152430
16.9940701
8.5179307
11.1292350
2.7038551
4.2909642
3.8937468
9.5152767
10.1652182
6.8205886
3.3772816
4.5430764
0.9821331
11.6153682
8.8685192
24.4824957
17.2949193
25.7653214
4.3277213
51.5127571
8.5912243
19.4048496
4.0911015
10.5121285
12.2817114
14.8460001
20.8286596
4.0130553
13.7025670
2.6605796
16.3056395
3.3212563
3.1455819
5.8639220
4.6851009
18.8615959
8.6432308
9.2243543
10.0338566
2.2276814
2.6011016
19.2608226
6.1409278
4.7537427
8.9787026
6.4915589
11.7927709
16.8710436
10.2341048
2.8155277
19.2056370
3.5424021
1.0803798
5.4788011
2.0450608
14.5890814
12.8380162
18.7699615
3.7633726
14.7300123
18.1095182
16.0461169
30.3274246
5.9606190
11.1396738
12.6777303
10.6776638
6.2099286
7.1158539
4.1911827
2.1447197
12.5066853
13.3647226
20.5030382
7.8298595
6.2767652
12.4822930
2.0547149
12.0580194
8.4360953
3.8014823
5.3106074
11.3737064
4.8969245
3.7974183
12.3218286
5.3016019
11.4571145
15.6425000
5.8317135
12.5288185
4.5919049
5.4377610
10.6326611
12.8002137
10.9542017
9.1246574
12.4976142
1.8461508
10.1833497
4.1084213
2.3358915
3.2938115
18.6218097
6.8470714
1.6194648
5.4225210
21.4693273
8.1738149
3.7930038
14.6839761
7.4726663
4.5499454
8.7903552
2.7018246
5.9659659
16.1125346
2.1449100
7.0949640
8.8370899
5.9953261
5.9164104
5.5982713
10.8307586
4.0628258
4.1107463
2.8513753
2.6119805
1.2458944
6.0515336
13.4056001
35.3000040
22.4570456
28.8826257
3.5071535
5.1874051
10.2549948
3.6340674
2.6557519
3.4616106
9.2888827
6.2155858
4.1724902
2.3276338
2.8108218
5.1796261
1.2092574
1.6028083
7.8202799
17.9695030
1.3107425
10.4643795
9.4521444
12.1971097
6.2905310
14.4690937
7.8488522
19.9962406
29.2119900
6.9076046
3.5848430
4.8678109
6.1168417
4.9397444
5.0802878
13.0039029
15.2962840
1.9343351
4.4788408
1.1094294
16.7871639
9.5920919
6.4245271
2.0226240
7.0877426
8.9424655
13.3084835
0.8182784
4.0273912
15.6613100
61.9023741
10.7828161
15.1128110
15.5925661
4.7025970
21.5536082
4.5995665
11.0400302
8.0730812
16.2924895
17.5426121
1.5309278
12.0726052
12.2898738
45.8131264
26.9446764
36.3357645
100.9882865
6.9295089
38.7516314
20.2136707
10.6066032
35.9375160
8.6066504
20.2522279
37.8311201
36.2270289
21.1969403
54.6646821
52.9280637
36.0729420
32.2310595
41.4946363
277.4792924
53.9755027
2.7920302
22.3681013
13.2803358
16.5194726
11.1489819
18.8178217
13.7411592
7.4666862
12.5772027
35.8680808
23.1441414
4.2367103
23.0993501
22.5305671
26.2206917
10.3674235
86.2085470
76.5370503
251.4856771
34.3792046
4.9117177
3.5097475
8.1567218
52.0241221
40.4525106
184.3671848
230.3909321
243.8000427
235.8299197
158.8338820
164.9979901
161.1593699
235.4722419
243.6565141
178.8758085
225.1460905
240.9870001
237.1517497
238.2888740
147.9981445
226.2444221
228.2225226
183.8329600
144.7032503
167.7552945
64.8961413
231.8413100
214.7896311
16.2489458
8.6491696
230.4091799
220.3002344
164.2013757
151.5453072
26.9420529
19.2091068
233.7344965
236.1775935
14.6904198
262.4582767
26.0899213
133.6205354
8.0735353
15.7398231
206.9490884
283.6741337
405.7441520
201.8117340
246.7618497
328.0288233
259.8128809
16.2938158
23.8897528
90.8471370
8.5075351
14.2437441
6.2776338
10.4275696
14.9950316
1.1922961
2.7189519
13.2125751
13.1065630
7.0546393
2.1658069
11.8492990
3.7669102
14.4123436
7.5935675
3.1204295
4.3126110
11.8277673
15.6951592
8.9190497
2.5361775
13.8097874
8.5079267
13.5107137
253.1504413
26.8775473
11.0409525
26.6102540
6.2827942
3.9070502
157.0078357
284.7095882
301.8877434
7.3734603
27.2296560
17.8464479
8.5075032
5.7120555
8.5475103
5.3061766
14.8605753
6.7335692
36.9678373
248.8325001
236.2396928
259.7651903
96.1318729
10.0339323
7.3837166
4.5415409
7.4337772
2.9567584
11.5508346
2.3772460
12.5687273
6.7745363
7.9797304
6.3008807
9.1673251
2.9034210
3.7059965
7.2429077
3.2159425
4.8798991
3.2759265
8.0944106
5.3292315
3.9271627
7.6932300
5.3748776
3.1365663
6.7767877
2.8346321
5.3222252
3.7336889
8.6304345
8.4244974
5.7420670
5.2192336
3.2159545
10.8511828
12.8511825
15.0969909
13.8693941
13.2820323
4.4758045
4.2634945
9.8387755
8.7002021
6.8218383
6.7735230
2.9116672
17.3621072
8.8916448
7.5737891
7.2022058
4.6612959
9.0844369
6.1868490
3.6562649
9.1770060
4.6682284
5.9955566
4.3835576
8.6632709
15.9405467
9.5544682
5.2072043
2.7698671
1.1150737
2.0660891
1.3387350
2.0993136
3.5993699
7.4045295
4.2812492
0.7942403
11.8387310
9.2918448
6.6209925
8.3300853
6.7218374
5.1827585
15.4349511
18.2102407
9.4436865
12.1534629
17.5480545
8.9429095
23.4738640
20.0330934
17.8014793
4.2792540
8.3987096
7.1613086
14.3036392
17.2125004
28.8032293
28.2406938
26.6531146
33.1406029
33.4913127
26.6827116
35.5488503
9.1348162
14.5525030
4.7574273
6.9743487
18.8307643
10.1554672
14.9248239
11.3865295
15.2840094
23.4194068
20.0183289
14.4984156
39.1160995
35.7687428
19.9364595
31.2199774
383.5095005
21.9521588
11.2944818
373.9027617
18.0715121
20.9532415
31.3013798
24.8976428
13.5648287
18.8131890
14.0533484
4.8813442
13.4897969
31.8277701
1.1236184
10.0733345
2.8614949
3.3974781
5.5504132
3.5177277
3.2125592
3.1389705
4.9025662
2.1587548
1.4570788
6.0681127
5.8414288
10.9073202
3.1672778
4.5945971
2.6266875
1.0871509
12.4912278
11.3569383
11.4579277
11.0076738
13.1048863
16.7438975
12.1665503
4.8332562
14.2710588
12.0921917
5.0471305
11.6943997
11.6510414
121.0539988
11.9503723
29.0696050
19.3626178
11.9538930
14.3279080
19.8627184
129.7744702
14.8130391
6.0012967
9.5708859
4.2268143
35.8131338
5.8061575
4.0546982
6.4619851
9.3745677
9.7503189
5.8998792
59.2985841
6.4930058
3.5352495
20.7562282
393.2995692
22.3820926
12.3948007
31.9863437
400.8428506
5.5459156
397.7693555
245.0747255
3.4591730
4.3081249
9.5841552
40.5535247
30.2973522
278.8788423
21.0508920
11.9536777
10.7849373
29.5896274
40.0921855
291.8573102
4.9329925
33.9036526
231.7927525
5.5492505
3.0907893
118.0593284
55.1789518
32.9019610
26.0522986
3.0880244
30.3317175
45.6676945
31.4971976
33.8379081
3.6700854
2.1422842
2.7799079
6.6286778
5.5744964
3.5392425
8.6579494
1.6122318
4.6070595
1.4031105
1.3572115
3.8200201
2.3934105
5.0457299
3.5293897
1.6969083
3.2554610
8.0235888
17.0923768
3.7531375
4.6113396
15.2037303
12.8218705
20.3742312
6.2455581
1.6689795
9.3807388
2.2805180
9.9667638
10.5951317
7.7696406
13.2744899
17.0974508
38.1763325
35.0069956
37.1636589
7.7807777
1.9122079
3.1305208
25.1601824
18.4125999
5.3433351
38.3783695
13.5767308
1.7029709
1.8384419
9.7589562
22.6903692
12.9375943
12.8724581
5.4705325
1.0327094
3.9554761
4.5759137
3.7936668
2.6052175
0.5727797
3.5939892
1.7565126
5.5897593
2.3494039
5.9659820
2.0051601
8.8686299
2.8196268
5.3005099
3.5326743
5.4300252
8.6534795
8.6740070
7.1306436
1.6265203
6.8010544
0.8084078
9.5038400
7.4273826
0.3917578
11.5826581
0.5611511
6.5347635
2.5050902
13.1227967
7.8517998
17.7552420
8.4533549
4.2913008
22.8196457
18.4730972
3.8089415
2.5710297
4.5515674
2.8184107
3.1145890
5.8286051
10.4340545
4.7655800
10.2331015
6.8441117
4.7555437
2.8462928
2.6596371
5.2650675
4.5025616
0.6204412
2.1297155
2.4908335
1.2023214
2.2982523
2.2276501
2.0346984
1.2728077
1.0939111
2.1080122
9.6069652
5.7633701
1.1906968
4.3911021
8.9614352
13.1467901
3.4098130
15.0692303
3.6853936
5.1509661
6.3754666
2.7056632
5.0873121
2.6523201
6.2789594
1.0590375
6.7967570
8.1576421
3.7616954
1.4740887
2.0023942
1.1029506
9.4356007
16.2662028
13.5351455
3.1713653
1.5261760
8.3472603
6.1953557
2.6263007
3.4626979
5.2972334
1.5107260
5.8835948
4.1298277
3.1492349
8.6836148
3.6243737
10.1742218
11.5391111
10.5775648
1.7507282
18.9996915
1.5251757
10.6916208
3.1242135
2.1952902
6.2609518
4.1928684
5.7298976
5.0020929
23.5486052
6.6746071
16.5319139
10.5251033
12.2419630
7.0111940
5.4668265
4.3452228
5.8234126
9.0210420
28.0395242
9.1341929
20.4239564
6.5123431
4.6869385
8.5470902
9.6946842
9.4068823
3.9088782
1.8324771
3.4415828
13.3152455
7.9113426
4.8002716
28.8339121
8.3483586
9.6289622
11.5829994
6.7343791
4.3904372
7.5159804
14.3314760
20.9328740
15.0418748
18.4231861
13.9477596
2.7792222
3.1808051
11.1452621
2.0377046
5.8052335
4.0411602
10.6989394
2.6398481
10.3488965
5.8304676
18.0274454
10.8237558
4.6960555
2.1597763
11.9035676
14.8970556
5.5170751
33.5273827
24.4264275
28.1951701
24.4053515
3.3317241
4.3663963
2.3535600
11.8553751
8.2492484
25.1762427
28.1620449
24.9380470
38.7744483
11.6057971
10.5620012
6.9553554
11.1408364
9.5065235
6.0039350
6.0268904
3.7187229
484.9305582
15.8222278
39.9974681
4.2157573
3.7609360
6.2577807
7.0374670
12.2133832
11.4144183
10.0558577
4.4658386
35.9710588
3.8897798
16.1801419
3.9386310
3.0245482
15.3167046
3.0808991
12.9660682
56.0717616
30.0835799
54.5322826
5.2545705
5.5764452
19.9125985
20.2730300
47.0846385
9.2332027
25.8710004
2.6122316
5.6583706
20.9518511
0.6567636
6.9565907
16.8284674
52.1378743
15.4412959
3.6123648
17.2833988
11.1205861
15.8181222
23.5748512
23.2636148
13.8952820
12.1622264
16.0263921
17.7356519
19.7094561
12.7789119
11.1494869
6.9688873
22.7780660
9.3309535
4.6903714
12.9512317
22.5200836
10.2063062
2.9999106
24.0437528
13.2212238
20.7294009
15.8564512
16.3643994
19.5345117
5.4537716
8.0587353
8.8423549
27.1387319
9.8774431
18.8288573
21.4286393
15.4537390
7.2905455
23.1695825
21.6545249
8.4431235
34.1730225
18.0419919
32.7423389
5.1453722
30.0625763
20.9589777
13.6187882
5.2684622
8.8314573
12.5460109
59.3911114
40.8055961
26.8853368
7.2586045
16.7798807
19.0335959
3.8264595
13.0146006
29.0912225
19.7648061
26.9385150
13.9793221
31.1676419
15.1334179
17.1002759
3.2589582
22.7426491
12.2634750
20.0478529
33.8303579
28.5474590
10.0865055
2.9794521
14.1958867
4.2107468
22.2806936
19.2399968
21.6705769
8.5662867
9.1402422
9.1077813
18.7748647
17.1141398
3.9694571
9.4551396
27.5664955
6.5925902
22.0281487
31.4825794
1.3589926
13.8879963
2.7822124
16.3551687
2.8629259
13.3450189
5.1456560
18.7704923
3.7548915
3.5314550
7.6555497
6.7466909
12.8013406
4.4790522
1.2079651
7.4867318
15.2413707
11.0798509
18.3029662
19.1530197
17.5276066
20.3606384
10.4803538
12.2768999
19.6246478
21.2672593
24.3335674
22.7895269
2.7484943
24.3598873
11.2342467
23.8979054
39.7365711
14.1345510
7.5225172
4.3577670
5.3510349
7.0705929
612.3237469
6.0518959
5.1915602
1.5661427
6.2526518
1.5878484
3.7178127
1.0178091
17.4182875
0.8623602
0.5391000
5.8863194
1.3596741
2.8643900
2.9459195
490.1500979
17.7637692
6.0585861
4.2305497
2.6392706
8.3563870
8.1596337
16.2502897
25.1315093
31.0305774
26.1600263
33.4227469
69.3785799
198.0737380
98.7020841
26.4863973
67.0076872
68.5806989
158.6714717
27.6859943
3.3398881
14.0652894
13.5837018
25.2106469
18.8894524
11.9213609
11.8750288
9.1275356
17.7753259
13.8307799
13.7505665
12.5768704
7.3868642
17.9482784
14.5771943
10.9174621
13.7616818
11.6518175
12.6281475
11.3265224
12.5575472
10.4103919
26.8229183
10.1763729
15.4489620
8.4061410
10.3082512
8.1181268
10.9634558
10.2330127
5.9268530
11.2043571
13.1079322
11.0744631
9.0304280
12.4182385
12.8423378
12.6704123
11.0314997
9.3592878
9.5546700
17.1344435
15.7613724
17.2262976
9.1898070
8.7106147
6.3491105
617.7410503
8.7424466
8.3166093
18.4269439
10.4839507
10.8657223
18.7297089
10.8569678
11.1607031
11.8688355
12.5494548
9.8584843
12.2873029
9.8980875
11.1552901
9.7281133
8.2044682
10.2224756
10.4686741
9.2875432
9.9616450
8.6591970
11.0101722
8.9141847
9.6276117
8.1579765
7.6844541
10.1048914
11.0345882
7.4413391
9.4432659
10.1194369
8.5425373
6.9956395
7.3707019
13.5030980
12.1622088
9.5856573
7.6252234
10.4699160
9.0362958
8.2784853
7.9810931
14.0704535
7.7033994
6.0845056
4.2223955
15.5491164
8.2620402
13.5593376
19.4995826
11.9386014
8.5082977
15.5252244
5.3291992
12.4494712
8.9742416
13.7369077
25.7418518
7.1326616
16.8999608
25.1895936
14.1225133
26.1030019
15.7376084
34.2760705
11.4582438
5.6751712
4.1229144
6.7565546
10.1667483
11.1522144
11.7826297
7.2016057
8.3216283
7.9146909
12.9021234
12.9113882
10.1678019
20.7223586
4.9364977
14.4491713
10.0806840
8.9980260
12.0899603
16.2209863
10.5097323
17.5238829
24.3327618
19.3697429
8.7855665
16.1114870
17.0010731
11.4673233
11.7669652
14.8591410
13.2944259
10.6303155
12.9496152
23.6203304
12.5758660
14.9542126
16.7863001
9.7603854
27.6504471
6.5171320
18.3525710
29.6569700
10.8936587
14.8298487
18.2395928
14.8549238
14.1731547
24.4120763
15.5380780
15.0377488
17.0493603
20.0943999
14.2811868
18.7259725
14.9550750
25.0413643
14.7899714
18.9780130
13.3804779
14.0936657
12.2860197
13.6914050
27.6036937
13.8807453
13.4592716
21.6901825
14.8586925
38.9598144
34.4565165
12.5613662
20.5927609
17.8286316
11.6348977
10.8884307
12.0366295
8.2089864
11.8760378
13.1844935
10.6788857
10.3951300
14.4814292
11.1318556
9.9454386
10.3600125
14.8007588
12.2267557
9.4278653
8.2387472
9.6164694
7.0591697
17.8323922
11.8198313
16.9463362
21.6880575
10.8680364
4.1212754
3.6028459
4.9826061
7.0184018
6.5328937
8.2668237
12.6375621
10.5241718
10.2359899
12.1712248
11.5686368
0.6506481
1.9439698
12.7790350
9.2325098
17.7209745
22.6812099
3.6324637
7.7792414
3.4315837
1.2645492
11.1979247
15.1896235
3.7671298
14.7537260
15.1597984
0.4601785
8.7258663
19.9279309
5.2635638
17.6298803
16.8352965
17.4933937
26.9767403
3.6327851
5.0177111
18.5397581
21.1493386
88.5416108
20.1618030
23.0767225
69.0482426
219.2627261
417.7987357
454.9643450
59.3260736
9.0053967
24.0439453
5.6428115
10.3307592
5.2463348
589.6347911
1.5263764
11.7507653
9.5025431
5.5088783
3.0232113
7.1701968
9.5265055
1.4553355
6.6287034
7.0267083
6.3266371
6.0714536
3.5627238
8.2987059
200.0085814
8.4246470
4.8200044
2.1474842
10.7031521
10.1847297
6.6812291
6.1564165
13.4912384
11.4143359
4.9393974
15.2959638
26.1431778
4.0249460
9.8525304
11.1144999
17.1842287
3.4875122
3.0885879
9.5211685
1.5090770
4.9990945
3.0045028
7.1584929
2.9688598
5.2016052
2.5902977
2.4194565
2.9050963
108.7459680
563.5947156
48.3314886
11.6799364
3.0014611
0.8738688
2.4513847
3.0113171
3.1145369
4.6166812
5.5944450
7.6836027
4.5263771
5.8283342
5.3229784
4.8420360
3.8415395
3.9653674
2.1962864
3.5163751
2.2461704
3.5432156
3.9511838
1.6906715
2.2909046
5.9348439
2.2335370
1.3670047
3.6860314
0.7853282
5.3156461
2.9565551
4.2769717
5.9997595
2.6885841
4.5683443
1.2541306
2.6079699
1.7063228
8.2263390
8.3378656
4.9548574
11.3949923
7.1996377
4.5534100
1.9177403
1.7184049
1.7615542
6.4078284
4.6052646
4.0045765
10.1517616
2.9814759
10.4295559
4.2724828
4.1737281
7.3876239
0.3771344
6.7381762
4.7246260
5.4036609
1.4395741
3.6865097
7.8482303
2.5457325
3.8436722
6.0022698
1.8955830
4.0955758
1.8727316
9.3535753
4.7166741
10.7716796
9.4557344
6.2122120
3.3205007
3.8067738
2.7752676
26.5194219
5.8612305
9.3050689
24.2499194
4.0487008
7.0425245
528.6831022
21.5771431
148.5299586
120.5612452
114.7990960
53.3325241
52.6170526
23.6270574
41.6921460
56.6482811
409.5728254
113.3573341
4.0012056
5.4496937
18.4505440
14.2814999
12.2485964
1.2887596
15.9919853
1.3718035
2.9087592
122.1952956
45.6821538
5.4350638
7.6882073
38.5502557
7.7552442
19.3449560
4.8197940
141.7407266
4.3096695
4.3033770
3.5674999
9.8400137
16.4570678
10.9931744
77.6052233
156.1384019
82.7837569
15.0874389
7.3906872
29.7220985
7.9012738
7.9547858
3.6815101
3.0734574
7.1780807
2.9679174
23.0821123
11.9527403
6.1225096
2.8190892
12.3367327
3.0245492
16.0980441
8.6838850
20.1257411
8.3861421
9.4074758
2.3421540
24.0592338
7.1341162
12.7080870
2.0003417
9.0161120
7.5518478
46.3071456
11.8755110
5.5327261
12.5737571
5.2358919
3.6542060
18.3485280
8.9235071
5.3577090
15.1368342
1.4890546
6.2678127
11.2596133
13.5231130
7.2811557
8.4227932
6.7202982
11.7012281
7.4719809
6.3926894
8.1781005
6.4080696
7.0199348
12.7589772
13.7601215
5.9912648
6.6071003
5.4743413
5.2386001
5.4678285
5.4389015
5.7178502
5.5095443
5.5270491
5.8423968
5.5023648
5.5045292
5.5348901
5.3968952
5.3367817
5.7644410
6.0481159
5.8106067
5.6480109
5.3446236
5.8533451
5.8206535
6.1095862
6.1512082
6.0161761
5.4462630
6.0144671
5.1325314
5.9127582
5.4267185
5.6031282
5.3197574
5.9995638
5.2672716
5.5048660
5.3591096
6.0852772
5.7722217
5.8040276
5.8477058
5.5168226
5.7046441
5.5589918
5.3623041
5.2341375
6.0498345
4.9788673
4.7576702
5.4473994
4.8221375
5.1255458
5.9874070
5.2533567
5.3523996
5.6791362
5.4972465
4.6613933
5.3407396
5.6593305
5.3374380
5.6974283
5.3626444
5.0414758
5.5305982
5.3754356
5.9475455
6.0381267
6.0889117
5.6494806
5.9523814
4.6384747
5.0086221
5.7181072
5.4269195
6.1164102
5.2131816
5.3255105
