0.4922737
0.4540468
0.7237664
0.2503115
0.3071518
0.3433001
0.3210341
0.3328872
0.5675700
1.1671606
0.7096038
0.3077089
0.3334688
1.1506845
0.7088836
0.9623388
0.8818482
0.3222700
0.2492651
0.6573484
0.5501796
0.7375555
0.3349425
0.4064587
0.9954227
0.7801907
0.2145565
0.8190053
1.0331970
0.7153118
0.6411571
0.2992290
1.2677961
0.3060257
0.8000563
0.7389934
1.4853304
0.6039046
0.9808901
0.6019444
0.1745342
0.8670580
1.1503150
0.5158740
1.3957478
0.4643540
0.4727105
0.4962352
1.4009458
0.4411511
0.9600163
0.9745465
1.3110738
0.6863032
0.7342516
1.6787146
0.6839835
0.6087141
0.9369235
0.6054387
0.4341537
0.5873540
0.6052286
0.8343214
0.4787968
0.8494706
0.5953264
1.0883527
0.5625128
0.9028003
0.7322886
0.6042672
0.4657443
0.3513212
0.5379718
0.5355290
0.3428478
1.4807037
0.5395744
1.2242442
0.3487680
0.2234847
0.9981134
0.7696900
0.9624156
1.1726839
0.6986221
1.1499422
1.6386816
1.0517952
0.5188346
0.4668733
0.7229234
0.4226794
1.0046376
0.8210967
1.1977390
0.8704995
0.8362009
0.3524303
0.9030145
0.8332237
0.3053777
2.0570045
0.4214530
0.2256942
0.8902429
0.7331799
0.8974299
0.4856193
1.7176198
0.4713347
0.4272029
1.0664357
0.6703054
0.8587983
1.7736363
0.9203547
0.6508750
0.6360373
1.2119519
1.3629947
0.5265440
0.3832357
0.4102793
0.4027493
0.9236115
0.5875139
0.7431406
0.4189347
1.0716238
0.7889403
0.6330486
0.6187272
0.5317678
0.5758097
0.1819651
1.4562785
0.4382116
0.7587234
1.1845563
0.3981633
0.8938123
0.5392667
0.7643560
0.9879903
0.7672480
0.2600131
0.9151091
1.0289648
0.1878781
0.2139193
1.3974873
0.4524130
0.6806949
0.6623235
1.7188228
0.9579365
0.8661937
1.2078775
2.2934296
0.5630564
1.0169097
2.2226077
1.1697124
1.1792363
2.5410433
1.4329533
2.4663010
1.0068380
3.9308597
0.8415227
0.7244512
3.2624887
2.0612611
1.3617763
1.7922546
1.5375913
2.1263852
3.7921551
2.1137702
3.0265681
3.6699307
3.1687434
4.2588828
2.1154589
2.5866070
4.4943034
5.0443110
5.1944694
3.3684300
4.2556602
6.4412312
3.9805749
4.4810240
3.8868651
5.6518169
4.7688697
5.5976924
3.9199554
8.8328586
2.7873037
6.0882756
4.5298720
4.2760876
4.9905100
5.0802058
5.1556868
4.8713592
5.3785031
2.6989193
6.9121834
3.9395121
6.2794447
5.4818925
5.4023608
6.2860170
4.2282230
4.0050564
5.5170227
3.3990900
1.9836184
2.6394568
3.8789140
4.0812769
3.2173008
2.4318514
3.1943049
1.4104997
1.8370659
5.1730360
27.8643305
1.1120815
3.0969186
3.8281918
3.1647909
2.7185144
2.9645692
3.1139602
2.9118475
1.5144390
2.8567517
2.4353814
0.9211325
3.2131694
3.6871294
2.6084528
3.9708525
3.5810994
1.7311939
5.4036508
2.7358267
2.8746461
5.4308786
6.8808499
5.7837915
7.3609858
6.5806753
5.8939506
5.2030412
5.6428050
8.0193650
8.6523417
6.7298837
3.3181685
4.7762594
7.5233401
5.8014366
4.7153764
8.6026233
5.4553862
6.2598783
5.0451331
9.7541216
5.1380625
7.5415805
6.6155599
2.7790937
4.6124598
4.0609238
4.8890497
4.3302669
5.0720328
1.5380668
3.7493078
2.0212311
6.8863571
2.5160061
5.8807578
1.5112690
4.0717231
11.6043077
4.1230868
3.3345233
6.5675216
6.5800620
1.2157140
2.6060285
6.4354824
3.2093755
5.2418245
9.9782909
1.8081487
1.5204504
3.1312424
3.4716563
0.7838483
1.4456409
2.7904078
2.3693017
3.1636932
2.3323589
1.8946484
0.9959018
2.2296317
1.8553154
1.7247561
8.9458644
1.7867912
2.6322262
1.5656124
4.9975177
1.1241298
5.8828924
1.9544768
6.7139555
6.6641054
1.3693254
3.1627888
5.5498615
7.2505679
2.4697592
1.7868943
1.8919794
4.1335050
2.3990465
11.1268275
4.4438656
2.4392158
2.3881376
3.7920243
3.1401658
2.9128770
6.7373752
4.6599103
3.5936822
4.8486700
5.8854931
6.4464715
5.2638736
17.6442602
7.0293179
13.7405725
8.2859628
0.4160290
12.3646706
8.0194072
1.2227344
1.9856337
5.3916912
1.6015121
3.5514008
4.4291096
5.1157528
8.6050934
2.4844099
14.1568672
11.7274795
2.1213599
2.0517689
2.8746484
2.4703396
4.2952787
1.9365599
3.2284477
0.6586517
1.8617722
0.5921767
3.2184329
9.0953844
2.1236713
3.5332952
7.3117604
2.5967361
1.7894402
4.9880732
7.2940075
147.1602429
16.1810090
3.1630802
1.0615294
172.7987268
4.8449788
6.3121808
32.9417353
4.4250580
9.5463478
8.8886077
12.4213412
4.5829777
9.5055971
8.7647813
8.2679167
11.1007765
4.3215868
0.8723441
12.2348606
3.6112392
4.3637947
6.1258861
106.7382173
169.5803680
2.2904822
3.6610079
13.5677062
3.8100874
1.0105389
2.7459414
5.2036208
4.2936586
2.6768478
7.4395044
5.6130790
4.5502205
6.6391166
15.2720793
8.8891574
3.7564967
3.1015507
4.2223794
2.9322614
3.4954130
3.5610050
1.7272553
6.0846231
1.3228713
5.7937155
10.0503672
8.2051060
6.5905358
9.3180462
4.8262807
1.8729219
7.2666651
4.8786246
5.0860772
4.9473974
3.5163043
6.4108700
4.2339160
4.2953399
3.8855216
10.8493665
22.9009618
5.4602137
4.1001409
7.5789391
22.1427562
8.3907839
7.2778410
14.1020860
2.4406440
14.1165568
2.2768627
0.4722671
7.6664177
2.2257779
4.3387877
2.9165701
3.9382352
15.9240410
14.2264767
9.6934367
1.4293004
9.0073429
9.8764688
31.0421434
33.5865548
8.7249671
11.7935817
0.8379384
1.0828267
4.6394832
8.3959109
5.3475459
5.3628442
11.6456378
7.7831904
6.2038764
8.8431906
9.2217228
9.0443391
23.0677355
2.3732856
5.7606576
4.5140761
9.8861248
8.0499173
3.7469237
7.1164855
6.5226479
8.4456976
5.6686341
3.2603994
12.8784078
14.5803731
4.6802135
1.1643616
9.7641819
20.6932739
17.6671134
6.9095466
11.1509613
2.1164255
8.7893550
9.3262840
14.2431747
11.9622517
12.1030999
11.2246106
6.0866364
15.5111506
10.6570945
21.7524742
26.5304930
2.6490048
11.5843128
5.7429434
28.2026684
7.0234383
5.1610416
3.8680337
6.0706227
5.7614949
8.7882770
5.0666807
12.9277345
23.0304150
6.9086083
4.6797224
5.0808417
9.5666410
8.6377676
3.5084557
15.0954934
11.6308422
7.5359524
9.6887850
6.7539349
6.9732009
20.7361660
6.1265579
27.7120817
6.7461506
10.9835078
2.7000482
18.4799159
14.9620167
14.2928540
12.1654318
3.2747566
11.3824900
6.3420810
2.1819234
9.6927019
5.1974419
14.7232002
25.0072074
2.3676868
1.9040316
12.3482430
14.8142176
15.0979548
23.7775781
2.5528223
5.4328264
9.8094152
10.2385630
7.8234249
2.6941079
11.1394225
13.9219665
17.7911332
23.6795008
58.2903312
34.7756188
16.5275954
16.1373141
16.5068660
120.5911371
16.4600977
9.9368565
2.5703703
3.9204789
14.6690885
10.4851965
7.5638385
25.2923751
23.9209127
11.2186285
154.1821430
169.5854717
11.2120850
4.4445259
12.0176967
14.2550817
12.0534760
16.8506972
18.1352091
8.6607794
16.7781328
21.2151229
9.1646058
19.6212525
18.3869826
5.9173367
1.5677769
1.9362346
6.2758253
4.4030643
6.9535017
5.0109499
6.9196847
13.6952307
1.0091045
6.7382925
17.8206717
18.1498718
18.2466169
27.9495945
154.4986743
96.5846134
49.6421515
169.6563242
85.0855204
82.7995897
154.3512969
133.8952563
12.4100856
21.7419794
36.8339184
149.8275740
3.3330150
64.8977130
144.6634078
80.0013305
94.0510888
30.1676933
43.3703118
4.0370775
33.8471464
75.9085487
72.0561562
109.9311986
145.1347656
31.6062953
4.2699874
87.4968389
50.6758875
151.5754008
56.5195846
127.0495357
132.5779576
98.3174773
58.8166746
13.9813798
136.2832483
76.4181198
129.7550233
114.5844748
55.7101171
63.7604707
114.2759018
27.6043187
172.7643899
34.3139583
26.5962265
8.6431838
53.6545755
55.9607981
35.0905112
152.3021489
14.3089789
174.6838666
10.3721960
38.7294754
3.9538433
8.4376125
11.3871168
17.2158528
8.5656353
39.3665461
48.6647634
142.8757363
16.4418255
172.3990786
75.2664850
33.3564644
14.3756856
46.2212817
168.5697775
159.3902299
11.6919354
3.4876888
7.0855106
7.1979256
8.2163965
8.6086968
4.3029098
106.8901283
44.7197407
74.7282456
42.4435734
2.7659667
5.9403095
81.2094516
101.8750622
63.9762092
158.2296090
70.1151746
58.6316805
40.4096958
174.7691568
14.5006785
11.8163228
7.4292123
36.4411985
12.7063426
160.3709284
4.0036951
28.5073096
2.8104614
6.8735704
11.4971578
2.2193879
0.6878067
24.4438214
13.9443608
162.7099076
178.3125867
6.9683898
8.6337035
2.2810201
28.8536340
112.3289353
130.2949296
134.7993015
109.8863496
136.0029651
135.6606023
145.1212639
50.2300065
149.6230268
123.9859236
102.1471170
178.5240416
178.9641853
164.3019521
148.7771734
148.9720007
158.7873178
30.0094257
141.8503341
126.5595672
152.6477679
3.5204058
3.8240748
2.5210443
4.3820073
176.0755063
47.6536258
153.8120343
178.1555437
177.5555401
6.0289266
20.7945297
138.1045004
172.7888645
158.4606927
78.1385962
35.0879417
97.3051313
13.0650185
9.1166061
30.5722284
19.0623124
35.8278851
55.8485226
51.8860045
177.2465365
20.5799834
8.0821838
16.7627888
13.4383334
7.8042003
6.2226226
154.7281103
179.1881800
12.3517586
178.4969841
175.5433438
173.2840265
164.5571830
170.7816409
165.8656701
172.9629867
179.6925703
157.5971014
176.7779133
2.4408888
151.4132819
174.8507449
170.3827886
7.7621729
2.0293618
12.5019128
141.1771669
171.0067749
6.8542707
1.3720545
3.7421904
3.2234358
9.4518652
3.0714172
4.3322930
169.6234062
1.9558265
2.4535222
7.3369257
6.9347505
6.4150164
3.8314009
2.6010585
156.9752457
2.8316797
4.5948355
0.8901946
3.7771430
3.1370901
3.6888083
3.6204362
4.9126627
4.2425770
4.1279455
2.9492680
1.7677009
4.6930709
1.1470922
3.7183941
5.6434170
4.0321412
2.2006193
7.6124247
4.9567315
12.9410556
4.2578822
3.6707317
1.4876219
13.2725022
4.4472940
2.7764516
4.4727859
13.3221395
12.1816012
13.0280258
23.9442369
8.1468313
8.8043505
5.4536326
2.4406670
8.6015396
10.0962298
6.4277705
13.2098284
16.5042849
4.3231430
12.3004792
15.0825218
13.5611299
5.8756473
33.6080573
4.4714280
14.0432456
11.9103316
12.2193594
15.3835968
17.6251226
8.4725524
2.7724127
5.8278551
13.4335177
3.9344189
23.8161493
27.7677112
21.5809651
12.6582945
13.5318559
1.7004012
26.8654686
29.6677467
7.1775037
14.9017127
18.8194120
11.0193763
8.4761827
0.9628890
23.8690509
6.9249657
10.1883692
2.5912828
7.7286147
4.2908946
25.3489681
7.4171346
10.1953499
34.2360184
13.7528312
2.7645643
12.7046919
10.3876598
1.6709602
24.6541284
24.0587652
24.9132786
14.2051665
11.2906623
6.5016993
22.9217370
7.1881413
23.2770419
22.7320818
23.2601575
6.6048605
7.7051527
16.3858312
1.2139970
33.6035727
28.5501426
13.4303952
21.9863902
33.9597906
3.8901987
5.4782084
12.6449478
21.8214270
9.7339363
47.0532550
20.8751633
7.5598582
5.6138171
15.5306488
9.5646345
10.1044529
20.3518511
1.7896980
43.3697225
12.7985545
6.5140076
30.6373999
21.2007662
49.2139241
54.9384247
21.5663234
25.0625868
22.6643360
35.8570338
1.8072496
5.3876272
2.7673013
14.7191953
3.1778092
10.0478942
8.4008329
167.4939948
5.1536834
154.1667423
9.3290889
13.4788396
37.4594590
18.4127124
1.9149787
5.1948255
13.2193458
6.7307422
6.4677655
23.1864844
4.6405669
22.9680728
167.3473913
12.6216503
12.9487921
9.8068118
24.1867202
7.5866790
5.3570500
5.2287396
5.1172176
2.2660027
6.0347172
22.6465774
8.6295115
2.7545776
13.2312277
14.0566450
2.0019463
0.7389869
172.5701746
16.7849704
3.0350667
8.0701921
16.8560360
2.3280861
8.7849592
171.8196655
2.6362286
159.6997038
166.1296503
162.7867986
171.2864415
155.1940804
166.5626565
55.5312646
159.7870764
167.7000363
84.6967545
125.5659688
173.2709026
170.4442543
13.6209772
1.2498806
12.0703029
39.2603151
2.2644304
2.1423508
1.4846558
4.9319716
4.9850285
3.7472344
14.6755844
10.9379425
8.2653013
8.0038798
174.4456828
8.8708414
46.7022108
12.8591303
4.1615927
13.6882420
1.7064981
1.8676041
5.4054159
14.6173932
14.9457804
3.0524671
31.5647402
9.3526513
1.2656834
11.1860745
179.0048960
2.1766475
4.5433176
7.2035394
146.8952912
14.2630520
2.4931104
172.6123152
161.0005267
172.0923007
15.8459471
20.5167083
10.4271049
44.7395616
15.1795692
17.7019564
115.1133164
9.2286681
34.2303888
14.8239075
135.8867223
27.3956640
169.6647094
157.7189551
17.1052805
138.7228508
8.6930995
120.5709555
127.1804711
158.1418130
101.0490521
65.2786899
172.8433595
10.8445624
8.6000692
84.4781173
25.5107001
73.6721811
81.7517572
85.2781420
53.2592121
61.7361020
62.0553534
20.8342826
18.4642687
7.9560945
17.3770072
22.2242676
14.0788206
32.6262461
23.4866624
12.8148754
10.9099886
29.5287785
17.4081635
13.6129106
103.7699434
5.9078490
8.1153866
24.3823009
175.6074670
13.1894144
15.0734351
1.3832000
29.5128548
8.9204772
14.4360431
15.4492264
11.7332395
20.2647535
1.6309077
46.9931155
35.1041066
81.5180745
152.5905103
7.1512335
20.1325098
17.4441213
19.1524081
5.3820565
2.2852603
8.8868135
30.0823781
166.6637789
22.6780940
14.1511518
77.7990748
22.7975149
27.7000389
173.7626954
13.5543469
106.6737578
40.7854799
173.6585663
38.6209350
7.1021204
4.6376469
173.2855748
64.8591711
133.3558011
54.3063936
115.2882046
73.3359803
90.5694377
171.1173026
83.2780469
168.7579434
37.9516986
179.9717505
177.9995539
171.8670432
94.5404740
11.1429547
111.4613294
11.8191126
22.8819500
55.5436091
72.3666333
47.3564384
178.5174036
16.5263730
31.5959018
179.0324633
25.4149016
23.2091824
2.8090186
126.4299742
31.5797206
12.0984310
24.3128235
84.0305141
3.9674442
36.2069180
15.7724241
167.6731026
174.8084582
16.5835554
5.3690467
177.3427829
176.4938529
134.4344606
104.7911651
118.8787225
45.7262941
17.6024120
6.3080236
16.3611828
13.8202632
28.7939037
24.4796286
57.8099540
16.9556336
8.6570868
5.0755175
17.8876325
5.9391591
15.7968339
28.8800598
20.2643628
21.1521911
117.6259011
118.0604965
175.0440320
3.1372700
2.4376066
36.0671368
28.0120251
30.5021543
28.5175623
45.8155628
18.6112880
10.1977752
11.7580628
15.0819311
17.7776563
19.3592056
3.6849202
11.7638405
16.3282052
19.0426026
7.6899895
2.2452205
21.0271462
10.6532514
2.4098824
14.3070844
11.0572927
5.5364093
0.6996747
12.2629132
10.0046164
5.8503725
14.6076860
8.5626124
21.4222913
5.5850818
4.3450387
13.0677918
19.3843387
26.6345623
13.3033786
88.5850126
4.1769442
9.5465526
10.7539759
31.5017064
15.2672055
5.4002300
16.5862677
22.2365805
25.0362904
4.1087064
8.9234033
5.7525494
3.1665209
7.5686301
13.9990694
9.8110123
29.0902217
1.7811484
4.0692095
7.4866192
47.9011648
5.2333820
24.6686653
4.7482121
29.4574551
7.1136477
3.6262312
20.4319099
11.3647239
14.1895622
5.8659739
6.0383339
9.4490595
63.8001928
4.0618491
8.6825075
2.6193722
21.2546483
2.9723633
17.7496792
16.0353048
6.2349858
15.5235928
139.5022676
1.5853567
14.5199363
2.7962604
3.2528684
3.3168922
5.9718730
8.4857543
2.6381156
5.9595183
27.8002172
18.2557024
3.3827246
1.9595233
25.4333122
1.5120398
26.4922002
22.8481796
1.8282051
1.2699602
13.5213475
6.5601869
8.9382737
5.8381977
1.5391638
11.2387671
5.7602669
1.5013890
13.5283927
6.7657331
1.1896027
18.7751417
6.0699708
1.4488216
1.5072219
3.6540515
7.3535542
4.3544371
7.0154962
17.4183509
10.1000181
7.3340261
2.4853682
4.9937013
3.7667875
3.8078729
0.5725059
3.0839952
22.0696042
1.1950154
4.5797767
2.8508418
9.6122193
5.6111391
4.1742889
4.5714499
1.2389844
1.1581456
2.8737701
5.8444026
24.7332381
8.1325995
4.0403990
1.0507350
7.8628119
1.3531177
29.3561396
1.7454532
22.2041159
32.2713887
179.1307389
104.9058694
57.3076608
24.3264015
179.5251869
178.4219143
39.2460815
6.7140331
8.7860181
6.3939396
5.7757973
11.7098069
1.5751819
14.5353329
8.3249880
2.9446439
6.6792262
6.8263329
2.8801469
14.7134886
10.4851049
7.4707117
4.5218479
3.9216203
12.5030923
2.5718287
17.6637977
22.5209648
8.9152412
2.0568326
28.2640839
17.1876080
5.1217426
7.4924153
10.1742381
4.0195460
1.9673137
8.9168846
1.1692182
6.0472522
4.3698724
19.2859242
29.7540240
11.0907854
6.7359340
12.0500191
4.5634826
7.4972543
17.5552683
2.8936840
9.1807731
6.0942059
2.8283243
12.2414463
8.2974180
39.9392330
16.9353446
24.2216003
10.1235287
17.0072647
7.2100561
20.1386478
16.9661493
16.6388508
4.3769238
5.8705010
20.7518844
12.9908997
7.1511221
14.6990767
1.7028282
17.7684605
2.6792312
24.1950170
8.8570545
6.5129276
11.4241139
6.5509990
15.8384472
21.8301539
17.6748706
13.9674429
11.8061804
16.5507200
6.4287239
25.8837564
4.5518093
11.6723453
11.9215477
5.2354307
17.7956329
14.0703549
0.6285243
12.6869995
8.4292914
3.6369495
22.8362452
7.7104868
18.4759695
4.5660709
5.1351524
4.3228788
2.1240221
17.5798517
12.1396837
4.6362164
4.4575691
7.1242438
7.5428985
4.5053161
8.5762367
13.9395846
22.8333929
4.9999775
4.3705470
8.7454422
13.9231292
9.1829000
4.9676197
11.7086768
4.3149531
6.9306837
8.1150658
4.8520413
6.7053134
4.6873093
3.3765635
6.6289631
6.9493927
7.3701533
3.8402539
2.3219301
1.0193548
3.1073165
5.9445124
1.6259175
2.1197721
1.4813358
5.7756721
1.3282277
2.3093242
1.6774129
1.9702378
5.1866727
5.9029938
4.3827131
2.5526560
9.0713484
2.9696924
2.1555949
4.3680789
6.3046067
5.2788108
2.2805273
9.1611647
5.2604544
3.1750292
4.7884711
1.0086867
1.1186820
5.3546185
1.2417284
0.6333305
2.7867617
11.7319945
0.9896309
6.8386836
3.8350776
1.6419997
2.6800854
4.3030851
1.4058766
2.1630287
1.1552072
2.9716857
0.2643767
1.8056485
2.2714050
4.1252568
3.4152712
3.6036637
2.9278221
4.1251279
0.2801751
2.5280285
4.8904671
0.8366069
3.5112194
2.3313551
1.6092706
2.3546294
2.1014680
2.7939054
0.8094276
1.0480605
1.3364748
4.0259431
4.8571549
11.4482970
2.8344957
2.2418086
2.2616507
4.0819540
7.8713707
17.9020548
9.0463606
9.3193223
6.5156880
6.0949197
1.4946241
2.0574723
5.0554786
1.1758011
1.3914629
3.3572673
5.6896299
3.3394034
5.8743586
5.7894814
5.3411247
9.7267184
3.8130114
3.6820368
8.8055126
9.0169339
2.5725835
4.1312180
0.7840128
2.0381051
6.4602873
11.8089142
9.9239296
15.4716416
13.4843016
9.8252239
11.3095596
12.2137360
8.2095702
6.0075639
16.6647569
18.5095614
7.4119385
6.1322924
3.3511684
2.6404774
7.9826166
4.1330106
10.2061422
5.2491522
5.2609088
1.5732600
10.9633428
2.5267759
21.2441082
3.5956007
1.9364874
3.9765365
8.8868764
1.0158061
4.2977693
2.5655668
2.5406589
10.0293209
1.5860022
1.8890748
2.1460372
4.7184553
2.2665427
1.6929869
5.7973069
5.6737947
1.1380349
4.0195559
3.4234587
3.2464364
2.8495549
4.4122414
0.9265302
6.2057580
7.9306438
3.3852434
5.0312166
5.5469279
3.5334315
9.5625047
5.6984781
4.8738056
8.8395315
4.8345193
4.5381814
1.5095118
5.1762478
3.9209683
1.3588115
3.4403845
3.0558523
7.0489270
2.9741186
1.3653752
1.9477221
4.8217727
2.9439229
10.7389446
7.7574883
10.9732602
4.8772869
7.8258586
6.3581135
4.2022485
1.4626993
3.3967154
3.1674645
3.5975565
4.5523336
2.6987934
1.6150300
9.8502892
2.0690214
6.6109371
4.6217183
2.5252271
5.6456485
1.0656292
5.6638295
5.7181826
4.1575180
13.6056658
4.7898859
3.5353270
5.4640825
3.0139531
11.1077111
18.9781756
15.9546290
50.6735791
19.0918025
95.7501960
38.7661362
27.2747956
5.9760618
25.3989008
32.9497081
14.4719971
30.6480617
7.5244933
13.5577583
2.8960016
13.2702953
10.6201073
8.9249750
2.6522428
9.4483988
17.6263314
13.9578986
16.6692183
13.8370604
10.5751367
9.4653218
14.0121324
16.2084567
1.7888318
14.5270615
13.0028404
9.0939797
6.5074358
5.2610255
8.2447452
16.8352216
11.9593463
9.0623692
7.6366119
3.2621289
10.8071621
16.9780431
18.5738388
13.8133407
7.7499837
5.1673204
0.4676285
12.0670472
1.9373040
5.9769825
8.3330334
2.4249054
6.4304746
9.6646657
3.2210054
2.5733037
3.8266422
6.9866660
13.3724698
21.8089896
10.3898911
9.6702490
7.9911661
1.9712268
1.2732159
1.7244737
14.7638461
14.9499845
16.8346599
0.8932844
6.5644722
6.4957491
3.8800318
3.0944784
6.3675814
1.6433146
16.7629084
1.8214179
0.7731358
6.7115351
10.9862440
5.9839560
3.8003156
4.0698667
4.5436495
3.1708510
1.2206290
13.6157807
3.9393671
6.7058386
11.1660914
0.3184167
2.3320640
7.0816627
6.7954633
6.0789869
10.5744797
8.0649340
12.7286194
19.1648089
16.2769845
5.6034630
11.5639197
4.3132247
5.9334839
0.8914874
15.9996130
17.4449472
6.5862863
2.5841934
2.2021266
5.8878575
11.1192709
5.4575444
7.2999448
8.9083745
0.5939217
5.8180692
1.1378956
2.4567382
10.5668778
5.0233425
8.4746077
17.7254000
18.4253887
18.4357077
21.5007103
11.7569294
9.5656454
5.0036702
14.7011740
4.8160533
4.2877331
7.4258393
9.4084017
12.8583828
12.8651731
12.3953515
8.4878176
13.5680597
12.5944368
3.1640337
10.6795596
3.9510482
4.1168796
8.7083486
16.0028815
8.1718187
18.4016562
15.6612840
18.5997750
11.7309882
10.2346073
6.8389282
9.5981978
14.1651615
19.2032006
16.1722088
10.9535295
12.5484249
1.2926048
5.0951506
6.6144849
8.8034316
0.4086834
0.6792223
3.4922793
3.4154664
5.9730545
8.2663274
8.2324094
6.8513210
7.6571617
2.2553336
6.7009571
17.3201613
4.9539163
14.1355951
8.9842646
9.4055188
4.9450417
4.1279251
0.4390883
4.0033425
5.8497813
7.4673363
3.0380421
4.9623602
5.5316269
12.1058208
3.3395863
4.3724441
1.1558604
6.4629707
4.2997841
2.2131254
2.4876615
1.2710740
6.3631744
4.7131121
2.3862818
4.9966207
0.7477932
1.9960032
2.2099709
5.9875439
9.0993872
9.3922574
1.3733496
2.1513044
9.6385358
20.0121698
9.2469057
5.6001485
20.5485172
1.2755628
10.4801712
15.1736127
8.7513714
45.4192735
5.3426063
3.1356284
6.2965171
0.8043862
5.7444781
1.7683365
3.4713406
2.4365561
1.3566902
22.3012724
3.6596788
3.2062021
4.3787749
9.4751818
2.2656275
10.9748484
2.2473518
8.4929093
40.2769300
67.8712889
3.5388909
1.5330997
1.3005858
1.2810840
0.9791925
3.3095012
7.9041239
29.6356638
4.6219003
1.8480351
1.6624985
0.4778959
1.2917745
1.4899942
84.7219228
156.1605926
9.4288490
139.8251679
175.6455804
160.9410459
79.2459049
44.0446733
2.9619169
28.5415655
31.6297317
59.8570983
8.0053402
16.7547057
31.7238172
13.7247361
76.1965359
41.0948840
23.6388347
32.7933075
17.6179216
29.8838509
41.2384250
15.4346240
2.0830851
1.2068646
10.5499927
3.1908423
9.0314646
2.0657339
1.6220608
15.0976198
4.4332974
10.6727482
4.8381682
3.5776681
5.0841864
13.5859216
9.9518423
1.1863146
13.5528770
16.7029502
10.6372575
23.0866637
5.8283992
24.5536442
43.2095324
8.0453196
7.5905051
44.3060875
2.4072662
10.0454235
2.8281503
15.2596865
1.2199954
17.2640391
10.6623069
2.1809000
5.1602834
14.0357964
18.1806078
14.7554325
8.2593911
15.0239861
7.1032021
0.8590493
3.0625806
22.7024527
33.1188280
2.7190897
1.6106371
5.2589937
7.1475248
13.9885965
4.2482045
4.1847991
6.0266334
10.7920386
10.3496510
5.6498506
18.3151791
20.6725507
4.7347096
10.4178663
14.9369421
1.8572422
12.8194269
1.3596275
5.9138195
14.2737678
9.9461822
7.5388378
19.9560864
11.2950850
16.7723234
9.7201911
11.2994990
8.0727734
5.7140740
10.1795228
12.1991030
4.8665241
7.0665483
15.8446183
1.6682000
10.5649365
6.2142117
10.5552282
2.1077251
11.0030422
9.5264219
4.4497926
4.6457089
7.1989244
2.2333923
39.0077930
8.0180608
7.4544142
3.5444492
2.1163569
1.5198446
2.5831711
8.4318859
2.6918034
1.1113028
6.1631112
8.3510247
5.6493470
2.1037069
6.5221356
2.8794711
1.2622270
6.3051410
15.5268822
7.4755515
9.2103623
7.4090879
3.0899360
5.1816638
7.9315671
3.0675399
22.9573861
6.6723560
2.5315588
6.6764596
7.5097697
3.5927852
3.6926371
10.5548485
4.0555304
6.4879600
3.4376676
4.8107292
13.8891839
3.1716529
4.8944480
10.8667122
4.4205953
5.0192248
3.1432333
1.9198857
9.5766245
3.7378220
8.4542849
5.5929855
2.3102344
6.4001541
1.6482653
1.0586876
8.1172799
8.3854608
4.4114568
1.7739659
1.0502036
1.9953810
16.1115494
1.4930724
4.6627869
4.5086114
3.6674422
1.0136251
4.2041374
3.9390598
2.0126291
1.1633643
4.5634984
1.7455666
3.8984496
4.2632780
3.3903651
8.4305788
6.2838042
13.8259898
11.9071219
0.7347817
1.5879802
13.3105688
2.7120348
21.1269558
5.4898501
9.2781137
6.3941471
7.4634439
1.3177578
3.0529972
15.9739722
10.5937995
14.4629725
1.7607845
2.9814975
3.4172979
10.4858318
7.6903265
6.2128590
2.1241503
7.3695206
1.4390890
1.2551685
4.8969451
5.4711769
3.8312470
2.7873314
1.7576693
3.0450638
6.7773459
53.7639141
2.9667878
7.8124846
9.8117991
16.3969961
8.1408050
4.0013665
3.6052936
13.2485891
0.8582416
7.0021070
1.1061903
7.0162174
7.0686610
1.5639432
14.8869614
7.7312607
1.2818155
5.1592850
5.4352668
6.2641602
5.3851372
2.3690998
1.1384977
8.1210307
4.2905420
8.1779739
1.3782400
3.5837022
3.9167000
3.0114646
0.7990652
4.1867390
5.7375214
3.1557997
4.7196687
9.0654696
3.8047559
1.3591260
3.0444148
5.1648027
17.4487126
18.7543192
8.1834088
5.6873020
7.1464563
1.4492660
10.9694089
2.7973751
10.7435658
6.9904971
3.5250572
0.7344044
4.2209141
8.6837897
8.6684456
7.7611627
0.8519662
2.1892438
9.5792732
5.2352310
0.3659944
24.8268871
20.3448023
8.6769517
15.0700624
8.3451392
3.7755710
15.6839815
6.2219132
1.4010636
13.2670180
1.5407474
2.6948829
1.1000994
2.0693307
1.3096036
13.5405935
10.7111149
38.1669242
4.4269768
7.5383922
10.6104358
5.2479750
4.2448883
2.6604619
2.7332741
11.8188048
4.8880675
4.1732171
1.6675454
4.7470525
7.4315637
3.5738088
6.1393620
8.0491919
3.9381934
0.4279042
1.4534948
7.5344806
8.6556517
2.5471635
7.4070682
6.5099182
2.5069027
10.8035738
2.9111362
0.7223328
1.1987917
6.4533986
2.6783064
4.2737094
2.1223758
5.0746386
0.8519589
0.7446638
2.0519114
8.2458783
7.4354458
5.2261598
4.3474569
2.6648391
3.4066700
2.5409384
5.4184627
2.0786560
1.6610817
4.0310741
3.4782081
2.4021265
3.7996597
2.4835929
2.6270711
3.5211310
40.2223062
1.8599181
3.0935509
16.2752548
1.9554605
25.6830725
0.2117443
20.7187896
7.9153789
4.9684480
1.5612455
5.6944378
10.4222099
2.0505213
4.0408593
9.1755294
3.3239191
18.0499158
29.7686983
3.3054806
22.2003669
1.2519441
2.1162877
2.6942695
5.4043010
4.0708675
3.6616676
9.7930389
21.3501268
15.5344883
2.8932661
2.9879396
3.1229636
4.4172889
12.3522015
5.0054175
5.8116923
4.8839932
3.2746992
10.6131109
2.8961480
13.4700098
5.0198745
2.2398688
7.7030392
7.9916644
51.4511728
11.8634173
27.3524651
1.4797337
4.5045374
7.3652665
2.5353496
3.8843774
4.7517932
3.0373762
4.5032832
9.3847722
29.4506860
27.9964556
3.7363340
8.9359479
5.6364530
0.1795329
20.9556957
26.6177225
13.5978582
20.2292236
31.5057681
2.3898205
4.7510329
4.7726038
6.4110481
7.5583931
10.0313690
4.9814935
1.6312623
4.6381814
2.6520420
1.3816819
2.4846855
5.4559274
3.6767288
12.9300748
12.2728888
2.9157368
6.6993858
1.4662917
3.5883779
3.9790521
8.0002067
21.1103571
3.5032925
0.9853272
4.8097758
6.9919576
16.2781355
6.0592019
11.1124826
18.1894305
9.8206605
2.7180545
4.7412587
2.2700941
4.1051516
33.4154197
15.1073874
179.9169156
4.8705971
5.9069542
17.8940013
45.6834220
6.6257062
176.6791170
7.4104623
9.5587423
6.4115165
3.7523245
2.6824345
10.6886953
4.1588887
7.8323313
8.8696122
2.5515612
11.8326619
11.7367796
4.0960413
3.4119569
6.4751949
5.0549879
6.1194965
9.4260806
9.1497338
16.4445760
7.6402277
5.2881358
4.3650132
1.5374425
4.7019693
1.5762694
6.2495852
6.3002679
5.6655689
8.8378036
17.5365750
4.5463782
16.8657455
13.1030283
2.8876794
8.9150688
5.1396778
2.7809395
0.6420810
2.2940395
1.3175036
6.6366307
2.7460745
31.3774064
1.8808622
2.6274012
1.4316317
15.4233701
3.9059567
3.6338415
2.0767564
1.6095164
13.5080113
2.7819663
16.7777524
15.1623699
7.2255067
5.4920966
16.5449805
1.9223243
5.8037801
9.0984362
6.3006530
10.7407457
3.1983819
4.6952523
18.3479040
13.1587860
3.7342886
3.0236259
3.3197332
2.4838278
10.2218948
3.1156973
19.7357484
16.0020987
1.3965562
18.4445700
3.8183594
20.5962990
20.9706686
12.1899419
6.4038786
1.9346138
3.2105365
8.9184931
3.2775521
3.2772341
1.8733065
1.3207313
1.5381663
2.9342503
15.4004107
12.2425933
10.7741357
6.8300832
8.6725957
2.1516557
11.0849557
16.2860256
15.5814143
12.6683934
3.6106731
12.9434165
6.8204960
13.9420442
14.1150154
1.5971413
24.7408844
28.3015492
2.8442469
13.8230528
6.3376121
5.0650698
3.3446632
9.9099346
8.4576715
5.5804011
9.0253920
7.5482146
7.5917867
16.3681430
19.3477767
5.7832338
15.5129703
14.4935846
8.2741624
3.3706251
4.1258878
10.9132906
9.6855692
22.7914672
21.3538384
6.0834286
11.9399611
1.9556794
9.7788923
12.0086851
10.7942591
10.3949179
8.0218958
17.3442199
1.2817420
6.7834327
2.7654108
11.8642334
1.7585094
18.5436498
27.3680206
13.0912807
27.1245480
16.0489954
5.1886758
10.6933224
3.9666727
9.3940205
4.4630951
2.5602271
7.8629175
2.6870793
6.9620184
4.4623977
13.0409998
18.4432387
8.1441034
16.7879100
12.0161335
36.9869602
12.5768849
13.9823924
9.8536227
14.4728073
6.6447522
19.2102290
9.3924626
28.5072923
20.9595762
145.7517308
11.9463771
8.7309577
21.4650999
8.8986438
16.5363649
43.9259971
21.7063001
6.1479457
69.6414819
42.5007762
17.3562210
41.1280923
23.9282035
58.3510421
5.9433479
5.6524640
33.4290898
3.1813838
15.9882277
3.8865923
2.8426539
19.4357532
11.7183529
37.7106201
31.8871041
173.1883880
5.7287334
27.4312014
170.3798369
21.3520626
13.8030318
20.9170820
10.3061389
1.9469705
2.2892513
17.1793914
11.9065761
12.0582252
4.6242871
15.2238064
12.0988989
50.0014719
42.3769150
13.8436006
6.0027274
7.9587410
11.7177741
41.0872758
12.3148351
2.5982374
19.4704503
7.2204117
8.5239463
3.2702804
9.9549861
11.0942362
174.6087386
7.7055624
10.4984528
14.2600801
9.2902308
32.9543929
11.8825767
4.8379219
21.6258482
22.7980589
23.4054668
8.1862499
6.5084284
5.5448664
6.5729191
17.9981551
33.8114348
1.9288318
2.6658649
6.4948473
3.4069333
19.0323358
12.2087557
5.8409693
5.0865236
3.3305856
10.5890684
12.3832666
7.7652532
9.0794460
15.3426906
13.6206993
2.1750219
7.7384773
7.3382818
41.6771282
12.7578506
2.1445529
10.2405800
2.9413812
0.6987457
9.5489333
2.9943350
4.1182030
2.6860971
7.8448241
3.8833336
1.6183454
5.6056319
3.0518984
8.2838644
4.7011186
5.0125080
5.1968146
3.5154978
21.6085966
2.8207979
5.8830039
7.4152943
2.5271415
6.2309962
2.1444912
6.0497210
6.2471551
17.3726274
5.5079687
4.9559644
1.9173304
4.5222483
7.7156215
6.7269485
2.6471530
2.9564439
4.3039633
1.0868965
0.3317672
7.5211691
2.1454366
0.8247469
5.5606606
4.4667560
6.3257533
13.2249381
0.4367464
10.6333213
0.6845852
19.4091009
3.9856962
3.9826275
6.8315731
17.1016111
2.2988912
6.6989006
2.4490221
24.5683114
0.8885833
1.8451118
1.1770430
4.5339991
8.4492780
7.1070468
12.8690210
22.5440656
10.4650329
0.7935176
1.4760169
1.2666722
2.6265975
1.5099180
1.3425215
4.1761428
2.4296804
7.1745782
2.2325132
12.4323026
15.3893592
1.2788539
11.7943739
5.9082924
2.6998227
3.1124828
12.5924020
11.9409563
2.2108667
1.6987792
10.2428683
8.9983123
3.6420913
1.1383166
1.2563171
3.7645177
1.2007330
4.9555755
3.2331609
0.7470241
0.7072147
2.1199224
1.5942760
3.0250443
5.7501097
0.5758284
2.5638802
4.4467237
6.7427937
12.8304493
5.3249036
3.3185053
11.0619698
10.9652417
6.1340290
7.1886626
8.1916872
2.0857466
5.0857696
1.1836662
8.3175190
5.1619175
2.4574817
1.2584875
9.8463751
3.0805641
6.8172203
6.5701385
6.2845388
2.3962992
16.8717372
3.7764568
12.2793871
30.2404659
4.8141500
6.3188748
6.9933497
6.7664097
25.0031682
14.4031682
11.1748290
15.2016733
1.4025000
11.4298040
6.0980757
2.6960665
27.5358172
6.9933288
44.9650668
40.9758124
19.4965519
28.7739958
30.7488151
2.5340542
10.2200685
23.8510838
2.8669397
24.9236728
30.0174239
5.7693826
92.4496148
78.4219563
87.3436848
94.4847498
127.5376003
85.4495507
7.4092617
96.0756866
57.1261645
11.2465666
162.7678707
49.0742343
90.3840442
86.8654487
10.9651658
25.7127023
163.7474776
16.9579864
8.5574792
179.9023086
49.7599648
19.9752037
20.8841611
22.8350554
14.6773644
55.8869896
16.5467178
22.1528714
27.3938808
150.0479220
42.1764328
8.1265018
21.9764493
130.0417776
14.1822270
31.2328259
77.4929220
2.3744337
5.5234025
108.3976314
111.2604847
83.3019073
3.1067274
21.5262021
7.1077181
20.4021836
11.4744965
83.8090458
51.7938706
25.6103039
36.5990879
21.5911470
26.1388488
27.2278711
5.3118400
7.5197696
3.8636561
4.9909286
3.8399939
7.1272627
1.7661847
6.7306758
5.2138363
1.4221041
6.6422563
26.6332192
16.7692408
0.6851431
4.9592064
2.0679006
4.3892339
20.4080165
0.7547865
1.8297604
4.3911358
4.3866056
3.5461594
19.2672808
20.6644554
14.0212714
5.8899581
0.7310597
0.4880337
2.2110924
5.2839906
8.8892021
2.6739589
14.1529880
3.6831591
1.3356558
2.6448936
2.6586096
0.9550037
1.8704097
2.0890367
7.9109915
8.5689075
11.4550886
0.9479213
2.6959533
2.6647491
2.8893952
9.2457081
4.1446152
3.5447492
2.6344948
4.9607865
16.6648830
11.9677068
2.3874085
14.3064532
22.5246413
25.7978157
5.0368819
10.1196278
11.3621360
28.8561944
24.4467963
9.9184495
10.7118134
4.4153822
5.7579836
1.6121541
13.7811500
8.8625083
1.5411580
2.5329702
10.4926641
10.9461959
6.4992049
15.3041859
9.6982866
9.2270702
3.0843310
6.5000879
10.9194776
4.4446242
8.1751507
7.4189335
5.2179742
5.0235049
12.2276720
8.1279247
3.2168581
1.2722044
0.9954426
11.1800890
6.0689341
17.4992544
2.5382200
5.1858506
11.9439829
5.9773116
10.3298766
9.2390021
3.7846835
7.7323830
14.4401258
15.1784303
16.9536412
2.4606168
53.0909383
2.4560100
29.7910555
8.3835104
3.8279272
2.3463251
3.6294882
12.1714879
6.4595842
36.2562491
0.7117653
15.2749561
0.4763691
3.6175696
6.7059916
6.4130642
13.1091363
10.1769056
1.9005750
21.4310777
2.3114401
11.6173561
2.2615461
6.6612142
3.9263984
5.2604128
1.6278208
8.6138315
58.0891296
6.2478454
14.3628098
19.7039080
6.2141933
12.6220189
11.8493399
19.3375338
12.0802561
9.2823973
6.3532958
5.8323146
10.0481068
33.5688264
0.5071516
1.2882783
12.8729623
11.7435482
8.8338301
16.8700452
9.8156769
15.9704112
11.8440488
16.0722910
27.4432620
11.0306452
4.4129246
6.3840202
6.7774242
6.0689855
7.0602206
10.0235380
18.2671379
56.3199957
10.0105298
1.2254660
6.7657631
1.2776686
7.5019676
3.8828855
8.5373186
15.1793124
15.3907644
3.8376925
2.6709577
1.8195534
3.7216121
3.7351354
1.1626665
18.3803709
2.0199851
13.5410978
1.8931975
2.8771074
4.9885876
2.0404391
26.3957799
1.4326803
3.1834271
14.9656711
3.6187591
2.6265605
2.8637851
3.4605182
1.8257260
1.0732968
12.2464759
3.1386523
2.4562868
7.9465053
7.0275669
5.6678885
4.0392239
2.9299735
33.0464467
20.7423401
14.1025764
8.6938860
17.8920089
9.2682787
19.3877971
4.7576346
14.1701037
3.9179488
44.3862248
9.0775469
5.4803700
10.0610797
28.7551033
19.2615247
6.5233895
60.1967100
38.9731041
3.1517756
26.7976713
16.4756163
4.5266574
8.3919968
10.3771248
8.9693539
26.8593396
14.6755636
47.1097651
34.5410681
30.0653199
30.8458572
22.5803778
1.2109050
19.9528035
8.7209564
10.6094626
8.1739835
2.5071520
0.6102574
1.8945948
43.6281581
28.0591628
3.6681334
1.4507591
18.4197880
3.4707709
43.4923245
98.2311108
10.4114159
10.6134001
1.9608483
175.6314709
170.9037800
4.4968357
0.7982988
5.9669822
64.3077709
171.6601951
2.9015107
7.3987718
4.3801110
4.9073456
2.7604824
11.8095260
3.0431973
6.1289241
4.1248182
9.8414362
39.8045470
10.7635321
7.4387668
6.9163123
3.3437248
5.2820533
163.4529819
0.2594086
170.0894848
114.7968792
104.6021552
132.7513801
9.1272239
101.1682673
5.6921925
90.7731514
3.1494226
1.6544064
8.5796998
3.1988973
12.0132359
124.5201642
4.9835117
4.1672753
152.5976260
126.6442795
1.3657533
7.6526961
9.0225569
135.8041661
3.3625179
1.6459432
1.6649767
4.8379066
167.6397030
1.4920401
144.8805772
17.5867059
3.4463908
6.4796338
1.3197939
30.8860065
149.4982332
179.9364494
178.6440093
1.0971619
3.1019186
83.3340606
43.8530473
26.3173192
5.5434956
2.8921960
2.9602799
7.0030436
2.0486438
5.2355471
2.8483626
6.5115171
114.4336992
4.2768031
1.3644287
1.7433011
1.1217826
2.2788555
9.0216324
1.0824181
3.4978096
1.8743339
2.5432840
1.3226067
2.4745112
1.6580607
1.7258471
0.3225662
1.5680920
3.9555567
2.7518120
0.4063206
2.2321597
3.6301877
0.4671130
0.9171158
1.2088587
1.2916792
0.5878848
0.3803653
4.0938104
0.3157078
0.5991687
1.7041989
0.8890304
9.0460880
1.8971996
1.7372732
7.2824967
1.7793191
1.0581136
2.6910830
0.5092262
2.2549307
1.4440924
0.5931584
0.7967556
0.4528356
0.3679379
0.7281573
0.4547723
1.6426457
0.9326969
1.3149384
0.8722683
0.7457321
0.2687770
1.4573953
11.6745667
0.2399889
4.5025254
0.3251792
1.4813931
1.0575436
0.6043734
0.6224017
0.5365923
0.4395079
0.7464445
0.7352622
0.9486631
2.2212926
0.2215010
0.8471907
2.2803748
1.9419526
1.3822647
0.6914132
0.9122663
1.6582963
0.5494492
2.2877215
0.8848865
0.7254528
1.4155682
0.8805455
2.3026214
8.9630280
2.2046788
7.1796244
5.2305806
5.7763134
1.7558660
2.5384531
4.2455006
10.5785394
3.2690070
2.2689084
0.5205866
0.6123602
0.3178762
2.0297953
0.9673628
2.8540870
1.0763341
1.2220965
1.9452830
1.2326090
1.3790039
5.3078986
1.2837071
1.6566213
1.3823160
2.3480056
1.8499961
2.0187013
7.8276350
3.1365779
4.9234026
0.4662950
1.1970163
4.0599510
9.5008332
2.6172210
2.6737130
0.5489147
4.7607695
1.0692693
1.6259775
3.2752294
3.1505009
3.8340466
1.1536025
0.9459363
7.7976088
8.1786014
4.4076917
0.6970787
4.4296414
8.9832239
5.9673921
3.8209712
8.1033278
13.7056751
2.2724175
23.2332472
29.3847508
25.4202797
5.0902599
10.6084101
3.0865141
17.4029601
2.1609954
20.1087663
13.3036648
52.0096416
19.9823825
22.0664624
80.2535490
8.1493845
43.9947373
87.5927447
27.1461395
39.1645828
57.1091418
177.1795226
89.2027517
151.2805540
139.3981663
79.3692756
124.4802662
171.3898106
79.3196701
118.6064051
125.3686684
28.2118159
81.1709295
112.7430846
88.0274497
29.4861396
91.3208175
46.6165245
94.4168510
174.9143160
80.4256969
100.1134080
179.4535975
8.4244366
15.7055545
4.8351109
87.3752168
70.1746540
6.2774541
4.9367139
2.5782249
12.6426006
3.3103838
3.4417980
3.7259772
12.7097656
20.5415248
61.6331659
179.6704910
0.9028616
6.2226148
13.0421339
3.0161021
5.0901974
16.3162042
3.7922573
37.1268222
35.5216891
81.9957214
7.0597433
15.9434689
11.7384493
8.9683855
5.2855695
11.4763066
10.9749018
18.4019444
18.0460999
3.6876585
26.5026535
23.6117883
8.8466530
25.1833594
5.0636689
29.2595662
59.4326027
16.0504440
9.7789150
6.9765225
2.9084576
7.5719575
10.3197732
6.4603871
178.4565424
5.1869321
37.1465996
10.0885902
3.9000062
2.9569099
9.5884358
2.3003453
8.6100229
5.7209254
19.5140820
12.2220899
25.1706777
13.4444770
14.2753366
2.7440900
8.7633312
4.8917368
14.1567753
13.0428824
1.2277912
5.2387628
2.7631623
5.5035503
5.0576414
1.4353426
6.2826907
3.5320184
3.3444559
0.8500161
12.4389474
28.3245893
5.0924406
17.6731904
6.3727836
3.8760539
6.9100576
5.5931877
2.0714624
5.2662999
9.3808571
12.8475871
9.0266218
3.9067830
5.2461830
2.7918633
19.5324573
1.5093940
9.2462873
2.9613968
32.6560741
7.0750562
3.4928561
12.2286274
2.9188114
1.5336346
4.1568585
19.7066320
179.2668798
9.6109344
10.4824870
36.2292051
8.6575134
9.7465113
20.0315786
14.1119435
16.7757366
7.9078310
10.7075304
6.8948611
10.1099781
18.1575283
8.8363868
5.0296244
6.7249220
19.0338648
10.5762245
10.5740300
17.7572483
22.3870790
52.6691749
11.3619491
46.6704944
11.0136893
27.4617894
3.6555649
11.3819080
13.6839192
12.3470216
6.2870163
15.9706147
14.1311598
2.1537726
28.6916391
5.0274651
6.4070160
4.5603377
5.1106564
20.9166152
9.7450751
19.8154171
8.6854069
7.8568676
4.0869615
15.3490065
5.2172964
13.1736011
10.4070269
5.6942458
10.1701057
8.4629140
6.6975884
7.3822935
14.4862621
2.6761351
2.2680522
7.0451494
8.3853247
14.0331537
17.0426086
23.9280569
11.8940946
16.2316423
8.9018213
12.9062605
36.7296224
3.0335546
14.1070784
11.3513056
13.2081636
1.5764910
4.2937220
12.0232858
8.2600195
11.6278357
6.8954102
54.5406825
12.7295117
5.8144964
6.7513551
6.0059488
19.2475953
6.3394687
12.1251633
9.5901620
26.1573243
4.1599911
15.0426731
6.2419357
4.8720392
21.0866089
12.4562362
24.3741331
5.5763940
0.9916167
5.7012718
4.3430397
31.8036934
26.7299839
14.3510481
21.3114274
9.4613974
17.9340867
7.3481077
1.3128226
9.6331937
50.9694274
5.7146756
8.2969526
6.8862573
50.3424129
13.7892109
10.0963290
17.3346136
14.8219131
5.2518246
10.4629850
5.7923641
8.6643766
22.0681943
2.8959391
7.0731877
14.1907938
8.8315981
2.9040292
4.0793406
5.3435540
15.0475860
15.9919631
15.0347620
11.2072166
2.5594839
21.9830575
0.2184983
21.4756450
9.6891304
35.8157498
7.5372213
16.8796932
2.1345966
4.9718194
15.8493629
2.7763386
5.5135217
9.6792134
7.4136649
6.8428091
9.5653501
15.0492515
4.3562416
3.1916528
1.4346446
33.7563269
12.1229307
6.9159201
36.2518331
15.3079232
12.4042893
4.7207972
9.6244725
2.7706321
7.6281161
1.2183649
4.7713552
6.8594886
1.8968303
2.6068832
3.0128398
4.0718157
2.9091227
21.6294412
12.0069660
7.4215004
61.0062612
18.6418818
5.2323702
12.1556040
24.3840888
17.9299815
33.6716097
8.4124858
11.8302145
3.3073900
6.0315986
1.1615596
12.5355252
23.7869996
11.2873324
10.9531602
1.8926416
1.8699286
2.4304779
2.6103077
9.1266119
1.6787006
3.5777507
4.8076969
21.2350091
19.4260489
15.7451160
43.0609417
40.1405648
39.8228630
3.4894355
10.3366012
18.7298692
25.4286771
3.7244111
32.6784575
4.1502251
7.4288314
123.5079668
28.9757837
105.4318155
179.7082301
31.1080080
179.2773215
28.8299737
0.8978872
6.6684232
65.8590108
110.9852798
19.0539536
12.7764750
15.7257845
8.4529996
6.2386428
4.3209627
13.7310135
179.3472170
175.9469237
146.5730574
138.1658488
171.8561726
153.3909369
85.0444095
169.5322535
179.2959413
1.8599131
3.2045876
7.8446461
18.1892274
37.0739700
87.4432630
109.0736577
74.5826053
95.2234873
85.8627944
176.7543515
172.9415056
94.8203933
111.2056131
28.9277201
109.9457939
63.1370399
91.6492880
85.2939257
165.9567789
179.5683639
124.6899544
143.6886868
135.1083368
162.1665303
90.2045591
92.7193429
116.6862090
159.6379269
167.8723042
37.1904644
93.1413896
161.5257260
161.6177577
161.0978331
166.6264838
87.9011217
23.8832464
149.3580648
18.9804500
172.8350182
152.1547713
169.1199868
137.1628655
122.5327415
13.2689177
179.6255014
93.9743765
166.7056077
81.4149299
96.7504174
162.5408863
85.0638775
168.8478126
34.9927247
17.1632921
4.5693001
22.6570327
4.9478161
19.6961934
5.5089216
12.7511536
19.1767584
6.5190031
6.6465132
38.5068509
10.8038933
4.8995409
12.2782851
11.1165037
7.8256272
6.9568024
5.3974397
5.2324705
21.6345616
1.9501092
15.5550430
117.9537858
56.9379901
16.2779450
2.1706083
15.0020224
6.1002890
4.7033822
109.4449917
108.2258579
97.6800805
170.7414300
5.3758454
8.0197980
8.6817953
165.4024319
171.3634641
176.3520437
173.9810887
8.2407038
24.0152607
165.0002113
18.2177968
176.2228284
89.3290207
1.9489143
3.5037676
7.4315281
5.6599227
4.8463289
36.6692827
11.0224885
40.2980596
12.2706332
26.1270720
26.7057624
7.5620839
3.8172930
10.1475560
3.8748252
3.8325748
2.9736741
7.5468372
1.1614866
14.5334175
4.5456920
3.7021362
1.7696029
6.2626649
1.5672807
4.0371972
4.5005224
10.3386825
3.0277001
1.2683955
9.1580494
2.6260095
9.0979960
3.3081972
1.8747708
3.0405489
8.0039319
1.1337206
2.2594840
7.2408641
2.1147158
12.2017659
4.7495673
7.4320772
10.0900835
18.3113197
4.6174337
3.5854215
1.6509081
3.5769171
2.0883347
10.1130505
10.7507313
4.1904101
10.2700488
11.4562235
6.3629441
0.7418592
21.6767064
16.2496282
1.0909717
21.4271410
15.4893592
16.9180822
16.5327500
16.8543873
16.3626843
13.0805051
16.0256457
18.8947915
27.1160277
26.7829742
24.2635022
25.5029856
24.0047385
21.4184039
7.9480940
38.2992330
19.2668435
14.8044383
4.1909380
7.3031510
26.0018183
27.7003208
12.7197934
22.3970013
22.9380659
11.4247203
9.5220717
50.9020537
14.0922985
17.5288608
71.5438617
25.0480533
128.7629854
5.2981898
24.8491625
2.5582569
9.0789206
11.2468213
10.4118189
19.2743445
4.5735085
21.3958500
11.1130991
138.9839987
63.8179859
116.6959656
175.9074613
7.2407032
31.9526059
62.7675280
57.0677982
127.5707180
154.8644314
165.7764479
166.8572475
9.3158822
159.1563023
23.6083042
167.7358634
11.7987396
6.7395575
175.2113995
159.4585852
4.6394814
179.0048902
152.5603196
12.0254039
156.1234263
158.2863764
157.7985515
154.5855057
156.6147691
156.3203896
161.5612110
157.0520332
156.2583967
12.5715447
7.5599147
2.5423182
153.8938077
156.7447543
167.3495521
165.8759899
8.5153050
49.9423210
21.4382663
11.0007677
12.7169518
17.2477482
18.6267197
176.8276377
20.5597729
15.6389636
170.5394266
30.5997428
8.3911914
126.9666993
120.1118278
137.0741397
23.7133443
32.0591262
16.1946946
34.3206232
135.3288371
26.8610561
7.7386124
40.4478393
4.2168280
95.3414389
17.7903804
7.8298550
7.9197057
26.7288065
19.2676529
12.7048817
151.2574744
21.8934363
6.4383554
62.3274968
177.5593402
179.3671901
28.6883747
173.6608848
9.5667226
7.4817821
41.3357887
168.4841005
2.6338414
2.8381196
24.5646746
77.0684404
135.0677744
168.3461790
60.1450480
30.8685192
23.5957426
147.8453638
178.2609086
177.5246651
17.4008012
153.9218250
144.1783505
9.4835523
18.3327050
115.1168444
27.7505079
173.6455251
171.8190614
23.5034280
27.9596307
13.3598272
8.8017756
9.9555675
6.5570784
13.3471698
11.3498042
34.5646447
11.6294910
34.4023246
12.4296040
17.1511853
6.2937709
15.8070985
6.9598237
20.4558773
12.9720570
22.2746408
4.0759803
8.9021719
6.4134898
15.0229581
24.6194258
7.5323699
4.3899283
23.0372771
18.6555707
25.6389009
9.7854066
3.3139251
12.1078824
6.4457363
18.9045262
18.3202676
13.1617480
26.2863576
31.1992712
7.3873139
10.6228298
9.1105087
24.8975413
10.6045506
4.3124517
4.4179976
7.9271038
12.4339973
51.8735073
16.2356880
19.6016451
8.1526669
1.2200867
14.1165645
5.3838741
13.5528152
8.3052785
2.5421923
1.3435794
4.3962618
4.5731529
26.8192757
1.7668880
5.5641771
3.3666341
3.9323239
7.4808094
18.4397564
4.5466526
12.0001492
2.9310313
15.1122611
3.4680189
10.8558464
4.8547877
3.7450510
13.7166240
3.5568950
5.3481991
4.2331555
10.4196163
4.9643943
6.0662033
7.9082429
4.6222702
16.8989491
2.0870928
12.9904299
3.9984484
16.0652904
1.3561403
10.8744498
17.5315689
2.1594092
4.3452861
1.4704846
7.0332835
3.0748012
6.9823128
7.5964915
10.6768396
6.0225692
12.5186710
11.9012791
8.1594074
10.5061718
6.8223850
10.0485720
9.3677222
6.8224422
5.0842179
4.4850744
6.4508470
5.4267542
2.3351314
1.0261684
5.8648829
6.9527717
4.8081436
2.2215619
10.7618754
6.5542040
3.7300234
1.9883947
14.7279604
9.6088149
18.3907389
4.3229848
12.9321764
2.5714694
6.6609731
1.9977931
11.3948461
4.2957501
11.5362638
0.7994994
9.4935980
3.3524702
5.7457084
8.4498493
14.4214485
1.0664281
15.7059578
27.3847798
14.0874277
9.5789271
24.2616906
3.4450392
8.6587457
12.0362287
4.7085319
11.6302019
11.4841348
15.5160389
22.2865067
21.2856204
12.8291396
26.3444803
35.9452025
25.8068885
21.6874358
61.6229945
24.1902232
14.8565242
14.0644240
7.4697374
19.6781485
14.9530739
6.5224200
7.8148391
60.5297533
5.4187978
6.0747803
9.8136374
4.4406630
6.3644367
8.8493251
7.8967621
22.8999076
24.4129622
10.4547288
3.8157756
5.9205613
22.3690415
14.2759984
9.8817620
2.8273994
10.4395696
11.1168837
5.8158433
6.5481750
4.2613810
5.3707638
4.1475040
12.4369786
8.4449648
3.1752832
1.5335584
3.3496022
5.5236246
3.5936191
9.3428853
4.8065261
7.2206340
0.9381070
2.5150041
6.3822464
8.7097230
8.1604242
9.7603299
9.0776539
3.8817229
5.7781927
2.1342944
5.5639456
6.5656115
5.2792201
3.1472536
9.9624620
9.8674530
5.7973270
2.0909279
7.4692683
14.6124116
4.1509428
9.8726395
15.3222677
7.6867716
2.0862067
14.4729553
9.5075352
19.8720877
22.6746514
16.6952871
19.1080078
45.8700684
4.0693154
9.4140866
13.6421218
22.0869151
9.8653019
8.7129959
7.1859270
5.0013421
36.9927553
28.8549984
83.5684112
9.8831478
7.9415109
17.4635362
20.6375635
25.1128066
9.0849772
20.1728888
11.0946274
10.2414588
179.7598043
20.8002834
17.6432392
3.4536244
3.6323885
3.9519342
4.1004944
142.7003371
9.8964498
68.8901298
1.9904678
0.8345382
4.5699769
7.2668261
28.7741256
2.8401885
2.1771917
14.2361114
0.9118783
2.0338394
3.0483725
5.1874803
1.8824125
29.4761135
0.7793481
6.6920905
9.6587426
3.8880995
7.8621667
4.6515545
10.7912753
4.3665006
14.0851791
33.5826695
7.4652352
20.4101781
4.0461416
179.3449251
17.1819040
2.9503630
16.8626295
176.2761067
19.2915668
179.8101737
31.2729507
16.0853334
3.3698113
3.5249644
2.2648534
3.9347390
4.7291907
0.7037710
4.0293908
5.4911507
4.6154339
7.3584112
2.5428931
12.4487601
4.4573583
3.0321681
7.1833616
0.9867719
0.7573713
9.0485957
4.0232964
3.3088872
14.4819680
11.6575512
0.6732106
2.7628410
3.3487000
11.4939195
1.5348184
1.3903776
26.3210559
17.3094025
5.4877844
2.6194387
4.2539184
5.5193807
5.8708960
1.3756555
3.8411039
3.4821567
2.1772776
1.2824724
17.3046502
1.4832927
9.1890750
0.4862625
2.4418366
2.4780013
14.0524757
10.8703659
7.9106354
4.5950566
1.6210931
14.4670109
16.8962910
19.9664080
21.5110124
6.8624965
8.5211845
6.3448879
1.0359130
6.4374432
1.2765712
5.4518926
2.9824218
7.5912410
1.6278856
5.7999096
7.2345540
8.8405993
2.2781323
13.8755596
4.0225721
5.1808722
3.5500107
8.6937536
5.2115654
30.6748982
16.1970734
6.0689891
6.9688227
7.7880393
12.9391444
20.5926249
7.7233066
4.7903292
5.6656145
1.9981937
2.1859715
3.4813753
9.7490329
20.1068290
2.9403534
2.6959223
5.1387098
23.2907974
9.1486910
10.8856312
6.0011239
2.8699756
24.8560955
9.8755253
8.8269206
6.8964511
7.1249925
1.3630766
3.8299202
68.6130048
3.4714730
7.7002183
7.1281509
1.5293499
10.4861899
6.1399231
7.8732614
6.5742739
6.9989220
8.0234693
5.4151147
8.0595395
1.8275377
17.0021474
173.6656330
4.7317558
9.1981864
5.1768976
5.7098494
0.4259622
0.9949870
1.6393181
12.1771401
137.8977828
49.9137231
26.1213550
145.1439081
179.8464641
146.8745077
178.9021624
168.8420486
171.5993295
172.6988980
26.1202121
140.1023494
8.6854271
14.6170777
34.6973797
20.2805671
7.2626038
14.0037718
7.7751332
23.0026863
15.5747119
15.4423675
5.2860315
0.6485491
19.9709762
14.7474425
10.0364703
22.1367081
13.5769276
2.9964927
8.3175400
1.8621715
14.3588184
172.8929075
22.7305569
7.4739702
6.1095446
10.4264700
3.2624838
4.4628419
16.4940302
9.4191481
11.4350966
21.7440420
13.9561725
4.4003408
14.5153935
20.5453180
19.3344019
8.5575571
4.7935625
6.9958246
19.0311052
19.8003798
25.3931805
8.8360944
13.7244762
15.1794979
179.2280496
4.3133991
18.2615595
33.9093920
12.1756601
7.6461738
33.7582272
14.9205844
16.5133459
12.9920261
10.8350374
4.6313279
16.7841670
5.1439342
25.4618721
6.5063408
4.5129517
2.0631059
15.2457196
9.1066321
4.7873028
6.5896640
15.1387116
1.0950599
0.1853205
8.5925684
3.6594984
8.8031359
7.8174467
8.8102906
8.7425309
2.4018617
3.5887470
8.5162242
16.0420485
15.9873033
5.2242414
3.0221647
7.3420028
9.1438816
7.7669819
7.9649707
10.5064886
24.0777560
15.5747901
8.8419604
16.4464292
33.3304796
1.2429360
21.1313665
1.7627366
13.8931335
10.0314345
9.6959406
3.2502640
6.3135354
13.2060767
12.3069639
119.3677218
45.7200393
19.5967716
81.7132716
11.7544665
176.3934555
2.1382135
36.5143336
166.9993516
21.9895634
18.3489463
22.8585083
40.5506494
38.2647508
18.6445682
10.6767851
15.6258147
9.7692405
29.6898476
18.5780341
2.6479437
36.6387371
17.6300650
13.7601797
3.1904868
4.4861431
7.2929806
8.2564627
2.3261580
13.1793265
24.4236375
179.4775241
2.5607536
14.7659816
19.3540256
9.1285290
151.3622672
33.5832490
22.6024389
5.6458227
1.6386217
19.3788880
15.7006308
6.4077378
22.7117003
0.8591626
26.8786786
5.6134071
23.7195052
37.6388294
15.2642918
25.8163098
31.3101550
26.2699681
33.5746312
24.2696071
26.6023409
16.9467485
3.7325955
5.3683825
6.0237780
26.8698567
3.5031790
4.7256485
3.6694188
5.3048335
3.4977752
3.9768703
5.6719118
9.4395019
22.4705981
6.0642273
2.3137237
16.8873149
6.4567084
25.2721413
2.7484657
2.4062544
10.8549437
15.0654907
5.3630043
3.6619429
6.6403697
14.6880705
1.7619498
4.4069737
4.3668662
2.6251441
15.2431868
1.6812583
1.4704162
4.8573673
10.4703794
17.3980865
1.4379137
2.6962905
6.9626812
1.8429076
2.9231198
6.1519715
20.0314697
40.9446447
2.0601847
4.3692905
5.1349850
2.6884260
7.1587229
13.2053932
3.9999420
4.1477643
4.4859673
3.0051161
12.7722261
8.2836967
21.3839600
11.5392871
3.4162717
3.3044206
16.0636193
2.9342291
16.0786010
6.3344900
12.0380999
22.3229125
7.6488668
179.3168111
30.3675364
4.9565130
8.1891509
56.6433848
25.9936976
175.1725890
28.6793536
2.5087015
171.6989420
43.6417506
13.7556947
84.8590691
12.6845580
39.4903530
19.3272785
44.0621260
0.9840829
8.3026812
65.6652962
15.2853896
94.3704914
179.3834229
141.8930032
7.2404473
37.9962366
7.7515850
3.0220880
22.0815373
100.6192389
7.7164337
14.6356211
0.9139475
8.3816971
4.8671645
6.1938498
3.0843742
9.5462571
0.4323359
1.1445525
4.0535240
7.2513279
0.5631267
4.4301080
61.7263097
0.7946439
4.1130741
2.7668018
0.3390737
0.2110613
3.5814083
0.7527482
2.7123646
1.3524221
1.3353391
0.8547924
1.9882615
5.7851300
5.6832381
3.4689552
7.0581826
2.2778473
10.3002653
18.3035281
7.8224604
9.3661860
14.5321478
3.2885808
4.4365308
7.9148920
7.6286021
8.2994491
22.7866060
80.6239269
6.1509496
44.7930218
44.4009692
38.9741456
4.0442286
7.1514563
6.0875676
7.3044940
3.8678199
0.7170999
0.9848735
4.0847604
3.1957165
1.1067031
1.2702531
2.0975701
2.5901417
7.2817985
10.3870395
1.3903361
2.4834886
1.1020600
5.6661228
2.4188247
3.7794722
3.3836224
0.9741143
1.4707701
1.2503281
4.3555472
0.4149829
7.0663743
4.1382751
0.4216916
2.0592435
4.0054644
5.7636664
0.7300729
15.5167314
4.5489137
5.0629921
16.6432116
1.5191797
3.5486422
2.3985907
0.8064274
1.4446299
5.0121595
1.2122062
1.0111522
13.6391172
1.0439744
7.1935088
3.1013240
0.3322120
8.5735734
2.3042942
6.1267841
1.6349557
3.5872269
3.8024120
7.6485776
8.6834207
0.7052815
0.4484219
4.3905694
1.4505943
4.7034268
1.1615420
3.1499309
2.6489419
3.4179593
1.9143575
5.1458490
2.7589665
2.4581084
3.4391090
23.9535416
6.9946377
8.7618094
114.1268135
9.1212675
15.9634240
167.5461728
166.6259495
57.6173180
179.0058774
176.8134730
65.7542311
65.4385662
9.9714408
88.3578575
171.2867441
164.8949640
169.8124112
5.3607380
3.0256127
23.7373004
6.3505751
16.9270860
34.0003969
46.8023949
17.4799122
32.6026063
5.4704817
129.7964103
8.6786467
21.2740738
179.1822467
18.5033600
69.8890401
64.4737183
177.7307068
10.2798985
33.6783528
22.7287577
26.6691533
57.4678849
60.1569177
158.8469238
173.7032859
179.4734122
24.5633178
58.6943744
49.8866838
9.4186016
63.6705411
1.0002340
32.8044682
31.2287439
44.1401134
6.5129884
46.3877519
41.1305052
15.1817644
44.3915114
0.6205864
22.3202813
5.1957273
3.5551490
26.3276760
25.5471556
8.4064330
24.3696804
37.7097868
31.4821914
6.9410453
27.5184552
24.9023885
7.0822173
8.6361939
16.6357505
19.8401799
8.6080798
18.5926212
42.9200464
14.6317236
12.3892139
9.4856713
6.8970462
7.7445321
9.1310741
2.0566259
6.9591473
6.0345291
3.7522814
4.5212144
4.5661102
3.9092641
2.6880525
4.7443507
2.8722105
1.0656931
4.3516571
0.4801513
4.9293346
3.4306367
3.9340299
3.6849316
3.5976698
3.1444556
3.3119482
3.6899078
2.7798780
4.1622882
3.8544543
3.5270244
3.8580235
4.2686698
3.7174153
3.5962251
3.9401351
2.7124538
3.2292280
3.2179751
3.2872524
3.2722490
3.0653019
3.0707967
3.9250949
3.2844483
4.2081691
3.0102931
3.6419401
4.4360069
4.6324602
3.7500978
4.2433174
3.4590459
4.3679412
3.3030893
3.5282733
3.7048429
3.3786376
3.1924133
3.4778246
4.4909308
4.1576276
4.4191198
3.1383660
4.1646023
4.5496244
3.5680159
4.6721586
4.0974885
3.0871842
4.0495634
4.6381774
3.5411872
4.6014901
4.4329194
4.0806602
3.3002606
4.2654804
3.7763602
3.7399803
4.3274927
4.3185772
3.7098545
2.9586900
3.0403667
3.4841275
3.2054285
3.7389538
3.8096084
4.4045116
3.3221674
3.4004509
3.2393789
3.5460234
4.1802272
