4.3501532
2.9310911
12.8266110
8.4210905
6.2471918
10.4399906
4.8828059
2.5617274
6.3721955
6.0838615
5.3959739
4.7586033
6.0677942
7.4070242
10.0717693
8.6361074
3.4717367
6.0775287
3.9014458
1.6458032
7.2900656
4.4066647
9.5804190
2.7434267
5.7308655
13.6490409
6.2082513
17.3369467
6.0330626
4.2631580
12.0662306
0.9654335
2.5085093
3.8606973
3.1746767
0.4930338
8.0671969
1.3328019
1.3322996
4.1395772
4.5660369
2.6641069
2.8057709
5.6919763
3.5155808
2.2099188
7.3031870
5.5470540
2.5422550
2.1501726
2.6964889
1.2074378
2.8282274
3.3833361
2.6757678
4.2910240
1.1977018
2.5161719
1.9523153
2.0681937
2.4838179
3.4430723
4.7202253
2.0922288
3.4147359
3.1645296
1.4990901
2.4908470
1.0527050
1.6455502
2.9748364
2.9279932
0.2336279
1.7382119
1.4318533
1.4806601
1.2176870
0.9186724
1.9661255
1.1953889
2.4446191
1.8188043
2.5549618
2.1645482
1.1703870
1.5905434
1.2932991
2.5510716
1.2760754
0.8157440
1.4279909
1.0024010
1.2368695
1.8864398
3.5356142
1.4854996
1.8204232
1.0109279
1.9754287
2.6135739
3.2024324
2.3923441
3.1087996
4.9842640
2.9321239
0.8799027
1.8899977
0.9931960
1.1419915
2.3605618
2.7924495
2.7583863
4.3702854
1.7366886
1.3315068
2.7148701
1.6400446
5.1859476
0.7547738
1.8490130
2.2035553
2.4992272
2.3982877
2.0653760
1.7086683
3.6972568
5.7074390
4.7963468
2.1505051
2.2916843
4.5000024
2.2996557
4.4150490
1.2823986
7.5577901
5.3580331
2.1729936
1.7722839
3.4510209
3.5542025
3.4471176
2.1897248
2.7787231
2.5165489
4.0230522
2.5622674
1.3526640
1.9976457
1.7794433
1.7196168
4.6478325
3.6175362
2.2979242
4.1141162
3.7031973
3.3963870
0.6845694
9.7958935
10.9195223
5.8745316
1.1060569
2.2808269
1.4563590
2.6447801
2.2920055
3.7487788
3.3556205
2.6708733
1.4689714
4.3440051
3.2778947
2.1363247
2.9839718
1.3292228
0.6507549
2.9293283
1.7415553
3.9391366
2.9456093
2.5415806
3.7814272
3.9636000
3.5617210
1.9915877
2.0281004
2.7891342
2.3242109
1.0608586
2.7216153
2.0701941
3.2544894
1.7312440
1.5046192
2.4929960
0.3708450
0.6546267
1.2621004
2.2253690
6.3099458
2.4828424
1.9083277
1.5040295
4.0111487
2.0210302
0.6817088
1.9416339
1.5645992
1.4137947
3.7496647
0.7643419
2.9077300
1.2539756
3.4238189
3.4544861
1.5523938
1.3310457
2.8652019
2.9121904
2.2281965
2.0456290
1.7440044
2.0226714
3.8405293
3.2643704
3.6087316
2.3967152
2.9503958
2.2066205
3.8817052
3.0967081
2.2754161
2.3851294
1.8363568
4.9537361
1.7763166
3.4660855
6.3091864
2.0708930
3.1834941
1.8423861
0.3200987
3.1926554
4.5272900
6.2750255
0.7089473
0.5961550
1.7495755
1.9542975
1.8635960
3.0915542
1.4084413
4.1915593
4.1398142
2.7839008
0.9694093
8.9260132
2.9304735
1.4778707
1.4957997
1.0827020
6.7463972
2.1394376
1.9849987
2.5147190
1.4179519
4.9537523
2.7565413
1.4283704
0.9798695
1.5557307
4.2361415
2.3476011
2.4434419
0.6299886
2.9506533
5.3996567
3.6916202
2.1951769
2.0302806
4.0176161
0.9445674
2.3020230
1.2679709
4.4810543
1.5927808
1.5535225
3.0190369
3.4490203
2.8589403
1.8614214
2.4976093
2.0217936
0.8183496
0.2204719
0.2515358
2.3384212
2.4902741
2.9358137
6.4894165
3.1247046
2.0638626
1.2346910
1.0603275
1.5160719
1.3207893
1.4443338
0.4123222
0.4806918
2.4326298
1.1128235
0.5697282
1.8016853
1.5083604
1.6950809
1.9596432
0.7037949
1.3127404
1.0010138
0.5015617
1.1044250
1.9888687
1.4494855
1.1248108
1.2452775
2.1180228
2.3943442
2.2523547
2.6898329
2.3324974
1.1992039
1.5384620
4.3616565
1.1288013
1.5178125
1.6486177
1.9561668
0.5964873
1.9160273
2.9487717
1.1595076
1.8376655
0.5457374
1.9335516
2.5669171
0.8876818
1.4064732
1.7176105
2.8160009
1.5485248
1.6449416
1.9133041
2.0292661
2.4761569
2.2520616
1.0782671
1.8348940
1.3482278
2.7772592
2.1191402
0.4527400
1.1046203
1.0204490
1.2597671
3.3823606
5.1546679
2.2688349
2.9640531
2.6396902
2.4467796
0.8256154
1.3442568
2.4369544
5.7545078
3.2491786
0.6891856
1.6651880
0.2606321
4.3206361
2.2140478
3.3117337
1.1926408
1.0836594
3.4925412
1.4434077
1.9926155
1.8757477
1.2534424
3.1078819
3.2684640
4.4507671
2.1838429
1.3170751
0.6594855
0.5657680
0.8220460
2.4348767
1.1597511
2.8275976
0.5231604
3.0113478
2.2382455
3.0802037
1.9017836
2.7769960
3.8458370
1.6143863
1.6229449
1.5732705
1.4321849
1.1292531
1.0846115
3.0470958
1.7470354
5.7772202
1.1321499
1.6975869
2.4910373
2.9052557
3.1079136
2.8592487
2.6085665
1.4422212
1.7554179
2.2732421
1.8639372
1.5976663
2.7482566
2.0840465
2.4555325
0.6136288
1.5209233
2.3573722
0.3335127
3.1536065
4.7849452
3.9831630
3.4279129
4.8959716
2.2929718
3.4768649
2.8917535
2.8166051
1.0296282
1.0266020
1.3056124
3.2454359
1.3690754
1.5754461
0.7122808
1.0315928
0.7234050
1.1484085
2.9610477
3.9306021
3.0087118
1.8558611
1.6005419
1.1727646
1.2331834
0.7510272
1.9779970
2.1813921
2.0610496
2.4680974
3.0120969
0.6578247
1.0503260
0.8192087
0.5488158
0.4874658
2.0954932
4.2512581
3.8986825
2.5178253
1.6559432
2.3056509
2.5659592
1.1608613
1.4903000
1.0333947
1.1851500
2.5423689
1.3288568
3.4782646
3.5212954
2.1475221
1.7891187
6.9058176
2.3193275
13.2793515
70.2337632
8.6847601
4.7971057
5.4044332
8.6350357
2.8720969
2.6278587
6.2911705
2.9272155
3.4603130
1.7644784
6.2250090
3.7472947
8.4523552
7.8768668
2.0679531
6.1959119
5.0581514
9.7547533
8.6762879
3.2326964
5.6807310
2.9014315
3.0659936
6.8419688
3.8943001
4.0261543
9.8779875
4.4905003
7.4627402
12.0744331
6.0315048
9.1779989
7.6300930
7.0724651
5.0463592
4.0851958
5.0503328
5.0120575
5.8630648
3.3402309
4.6688527
4.9415517
9.4779987
3.9378043
5.3964959
5.4832898
2.5234758
2.2721190
2.3796471
3.8675156
3.3743113
4.0506494
3.5516559
4.3672730
5.5257748
3.5248250
4.5738891
3.2493354
3.2612642
3.8692417
2.3820507
2.9103597
2.3468479
3.6377828
1.3326487
3.7459611
2.9982443
0.1570598
3.3639779
2.5070464
2.6158268
3.7767206
1.5896659
1.5029398
2.3181126
2.7672826
1.5312058
1.4180888
1.1321789
1.3484924
4.8678332
3.0862991
1.5864655
6.0855095
1.4691635
5.0300633
2.1288892
1.9492588
4.9284200
6.4436233
3.4001370
3.2327987
2.0727470
2.2047538
2.3226728
3.3930562
2.7505834
2.2272704
5.6504459
2.7659312
2.5684571
2.3778209
2.9798679
2.0584204
1.2207845
1.7856911
1.4185076
2.6943148
5.9638228
3.6078819
4.9166185
2.9296784
2.9323081
2.7334815
2.3529273
2.5155160
3.4170960
4.5419918
4.4755778
3.9514935
5.4758632
3.6636764
5.1173901
3.7843902
4.7545393
2.8265059
3.7261558
4.0873646
3.4405052
4.4814354
4.1361305
5.2275992
3.9073708
3.9015804
3.6984816
2.7829675
3.1097459
4.2998747
3.4674194
4.1349168
5.7329937
8.5802437
7.7718715
6.9180282
5.9229159
5.2435339
4.8723834
6.8301077
3.5998513
3.0787406
4.5854973
3.5603332
5.4693314
3.1932520
3.7885036
2.7061369
5.5659118
2.9984039
4.2154171
1.7733883
2.3460188
3.7213564
3.9786966
3.4914780
3.7727438
2.9939978
3.2205719
1.7028457
2.9932398
2.3955871
1.2213527
2.2449358
3.2214858
3.1643892
4.4590496
4.0766530
2.1679651
1.7443066
3.0073011
3.6409845
2.5582214
1.5182732
3.6204700
1.9961794
1.9168105
1.9728224
2.6071212
0.8751380
2.6288200
3.5154957
1.9019728
2.0644684
2.2404961
1.8713939
1.1791419
0.4083438
1.3488769
2.1486475
1.4376027
1.4464820
1.8068147
1.7005036
2.6863891
1.9076022
2.1596678
3.1320921
1.5552616
1.6950607
15.4530345
2.9172038
1.8278828
1.6187391
1.7726216
2.3738859
0.2497455
1.6201961
1.4970400
12.7858977
4.0241426
9.1026722
4.4533644
1.9729016
1.6499484
3.1972993
4.8486778
2.5505961
1.3870871
1.4055351
2.4624457
1.9259931
3.9819374
2.5098494
1.0278546
2.4485879
2.8781306
6.8607893
2.5061879
1.8527220
9.8371062
10.2587387
2.2090439
2.2557922
1.6972437
4.1888049
6.5979098
4.8666660
2.0819385
2.6818879
17.6348951
3.9413240
1.6606660
1.9918264
4.6914019
1.3368351
7.1271535
5.8847701
2.0005872
4.2706679
4.1718096
1.9570777
1.9372907
1.3319100
0.4157002
2.0043471
5.6814051
3.0216742
2.2625997
2.2737336
3.0022890
2.3934182
2.3838303
1.6548812
3.2097492
0.9881884
1.2689959
4.8540031
1.3458415
3.2449149
3.0847190
2.2344017
1.4445667
16.3147633
2.5088691
5.2699246
1.9434952
3.9770261
9.4427224
3.3525331
13.7787848
2.8037835
2.4599673
7.4405383
12.9269558
3.6814188
5.3766209
1.7557878
3.1793895
4.8866285
17.9275126
5.6524635
4.3394289
1.9221973
1.6868465
1.0689020
2.7816387
1.1969048
4.2674565
2.3913014
6.3285880
3.6573876
5.4175303
4.0787776
1.0745975
6.3473487
1.8473687
3.3359026
4.3355554
2.9874267
7.9065718
3.7535992
1.0942539
4.0561106
7.4222485
2.1454145
0.9821689
0.4263110
0.2015295
2.4293476
1.5199308
2.6713595
2.7573860
4.1148881
1.7471607
1.0677988
3.6321321
0.8351432
1.6480350
0.7266856
0.9998729
4.6147163
3.2939501
3.8164198
1.1517285
1.7816481
2.5391803
1.4731235
3.2832351
0.6190727
1.7007624
0.5006061
1.4713523
1.9690324
1.6077157
3.6209693
2.9751833
1.7299808
1.9931752
1.4178798
1.5665599
1.9566823
3.0752843
2.1179884
0.7121057
1.3596352
3.2559173
1.0236927
2.9444196
0.6392420
2.4016919
1.9474847
3.0067853
3.5038722
0.8318403
1.9534547
2.7002340
4.2635163
2.8433888
3.7710828
2.2766743
1.8603001
2.1769965
2.1887084
0.6878795
1.4545788
3.9362349
0.9596994
2.2571943
2.2168742
1.4951386
2.6558515
1.7502146
1.9859448
1.9301332
3.8939643
1.9330673
3.2922317
4.0837326
4.1415386
0.7056496
1.2802209
2.1798799
1.5390485
1.9701086
2.2453464
1.4808514
0.8749660
2.7280880
1.9602119
2.0915096
2.8296686
2.1043870
0.9754724
1.3830869
1.3155883
3.8389954
2.8968554
2.0683848
2.2788450
1.9315997
2.7760907
1.1092363
2.0148499
0.9690125
2.9303005
1.4178728
1.8298206
5.4433681
0.6791279
0.9160670
1.1017448
3.4672152
2.1108124
2.6312586
0.8117773
3.3961189
3.9708871
4.0890323
2.5444982
4.0804143
1.7975299
1.8159437
0.8843030
2.9473921
4.8005710
1.8767793
2.3744440
3.4176672
1.4632786
2.6083912
1.4867840
0.7589594
2.5428553
6.2186095
4.8783594
2.1105552
6.5459391
3.6219363
2.5434713
3.9041125
1.7954953
5.6274787
7.3691450
3.5157297
2.8561860
9.1635076
1.4210058
1.8092499
3.3509671
3.6122890
0.9549032
1.7769426
3.6031762
0.8047672
0.6449620
2.0407262
0.5809627
3.2974247
1.8786676
1.9690009
2.5607703
3.6252282
1.0021202
0.1662139
0.6345383
3.7434176
1.4212894
0.9238087
0.4174195
1.3121631
2.6757825
1.5867869
0.9352907
2.3970725
3.3779726
1.2032048
0.9586368
1.2696249
3.5910213
3.4792948
3.0960556
2.9174067
3.5610137
2.7004791
0.8343806
0.7518346
1.2212654
2.9457885
0.7895575
1.1145321
2.6610322
1.4906543
1.3327754
2.0756694
0.9365433
1.6045064
2.1691998
2.0350399
1.6197847
1.0564773
2.5070903
1.8018804
1.0050504
1.7606870
3.1243237
2.9679991
2.2663639
2.8445731
3.2471711
3.2916177
5.3333813
2.0939863
2.7202126
2.7358872
3.7238265
3.1078235
1.9346718
3.6996232
4.2392929
1.0923818
2.2406165
1.7071425
2.1639623
3.5507429
1.8780816
1.7514424
1.9894993
3.0763160
3.2131261
1.1061186
0.6284770
1.6461842
0.9141973
1.7393217
1.7799487
1.9407068
2.5699537
1.2747357
2.2031853
2.2421994
4.4568322
3.5205117
2.1511522
2.1191811
1.1432664
4.2481753
2.9552938
4.5900586
1.4490109
5.7118561
0.9785417
1.7911300
0.9897310
1.9348304
2.2976847
1.7614975
3.6627723
3.4751991
3.6911605
2.1806790
0.7769221
0.9116387
3.1816585
5.9764435
3.7999636
2.4812326
6.0613519
0.4653072
4.9058427
3.6340448
3.9745045
1.9946987
8.2507942
5.1115410
2.3183741
6.2037458
5.0812888
8.9624300
10.4324552
3.0080983
2.4940934
7.4075790
4.8078273
14.5341801
4.5262547
5.7554250
6.6566388
8.5141303
13.1677262
5.6082790
1.5303784
5.9270466
5.1777214
4.9842284
5.7488952
2.6625186
1.5613434
3.2710536
4.2630713
11.6997921
6.1946533
4.8905465
2.8230640
1.3964752
1.5448828
3.7849113
2.1665944
1.0988942
1.7566719
1.6804510
4.3467477
2.9942658
3.6851787
1.8841347
3.1577238
3.4824168
1.5407621
2.8018345
3.7502935
3.3287244
3.9469199
2.4727782
2.4651513
3.5060477
2.8624222
3.8343172
1.2152213
1.7960713
1.9717425
1.4449044
3.6328381
2.6292547
3.4885033
2.5855005
2.1450088
3.0352205
6.6293615
5.5855741
2.7450937
4.0039991
2.1967107
3.0525650
4.2335839
2.2426665
3.8872720
4.9637282
4.2287210
8.7573468
5.2057386
5.9616939
3.4456100
2.6491131
2.5840646
3.3547534
3.8363762
6.0610948
6.4740671
4.6344655
2.5513981
3.4317741
1.9928695
3.8243321
1.6810272
5.9326213
2.9355306
4.6663370
5.2742650
3.2083534
1.5447446
2.9138322
4.5612744
2.3843959
3.0488373
5.1321411
2.4722754
2.8289811
2.4963090
6.8053311
7.1739474
3.0793104
1.1847462
2.0305987
7.3798613
1.8947597
1.6636506
2.3768281
2.0367676
2.5154917
1.3234480
2.5614283
2.7051632
3.8311984
2.0134563
4.1364706
7.6463270
2.5486431
2.2372145
1.3389802
1.6905708
2.2324257
3.1254669
1.3156559
2.5279754
1.4541683
0.9741431
1.0725726
2.0117037
1.7286911
1.4560168
1.7269049
2.7023454
2.6891553
1.3348036
2.4953962
2.6556441
2.0691501
1.9275142
2.6028940
2.2661072
2.4992016
1.2719488
1.9055795
2.0975261
0.4837977
1.4844280
4.2676982
1.3869707
3.6442541
2.4228885
2.2060951
2.2913961
4.3614906
3.8808478
1.5594228
2.4393961
2.4744343
1.4594987
1.0161489
2.9983957
4.5421155
1.9667000
4.6584716
2.4178365
2.0377400
4.4532600
0.5105706
0.8200569
2.3067985
1.9212190
1.1333311
0.8298696
1.4968298
1.0254520
1.2338960
1.8552879
1.8499751
2.2844327
1.5026746
0.9210290
1.4879293
2.2369223
4.1233598
4.9194924
2.6265863
1.2649514
1.3105207
3.9911310
3.5423299
3.5869122
3.6251605
2.2870369
1.3855477
1.9294839
4.3489873
1.9527222
3.1674201
7.9827835
3.4811058
3.4826671
2.9998136
1.9685979
3.2611604
4.3873138
4.3882096
3.1943014
1.1598006
2.2037554
2.6324176
3.6359658
2.0158126
1.8028306
0.8126374
2.2131095
3.5412766
0.7281150
3.9868954
4.9760446
3.7309173
4.0180311
2.6311548
5.1332134
4.9213979
4.0954175
2.5704523
2.3021157
2.3047416
2.5931413
3.1572440
2.0005312
3.6230182
5.4195504
0.4689164
3.3269807
0.9243439
4.1381433
1.2649350
2.9712457
4.1127760
1.9092494
0.8470747
1.7109149
5.4381040
4.5561962
4.5835084
3.2339660
3.2365899
2.8477190
3.1383899
3.0753553
3.1722271
3.4126703
2.9540126
2.5439569
3.1545695
3.0162172
2.2372502
1.4120803
3.5354719
1.3811096
3.0263112
2.4822667
3.4855008
5.8813235
4.8185272
1.3496214
3.1336748
3.9437535
3.7153743
1.6810099
3.8156202
6.5818734
2.8618528
4.2876464
3.6110213
0.7047127
0.7270210
1.3743627
6.2832946
8.1546454
3.2710728
4.9789422
3.6764336
12.7220268
1.6577874
2.2027603
5.2472230
1.6416199
3.3272680
3.8215928
11.5927655
2.5543456
3.2547430
2.3121734
3.1871718
5.0670870
2.9006662
4.8303434
8.6469203
5.6207616
5.2367886
4.6314756
4.4882174
1.2063763
2.3419818
3.7340358
2.2598831
4.4147977
4.2838320
7.2215788
5.0609822
6.3575832
3.2601843
2.6421100
7.7802467
1.0140714
4.5507728
5.0345677
3.0134734
15.3065586
5.3865281
8.6733048
7.5343090
5.9331242
5.0828246
4.9227897
162.4796996
4.2368322
6.7339076
3.7168295
4.3445474
24.2643143
7.0886850
8.6844647
8.5930446
7.1926190
4.8108383
8.8576778
13.1174983
3.4558493
7.8206848
9.6797478
6.2202374
4.9550661
5.8322314
4.0285681
1.9376412
7.5661841
9.5593122
11.4095084
15.8016283
8.6254561
2.4919278
2.3124869
4.3245224
2.2711295
3.2686706
3.2795278
1.0472199
1.9240157
2.0159727
7.5468569
0.2984771
2.3103289
7.3728675
1.1310080
2.6447950
2.9667023
5.8665176
0.6493341
1.8406948
1.2786988
2.4481980
3.4828711
2.7139675
2.5881092
2.2372707
3.2470786
1.1151569
1.1266517
5.8845390
4.0807366
2.8870959
3.3057250
5.2326981
3.2325252
1.1224170
3.5445771
1.7876025
4.6670029
3.6070381
3.0610946
3.2008557
2.7389068
0.9549632
3.2684672
1.2360849
2.7901325
3.2217113
3.8408347
11.0959938
2.6969704
0.8419673
5.7803984
2.1457933
2.7463993
1.0815995
0.8469822
3.0013649
4.6914038
2.3611260
3.0004662
1.9162593
2.3418230
1.6518391
2.4544711
2.4605389
2.4913181
3.6107908
2.6068644
3.6357274
4.1852729
1.4476628
4.9787851
3.7757706
2.7412475
3.2146185
1.3984060
1.2487535
2.7064039
1.7746699
2.0412537
2.0001720
1.0607618
1.7993846
1.1036867
1.0780137
1.6944234
3.6484176
4.9964979
2.7943842
2.7588862
4.9775318
3.8860089
3.4526942
3.3799811
4.8779873
1.6751841
2.0998399
1.4731903
1.2033450
1.2567500
1.4610053
2.4409764
2.8662536
2.9187057
3.7564516
4.1187588
3.7789228
2.2996437
3.8003122
1.0691273
2.3894501
2.5860711
2.0866574
1.7825794
2.2840033
1.8987221
1.6006921
2.1709451
1.5614568
0.8387696
3.3437521
1.3009633
1.8887072
2.8831670
2.0699242
2.4883876
2.6364150
2.9063694
2.0972757
2.4552759
2.6393684
2.3390695
2.4174365
2.8916660
3.4636252
2.6169233
2.0192592
2.7854138
2.3977959
3.4181192
1.1664336
2.4919453
4.3681040
2.2091421
5.1223311
3.1550587
5.0518769
5.0821675
3.1072316
16.6803049
5.3657146
2.5310038
3.1550707
2.4899443
3.1098707
3.3195682
3.9292698
3.8233322
2.7804062
5.4415079
1.9303521
3.5764699
2.8520877
2.7126059
2.8753519
4.0730445
5.4570493
5.6595455
1.9519331
2.4925123
2.9486360
9.2953642
1.5507091
3.1705769
2.9672410
2.5611367
5.1630482
4.6078743
4.6343795
5.9118161
2.8538734
2.2713705
2.0498409
2.4166771
3.0010647
2.8032143
3.6001199
2.7965230
3.6321612
2.6081760
3.1673869
2.5296243
4.5595801
2.1735555
4.2449853
2.2757868
2.2578872
2.7727330
2.5102981
2.6580512
3.9413582
4.5495930
3.7345687
9.3170069
5.5113956
1.2657334
1.8397133
1.9907653
2.9121742
15.4960074
3.2938472
1.2477112
8.3919054
1.2815491
7.0184282
1.2024200
2.0127688
3.2065110
4.1803944
1.4875750
2.1027616
0.4485132
6.9398147
3.0926740
5.5574512
3.7121817
1.3298142
3.0280325
3.2075251
3.2009791
4.5260450
7.5402626
4.0466171
5.8275709
20.8275507
10.7247797
192.1513279
195.8873961
190.6401981
9.5560181
17.4265400
1.0797878
2.0532020
2.3693311
3.4991087
2.4293590
1.5487173
2.3845228
4.2805305
4.1265892
7.3196046
2.7278555
4.0405906
1.5607021
3.9849851
2.3550433
2.4546331
0.8315994
3.2263296
4.1280425
1.6296478
4.2933503
2.5454646
4.8207371
5.0999203
5.4152435
6.4603630
1.7091342
4.9863166
3.5550521
4.6337143
5.6854330
4.6686928
4.8539947
3.8418266
5.0744813
4.1924672
4.3867577
1.9575164
2.9711419
5.2242016
4.9189756
6.0623570
9.1539175
7.4342651
6.5400421
5.2620024
0.6055427
2.9016801
1.1632378
1.3864035
1.0638355
1.5502636
2.1705641
1.1289158
3.8418539
2.0770159
1.5292590
4.4359524
4.1166989
1.2713892
1.1326264
1.8168384
213.1746695
5.3451895
7.7498324
5.1496948
4.1129468
188.9309455
1.6710988
54.2011090
3.5988529
2.3899385
230.9536936
162.5490313
240.3295408
4.0450191
6.7076911
6.0128391
176.4568863
172.7891125
3.5597898
180.7894978
211.7369725
160.8605574
210.0303511
1.5019427
3.6297581
6.7200400
3.0326632
3.3397078
4.9010043
1.1951962
1.0530177
6.4103429
3.7530689
8.2491433
8.1662292
31.7389104
5.4604817
6.5201664
4.4304730
1.4820499
5.7359000
4.4313202
6.6440940
7.9813129
4.7815214
2.1301047
3.3604704
3.4751939
2.4036524
5.6084034
2.2788551
3.9106644
4.6732704
1.4625201
4.8302900
3.3612940
1.3788494
2.6895591
1.3931268
5.7360805
2.3119597
1.6604562
4.0122485
4.3399114
3.6912276
6.3435131
2.1626519
5.0615842
4.6881323
6.3379749
0.5831802
5.9188303
7.4901840
11.0730816
5.3665815
3.8823159
5.6605452
6.3854161
1.5383535
4.6654738
4.3453818
1.5692686
6.5955090
5.0094166
3.1685797
3.4401077
2.3437653
0.8169138
1.1741835
1.5707307
3.3424446
2.7773463
1.8207833
2.8499936
3.6812934
3.6436017
2.6086906
6.6349024
8.7365034
8.4040459
6.2015437
8.2032328
3.1399795
4.6464614
15.7431697
2.0252164
6.0663052
11.3586489
4.1353096
2.7683535
9.7826085
4.7919358
4.9531302
6.7897542
8.5193469
12.2654568
6.8910536
4.8029542
10.5100845
11.3038350
8.0638591
8.7270863
11.0570072
9.3048803
11.6364833
9.1567266
11.5010111
13.9085308
8.5299489
12.3112218
11.9187321
11.7562129
12.7265433
8.2550519
11.7296727
9.8851015
11.0103840
11.4886847
8.3371685
3.6230071
3.8756488
7.2226221
9.5776129
2.8528819
1.0278823
62.6490063
9.2138929
9.6400934
18.5781835
17.7480548
57.1278077
17.9623680
4.5794402
2.0389737
7.7942325
1.7410941
3.8418924
6.7124041
11.3869606
17.4728473
0.8125062
5.7127023
3.9772817
2.1885549
8.4216846
18.9840986
8.1637023
4.6058306
2.7259897
1.1359280
1.3848671
1.5535024
4.3505185
3.9751915
5.4133299
2.4403160
2.6394042
3.8917596
2.0493853
3.9035634
4.7250376
7.0553878
8.2541187
1.0378887
2.1239809
3.7029201
2.8327955
1.0644715
3.3306613
3.5264831
4.0347598
3.7330588
4.4348939
4.1717788
4.3229139
2.4250991
2.0001378
11.3090426
5.5659095
2.6482462
3.0303059
8.3334086
2.2573257
2.4826134
4.4976192
4.3732922
5.1775641
5.8181790
4.6803050
4.9366051
3.7001701
5.6288184
4.5394490
3.0218576
2.5586129
2.8100383
0.9118261
1.5731379
5.5258186
4.5362035
7.6772159
4.1757524
5.8824905
3.6656652
4.0641468
2.4862586
3.7008198
2.9224787
2.6159906
3.2788550
1.0049707
2.6901003
2.6672962
3.0074257
5.0517157
3.0095860
5.5538113
2.6391541
1.2544422
1.6552908
5.4392209
4.5606665
3.3872987
1.7713018
2.3616217
2.0141169
2.4888091
3.2727489
3.1804981
2.7721926
3.7911649
2.2437872
1.9387229
1.5965461
2.5621771
2.0619005
3.4002194
2.0070942
3.3451915
1.9640953
2.3327534
4.4764763
4.0666286
3.7961219
2.3637801
2.8319150
2.4646144
1.7861823
1.4915114
2.0134510
3.6492536
5.7619195
1.8125505
3.3402884
2.0472433
2.8242937
1.6745486
2.6826030
1.6880164
2.1477467
5.2617720
6.5505083
3.0497439
1.5319882
2.4865572
3.3219273
1.5926415
2.6856253
4.1655861
1.0373011
1.6472610
1.1852108
1.2857624
3.0973982
2.8472571
2.3458091
3.4583983
2.5982722
6.6968820
0.9292618
2.0486789
1.6919267
1.8288757
1.8783742
1.4059876
3.6199636
1.4263960
0.5760704
1.3321171
2.5810866
1.9079009
2.8467627
1.8090888
3.8417890
3.7339230
0.8789866
2.0063730
0.9449299
1.6725371
1.5356155
0.7349235
1.6398515
3.0108522
1.4756152
0.3505472
2.8028714
1.2891132
1.2602283
1.3224234
1.6720172
1.6690538
2.7959361
0.7514395
2.3085038
1.4067540
2.4642884
2.0103179
0.6218368
2.5693908
3.0839419
2.1124870
2.2030875
1.1861918
0.1348039
2.2425118
0.3016499
1.1936726
0.8462186
1.2850189
1.9811140
1.0880724
1.4143053
1.1886429
0.7725836
0.6238135
0.9125059
2.4941801
1.2980375
1.8037529
1.0765602
1.0658674
1.8844405
0.7351177
2.9693578
1.2196223
3.9326541
2.2577964
1.7079906
2.4406898
2.3118508
1.3843009
1.5898901
3.3132675
1.7136463
1.8055517
2.3215445
2.2582097
2.3964396
1.9592179
2.0532551
0.8469896
1.4201713
2.7265825
1.8077109
1.2135993
0.4354450
1.7352244
1.9404351
1.3363741
1.5764281
1.4545730
0.6796097
1.9357768
1.1339686
1.1366134
1.7232029
1.6998116
1.2200218
0.7648403
1.5177574
3.6876028
1.1831358
2.4983314
2.5483213
1.7379041
2.4673083
1.8126150
2.2622494
2.0285354
2.3919710
1.6701457
1.0364571
0.5748814
0.5799552
1.6667406
0.2436447
2.1963736
1.2585046
2.5768847
0.8190130
1.5651881
1.9535480
1.0862016
2.0948312
1.4031971
1.3804944
4.0112419
1.3934623
1.1839110
0.7349548
2.4685367
4.5138794
2.6724470
2.5333053
4.6707626
1.2354056
2.2503695
2.6430352
1.9857158
2.4354520
1.6281079
1.0857425
3.8510361
2.3464268
1.1325727
2.2092907
2.5522553
2.4834491
1.6963265
3.4797880
3.7642095
2.2506860
1.7368789
1.9414086
5.3094161
2.6907893
3.1697354
2.1477049
3.6133722
2.1705692
1.4728801
3.4870281
3.5742491
1.3672290
2.8221741
3.5519984
2.4656621
3.5368472
1.1924874
2.6894944
2.7095937
2.9926994
2.7180423
1.9705232
3.1723277
2.7132193
2.5224986
3.5099846
2.8295871
3.5810989
0.9994631
3.7774275
3.1499455
1.4221552
2.3197088
1.4873586
2.3480338
1.8260322
1.4076480
0.9982827
2.8011615
0.9535633
0.7291445
3.3271225
1.7955234
1.1752796
1.1063188
1.9712484
2.6369138
2.7171215
2.2117465
2.2657745
2.4651400
2.4064608
3.7918639
2.3257781
1.0232109
1.8368953
1.3582416
1.5996674
1.2396476
1.6282753
3.0632679
1.1622204
2.4768004
1.4312050
1.2117590
2.3131326
1.1298855
1.4114158
1.8861544
1.8137135
1.1137614
3.0158382
0.6773745
1.7615774
2.2156064
1.8629027
1.4143766
1.4788011
1.7448026
1.5765713
2.7958396
3.0060675
2.8831084
2.9396553
2.4870954
2.0052008
2.2049107
1.8381115
2.7712155
2.5270228
2.5067958
3.3406330
1.7436757
3.4814604
2.3344211
1.9527602
1.8908231
2.5776721
0.9017507
2.3315493
1.8814638
3.2483885
1.9484685
1.9528850
2.8490453
2.4468933
2.5411528
3.2407549
2.9882221
0.8436552
2.3910240
6.7354950
3.5123708
4.9884208
7.0293189
2.7193233
6.8160022
6.2508487
1.5642927
2.1941204
5.2640968
4.5980476
3.0405058
5.5489350
3.0561973
5.5183406
6.6419081
4.9860513
3.3727070
4.1535545
4.3017762
5.1854565
1.6209487
2.2552266
2.6588922
2.7013810
1.8760372
3.7204247
4.5952012
2.8752061
3.1372310
3.3092663
3.2975024
4.0218562
2.4718305
3.6720343
4.7600230
1.4411612
2.9420511
4.2689386
1.6259767
1.9420668
3.3237689
1.8997699
4.6144181
2.5876856
2.7591068
3.1896285
3.5387386
3.5239421
3.7665521
3.2942468
2.7665650
3.4327454
3.7910553
4.4647553
4.3381998
4.2461612
4.5736758
3.3796819
4.7322518
3.3478760
2.9904325
3.2631176
1.8373230
2.8312211
2.6239282
2.8200848
3.9236489
2.7111245
0.5726947
1.1263823
3.4645695
1.9510966
2.4195411
2.2508151
4.0660955
3.6674043
3.5352291
4.4218895
2.3690226
1.7724913
2.4898175
2.0708276
3.6265907
1.7091585
7.0027208
2.2234436
2.1664146
1.6971398
1.6690540
1.0000881
3.3365880
1.4225497
2.6912517
2.9677477
2.7056782
2.6566036
1.7447193
3.3359592
2.2507917
2.1914564
2.4603233
3.0053156
2.2800278
2.5340537
3.4803515
4.4631031
2.4879683
4.4479292
2.3288215
3.1245654
3.9786682
3.2465027
2.1996531
1.7978758
4.0285394
2.6948940
4.0159849
4.5509980
2.4030687
2.9271683
3.9824620
4.1043016
3.3744612
4.1482880
4.1055106
3.4592654
3.5610302
3.6663005
3.0319687
3.9763748
3.6479002
4.0494380
3.3207602
2.6961810
2.6291441
3.8645660
3.1814649
2.4356780
3.1196765
0.9685880
2.6710776
3.5289084
1.6771838
3.3298222
3.6006000
2.2453295
2.9196631
5.7924237
3.5226094
2.8568539
3.7797899
3.6044585
2.5271449
2.9556843
2.6553297
1.7951267
0.4841163
3.6848178
2.3085008
2.9548048
2.7711529
3.6681218
0.8373825
1.6165616
4.1805782
1.7956035
2.5114231
1.6552017
2.7492506
1.4448242
2.0449130
2.3181603
2.0196891
1.7360677
0.7016444
1.8811225
0.6022379
1.7905158
1.3177660
2.2412779
1.1636716
0.7695912
0.5175655
0.9266568
1.7178607
0.6175698
1.1857384
1.7020002
0.8477174
0.1901655
1.2340657
2.6162257
0.8870201
1.8082013
2.9770767
1.4416549
3.1454083
2.7428201
2.0232522
2.3446843
1.4262327
2.4396706
2.6275970
1.1758499
2.8944172
1.4485615
3.8084845
1.6309315
2.2176920
4.9327819
1.4514479
1.4155519
0.5357769
1.2552737
1.1716302
10.5734150
2.1562681
1.4117938
1.2073246
2.6605212
10.0944763
1.9257754
13.4660622
2.6784254
14.1255557
1.7144698
13.8030750
5.6393158
1.9288627
6.2169119
2.1851279
2.8812712
2.7242081
2.5335652
0.7605092
2.2072657
4.5560202
9.5636724
1.7497812
2.0558360
6.7224206
3.0043405
2.6994968
3.3386770
4.0444937
2.5194469
3.8663883
1.2021685
0.7952102
4.0714495
2.1887154
0.8248161
4.2173431
1.6377535
4.4464467
1.7342179
2.1528180
4.2569090
2.5013644
1.3754917
0.8018295
5.3653639
4.7734085
2.8598845
0.9458895
6.3724097
1.8912409
3.2183421
1.6442368
2.9973651
4.7328560
2.0840950
2.2632766
3.3163107
1.8384446
1.3006342
8.8195317
2.7416377
4.9828211
5.7496357
0.5230815
6.2984275
5.4454405
2.2763369
5.8151435
5.7472536
5.6036765
8.1375385
1.0708067
13.1855209
14.3600350
6.7472387
1.2066397
8.4268649
3.3497284
2.3154869
6.9430961
2.9492437
6.2181870
5.3879193
5.3135911
5.2629672
0.8963964
3.5612270
4.7368474
8.5798175
2.2784333
16.9421558
10.2147372
5.9204036
23.6793208
9.0826443
3.5986191
11.9379851
30.1219444
18.5581657
3.9112844
14.0126347
3.8999138
114.1533253
122.2038329
3.9848458
1.0769802
17.8438649
16.9380316
5.7102522
3.2267735
7.4888005
2.7623648
3.4482419
2.0511448
6.1316130
12.2083404
0.6577312
4.8663550
9.8838733
4.4878991
9.0824204
22.1108543
2.8654492
8.2643727
2.9637484
5.3577500
2.2849104
5.4982500
15.7791090
4.9744877
5.5199419
2.0854666
15.4392571
2.6167861
5.6211157
1.4857026
1.4178420
2.0200398
5.5844707
6.6827104
6.9435180
4.1077290
4.5401326
8.2905743
2.2386254
8.8849007
5.2262717
2.3503740
3.1491784
0.7365045
4.5681049
1.9099841
6.7782518
8.0865167
1.3403690
3.7602224
1.4752962
1.4456541
1.9704860
1.8785468
4.5347935
1.5873790
2.6519642
4.3976061
2.7786872
1.3437582
3.2743984
2.6004909
2.0541599
1.8899780
1.4710225
1.5656078
2.7872932
1.6091289
2.2701957
1.1762572
1.3784724
2.0820897
2.2277652
3.5574978
1.9427016
4.5209986
0.8879414
2.0677488
3.4386447
3.1813299
1.5510673
0.9093462
2.1389837
1.8536056
0.7737885
1.0928985
1.8124450
1.1619815
1.4300265
1.8026402
2.9215485
2.0326593
2.0791559
2.2232945
2.4539874
3.5590981
1.9683192
2.3331736
2.0070393
2.8518644
2.3914007
2.1499132
2.6187047
3.2885833
4.5483732
0.7834182
1.3960851
4.2827368
3.5982815
2.2833790
1.0838109
2.2056743
2.5890267
1.4574694
2.4867149
1.2104430
3.0625981
1.7824307
1.0048238
1.1163318
0.8827406
1.1451378
0.7368884
0.9499736
1.5879826
0.8459445
1.3174932
0.6185365
1.3841206
1.1534287
1.4108354
1.8225549
2.1034170
1.0007669
1.3208257
0.4199977
1.2761863
2.5103177
1.5242408
1.2693630
1.8379723
0.7456728
0.9323358
1.5169869
1.5750075
1.3735334
2.2544702
1.7610288
1.3475180
0.8932515
2.6756258
1.0212942
1.3732382
1.2975029
1.5963450
1.2232560
1.8286985
1.3142372
1.2517361
1.5925859
1.0606810
2.9275544
2.1391536
1.0750844
1.7916807
1.4790977
1.0709345
2.5033807
1.4269445
1.7635697
2.5613622
2.2654823
2.4240561
1.9512667
1.5795794
1.3978009
1.2846147
1.4341838
1.2023194
1.5367244
1.9259024
1.1232525
1.6798098
2.0389439
2.1581638
1.9049536
1.2672039
2.6513989
2.2478230
1.2193722
1.8380188
2.4348479
1.5857560
1.7222481
1.2159902
1.4047878
0.9432150
1.8808414
2.0748323
3.5382444
1.5328585
1.4893769
3.9146448
2.7184388
1.5996379
3.4253799
1.5414506
3.6667569
2.3736201
2.9136223
2.3488284
2.5571169
2.0867585
2.6547158
2.9981707
3.6617641
1.7107036
5.2015160
3.0954870
3.1383910
2.4368576
1.4872669
1.2836529
1.9415908
3.0911128
1.7770528
2.7069723
2.1353518
3.0375833
2.4904882
3.5426614
2.5301255
2.8007206
2.6194592
2.3096179
2.5413823
2.1219696
2.6113985
0.6183567
3.2208516
2.2470122
1.8874908
2.4428324
2.7294677
1.0881630
1.4226731
1.7874261
0.6675243
1.6450948
2.3733528
1.5665952
2.8654624
1.3936600
1.2814503
2.0835174
3.0856596
1.9926525
1.4826643
0.9038019
2.9818257
1.5152778
2.6029114
4.7582154
3.1656784
2.8967936
2.3582129
3.4350283
3.1504213
3.1293453
3.3194033
2.4875596
3.3630730
3.4911142
2.6468611
2.2571761
3.5565691
3.1426576
2.9403041
2.4759258
2.3672201
3.9758726
2.8944959
3.2540020
4.0402963
4.0694454
3.6914113
2.9346615
3.4494191
3.9195309
3.0226617
2.2801415
3.1238975
2.3130375
2.4748296
3.0999784
3.7908493
2.4850889
2.5602241
2.6731292
1.2113881
2.6036902
2.4197446
2.1278034
3.1799432
1.5222012
1.6837940
2.0808331
1.3957115
2.1973903
1.5402495
2.4398219
1.8796951
1.6934735
1.2314702
1.8792863
1.0953338
2.3691899
2.6448092
0.7224106
3.8601205
1.2761519
3.1072630
2.1259650
2.6832087
5.3907742
4.5708313
3.4911446
1.9328627
3.1309889
3.2663102
2.7294385
8.4930640
2.3613449
3.2284809
2.9900613
4.3271194
1.3441789
3.3782086
4.4237364
2.3328399
1.5698123
1.5660894
2.2864907
1.5675184
3.8394086
2.7086993
1.0002326
3.0552278
2.5314850
2.7693110
1.7149973
1.0041548
4.0452962
6.6785767
2.1833622
2.4282288
2.5191085
2.4985659
2.8963466
4.3639448
2.2567039
2.4443284
1.7058796
2.7587737
2.5660952
5.2475966
1.8319704
2.6015169
1.6197189
3.8032919
7.1200006
2.0850389
3.0209995
0.3497538
1.4953680
2.9249162
1.0265728
2.8310208
1.5820033
2.4105690
1.4375033
1.4191410
2.1209827
2.7280681
2.6913109
1.1846575
1.1132603
0.7535926
2.3594288
1.2074763
1.5207284
1.4599126
1.8452618
2.1875196
1.1108421
2.5289324
1.7785029
1.0969438
1.5439214
2.6761137
1.4514107
0.9750824
1.1889427
4.4847807
2.5380392
1.2160722
2.4554323
2.1756954
1.5014494
3.6440186
2.4568953
1.7319474
3.2325651
1.9417862
1.6829843
1.9579871
1.2240542
3.6263570
1.4245646
0.8689458
0.9925952
2.1317872
1.5060553
1.8255592
3.0264029
1.9984169
1.4280458
4.5639727
1.8204105
1.8928722
3.3841719
1.6231501
2.1214572
1.3754330
3.0119427
1.8653291
3.6868181
2.2539729
2.7482923
1.2984857
2.8405970
1.8273305
1.4956493
2.7713929
3.4090661
1.9763581
1.5759096
1.2743676
0.8225607
1.7796336
1.5939205
1.0808936
1.8967452
2.5539462
1.9647832
1.2927794
1.1531348
1.6591791
0.7140206
1.1887567
1.3387810
1.3080411
3.0304490
1.3168962
0.6317354
2.5453409
1.9397599
2.3392476
3.9327247
2.5540350
0.5470635
1.6797786
2.3101616
1.0669551
0.6597619
5.9494431
3.1868576
2.4133759
1.9844400
2.2872269
3.2526740
1.6558776
3.0307229
1.0766410
1.4279247
1.2650783
2.7591452
2.4200978
2.6704683
5.1588313
3.1636585
3.7371710
1.9205557
4.7451343
3.4406454
3.2912734
11.1710812
5.2696455
2.8908775
6.2670202
7.5587425
4.5668067
2.8533177
2.3261364
17.3386596
1.1542303
1.6530991
2.5250907
1.1795276
5.3243414
1.9090678
8.2378016
2.5153623
6.1701723
3.4709543
4.6705547
13.4899413
3.6243226
3.8090917
4.2037357
5.3850169
9.1398337
6.2969795
6.6097684
5.8426576
1.8161763
4.1104149
2.4093067
3.7271203
3.1894373
3.8579517
4.0169613
4.3524439
3.2108869
6.4141876
12.4950183
4.1544809
4.1208095
10.6749712
4.1674762
4.2132612
9.3874717
4.0901776
4.3261302
2.8354959
3.3743549
2.8371937
1.9202619
1.6842035
2.0224004
3.8266963
3.1913488
2.8099169
1.1180724
2.8548031
4.0310421
20.1620633
2.8207054
1.5643179
5.3305715
7.4742312
3.3341984
2.7739658
9.6596062
12.6917272
2.2319584
6.1636132
12.2260855
2.5803208
9.8443726
7.2442103
13.7090777
6.4351194
3.1272233
2.4435398
5.3268223
3.8673665
2.7432012
3.5757152
5.0705975
2.4457428
5.2932225
6.0736788
2.6947431
9.1062277
2.1872954
1.7726727
5.1779706
2.1270561
4.3670484
2.4592233
6.5303770
3.9322086
2.0853332
4.7588374
4.7582687
2.8435314
6.1151331
1.6139454
3.2972815
2.4058628
1.3824215
4.4191784
1.4106106
4.2612939
2.1409036
3.3994591
2.9120005
3.1735796
3.1124457
1.8121742
1.7215720
1.7163069
2.9119065
1.9942050
3.4395606
1.4618188
3.8164644
10.9080823
1.6987041
1.8548716
3.4417858
2.2781170
2.5502756
2.7143055
1.7212528
1.7543206
2.2761958
2.6597521
3.8115157
2.0577878
2.4885428
1.8847544
1.7595289
1.3298400
1.3155298
0.8043943
1.1613486
2.2343631
2.5077815
3.7665037
1.3537116
2.9919996
5.5476565
1.2377078
3.5523114
5.2175634
2.9631293
2.0069128
1.5162861
4.0253195
4.5893752
3.9184585
1.3268360
1.5555788
2.0249079
2.5073975
1.7620440
1.8753431
1.1664657
1.8537217
1.1765265
0.4003467
0.1848295
1.4720454
1.6315510
1.4127463
1.2101270
6.3823713
4.1866221
1.8607740
2.0985578
2.4665582
1.4162539
0.8145646
3.1355074
2.0487931
2.2718674
2.1005286
2.6676643
0.8040359
1.6377052
1.9395618
3.9687772
1.6087203
1.4819621
2.5161803
4.1935782
3.9621777
2.0807322
2.0979459
2.3673178
5.7895773
2.4418497
1.5459463
2.6337078
1.4505079
2.6316171
2.4905226
1.1565947
3.1706667
1.7691023
2.0330170
0.7461513
2.2554147
1.6697672
1.0263393
1.9523749
1.4994456
0.6465015
1.7654585
0.4047166
1.9033559
2.3159912
1.3709462
1.8476875
0.9195672
1.6781458
1.0676585
2.5461534
1.8205005
3.1913044
3.8712423
0.9049178
1.1599206
3.7330855
1.9836536
3.8620420
3.3372682
1.7607289
1.6098182
1.9955321
0.9319471
0.4523589
2.1894955
1.4420087
3.5322836
2.1497253
0.4705660
4.2242617
3.1643428
3.8504498
1.3374597
1.9036283
1.1089430
1.1436611
0.2466549
1.5490376
0.4935712
1.5114433
1.0474989
1.2084867
1.4041865
1.6734859
1.0919666
1.5940467
1.8715905
1.0742226
1.1926208
1.6459545
3.1367262
0.5123063
1.1062652
2.8890356
2.5027074
2.9186950
1.3205452
1.3008110
2.0663481
1.0257785
1.3803856
1.3009930
1.3183190
2.0537587
0.7535037
4.4014280
1.8504133
3.5754550
1.3150129
0.5641854
2.4058860
1.4447251
1.2063641
1.8215679
2.3452755
2.6414943
1.4414366
2.7010957
0.5468129
1.0516442
2.2638109
1.8645863
2.3855635
4.3770273
4.8391258
1.8827710
1.7185373
2.2874064
1.2433711
2.5847827
2.6486150
1.9807092
1.4119540
2.1116279
1.4740814
1.5770377
2.2271461
2.2607064
1.7933560
1.2112348
2.0334496
2.4841377
1.3658554
1.6672461
2.4338033
1.7395219
1.9963930
1.4559030
1.5633125
0.4153797
1.5131652
0.9964643
2.3756913
1.9383106
1.6580430
2.8671430
2.8930156
2.2269328
2.9968067
1.8738476
3.2077431
1.3057453
3.6746944
1.6526009
1.6451350
2.3327151
3.6732001
0.9095313
0.9014724
0.7911486
0.9876104
0.5407703
1.2998589
17.0478587
3.4966351
5.4023930
12.2983686
5.9831283
5.5111951
5.3674148
6.4069073
14.5297590
161.9237277
8.4035657
10.0973438
5.2376908
7.9505714
2.7869434
5.0788507
8.9005688
5.0597563
8.1968194
5.2905925
1.8205442
10.0162253
11.6129113
22.9730532
7.4146870
6.6746980
13.8241828
9.0891053
2.3125255
5.9999439
2.7103200
4.9526933
3.5601812
3.9831001
4.9416998
2.1408696
3.0999357
3.6020885
3.6069043
3.8389262
2.9708522
5.7746246
4.5911331
3.0882729
3.5020546
2.9940178
3.2308404
2.8760734
3.5780103
2.8098864
3.1638197
2.1912037
2.7219697
2.3154695
2.8655219
1.9830761
3.2942058
4.0922564
2.0082473
2.7889708
4.4556176
3.3354239
2.9076738
2.9706531
4.4787323
6.3542796
4.0061602
4.8903390
3.2871237
3.3906557
4.7643964
3.8903917
1.9899794
2.8002900
1.9092205
2.0953299
4.6994455
9.7710395
4.7778939
2.0842917
2.3639908
2.8581016
2.6677274
2.0995269
3.4420965
1.9174971
8.5541579
5.5070312
4.6900733
4.2603615
3.7345261
3.9771569
4.3568769
5.9640000
3.3207728
5.2227573
4.2226829
3.4694659
3.9303594
13.4880886
7.2485971
3.9806884
4.9286716
6.0366007
4.7362562
4.4319709
6.7042218
5.5081908
4.8919548
3.9859027
3.2969958
4.3329152
4.6266266
5.6213326
4.3121650
3.3393354
3.4010284
4.2404566
6.0535250
3.4881100
2.5187613
4.1296617
2.6106425
2.9328902
8.0546515
6.3046896
3.0748343
3.5698700
3.7838126
5.2421196
6.0374680
5.7050352
3.4446221
4.0642140
4.3221241
3.3721260
4.5808336
4.4374963
4.0424718
3.2585602
3.6262453
3.2147847
4.7550705
3.0776084
2.3219003
5.5693745
1.9198093
3.2718448
2.9704407
2.4830389
3.7118052
2.8150001
3.1597365
2.8237488
2.2351681
1.7146284
2.2915833
2.5072242
1.2335077
1.8919902
1.9009360
1.0208762
1.7174556
2.4168237
1.7886927
2.4995565
2.4792978
3.3568597
2.6061619
2.8272963
1.7371088
2.5422277
2.8086223
6.7277423
1.5248739
1.7996431
2.2591904
3.6337743
1.8117631
2.1724177
2.7878000
1.7379769
2.5166721
3.3280056
2.9387093
1.6446068
2.0035838
1.0406334
1.2462026
2.4378017
1.5721403
1.0293265
1.5870435
4.3250224
1.7120663
1.4901542
3.6140658
2.8839893
2.7628382
2.9057530
1.9626974
1.2691506
0.7499333
1.5797166
1.1035535
1.6444360
2.5697292
1.0548441
1.1968419
2.1364041
2.5953908
5.5714592
2.0320365
1.1768605
1.2271292
1.8691712
1.6422198
2.3999292
1.5967474
12.1824702
10.6861736
3.8421207
0.8240994
4.1064158
2.8747231
7.3010323
6.6920124
3.4017546
2.5803264
1.2339996
2.0287589
3.5245600
1.2949548
1.7444139
4.4415469
2.8095946
1.2456505
5.2796654
0.9405802
1.2582280
2.2607993
5.7135521
1.7950387
5.1883121
16.5068939
1.9764033
4.1486766
4.7963765
5.6453361
1.1932113
12.4887962
5.0845665
1.1023966
4.5974872
2.3280375
1.6447672
5.4207873
1.7652869
2.2080046
5.4059449
5.1543052
2.8404072
5.3982010
3.4279204
4.6586659
4.2274865
1.2087021
1.9217404
3.4551157
5.3151320
3.2581317
3.1974293
3.9784540
1.9422448
3.7247993
0.6168813
2.6909940
1.7154406
8.5832959
1.0570170
5.1395365
1.6572431
1.9760237
8.4908822
1.9407177
4.3615096
2.0071033
0.9796099
1.2623351
2.4304602
2.9179070
1.7209840
2.6134447
2.6121869
2.3297752
1.9954678
1.0030149
1.0337629
2.7390974
2.0517979
1.6190312
1.4598751
0.8307780
3.2201703
1.4058282
1.8266496
1.0242731
1.5942278
2.9370029
2.6489958
4.4396558
3.0101524
1.6676249
2.1566563
3.1908159
0.6848994
4.9556305
0.7182985
2.2951604
2.6093123
2.3775265
0.7657205
0.8943598
0.6730774
1.1900161
2.4653428
1.1145799
0.3509341
2.7212006
1.4551268
3.8049974
2.8049782
3.2766049
1.7609683
1.8525234
5.4345174
1.6536056
2.7133201
4.5731514
2.5938332
2.4068326
2.1644856
1.8554641
0.6797427
3.1957607
1.6990500
3.9273981
4.0632635
2.4466265
3.8457579
3.1368205
3.8884842
1.2779965
1.3646607
4.0666282
1.9222988
1.4747165
2.7200373
2.9095229
1.6097231
2.4390730
2.7400873
4.6686380
1.5672902
3.4063263
2.4592185
1.2324570
4.3600230
1.3866200
1.4041016
1.9340026
1.0496567
2.3585417
4.3205862
1.5709911
1.7885512
1.2573604
4.3414745
4.1299574
3.8235913
1.4797199
3.5683560
2.0350402
4.8469951
2.1111644
2.1376672
5.5267019
5.4416424
2.8174713
4.0540843
2.9816246
3.8667483
6.1394495
1.1771081
2.7392216
5.8908649
3.3924433
3.6185207
2.7620973
1.7923469
5.7785571
3.5923517
2.6204928
6.2601392
2.6059037
1.3885329
2.3432852
6.8045952
5.0371759
4.6146662
4.9138365
4.2386955
3.3332659
4.4402703
1.3799531
3.2632557
2.1381299
2.5012792
4.0105968
1.9899257
1.9248944
2.2606599
1.2043019
3.0592721
3.6003113
3.5740802
3.7856668
5.3447620
0.7036726
4.7895764
1.5816626
1.2595656
1.2854269
2.8878449
0.4827787
0.6824021
0.3956560
0.8896237
1.0825807
1.3795393
2.6068771
3.4045965
0.6857688
2.0757161
1.7125198
3.9083350
0.5705223
0.2794652
2.5914115
1.2104897
1.1032301
1.9836350
1.1078588
0.5883607
3.2683179
1.9393183
2.2313668
2.8526441
0.5136332
2.7167961
1.2681640
2.1030703
2.7908431
3.9605514
0.9254914
3.2333568
2.5103092
1.4378483
1.8664295
2.7978875
2.6162846
3.4925974
1.6868658
2.0620090
2.7861484
2.4025917
2.1375963
3.3673577
3.1666215
1.7247651
2.5385713
1.2466980
2.6056854
1.4837074
2.3940893
1.9047248
2.1467905
1.4733741
2.3085068
0.3864155
1.3052103
0.5969868
1.0752681
1.4975675
3.0964051
3.0009566
1.8167676
1.8952514
1.2283968
6.7869494
3.0329397
2.2470482
1.3399824
1.6486934
1.3574574
0.5866058
1.1856147
0.7606815
1.1814796
1.5313258
1.4014697
1.8630366
0.7909275
2.3331623
0.8125330
2.9348737
1.1138059
1.2933972
2.4674823
3.8523932
3.9982805
2.9397558
7.5952880
5.0985164
3.5770961
17.3155883
14.8156002
2.8942795
5.9045740
7.1391100
7.0613501
2.9429804
3.3763231
6.3673780
6.2621203
3.4639565
13.5463466
6.1412903
1.6022412
7.6001090
7.2491489
3.2039671
3.7698903
5.0273710
14.0821909
2.2043704
4.4230061
7.0961884
5.4459772
2.2509618
5.8735775
2.8728218
3.4309008
63.8950569
8.9014105
3.9380878
1.6037761
1.8754054
3.2440688
3.3567812
3.7050833
3.7165044
3.1991496
3.1397232
14.9791267
11.2567728
3.7548153
1.2773233
1.7989113
1.5192354
0.7624923
2.0620685
3.3279935
2.6057051
3.8496629
0.8601649
6.1721488
2.4582253
4.3055525
2.3887162
3.6902423
6.1186083
2.1360838
3.3909147
1.3798092
3.0920423
3.8973740
4.0996262
5.1358010
4.0286261
2.1252927
4.9435427
4.5861064
2.7544028
6.8570834
3.8844349
3.7478950
2.7714246
4.6882607
2.9543693
3.9555943
3.5365608
1.3692988
2.6543345
3.2409945
7.2829584
4.1941539
2.8408583
1.6614761
2.5446555
4.8726033
1.8547836
2.2869892
3.1008523
3.4234315
0.5812124
2.2544523
0.9284124
3.1627604
1.7436766
3.6714967
3.7120184
2.7486610
2.5224310
1.8447022
2.6580809
2.8193933
0.8265621
2.4242707
3.4085960
2.9477618
1.3224314
3.1907491
7.9529011
3.5732135
1.5745065
5.7584666
2.2974533
2.2889346
2.7037875
3.6511404
5.2662664
2.4985473
5.9119620
3.1023982
2.1419647
1.6132727
1.4961553
3.1689986
2.1292234
2.6338438
1.2539609
3.1032111
1.8316749
3.3377809
2.2713836
2.0413279
2.2880993
2.3061887
4.0612422
3.1857090
1.5041257
2.0656121
3.6293485
2.1896426
1.9000375
2.4235469
1.9759711
3.5086804
3.9572103
1.9231063
1.7335963
0.8596831
1.9476392
0.5097595
1.0603898
2.4364816
2.0748042
1.8101953
0.6556913
2.3189802
2.9820716
1.3668447
0.7375359
1.4330643
0.9057308
1.1708928
1.4676773
0.9753715
5.5515693
5.1483764
2.1932501
2.8448797
2.5275540
0.5185840
2.4612960
1.1081296
2.1869185
2.2283887
2.6604699
2.6787831
2.9275576
0.9730447
1.7465338
3.7266234
5.3690742
2.1837829
4.0264553
4.7544229
4.1926058
7.9887346
5.5407647
3.7152632
4.4133188
3.7700711
2.6622004
1.2302768
4.5820717
4.0197029
2.8437869
3.0270709
2.3683370
5.3373946
2.0994878
0.5073203
3.4238574
1.8646111
5.6655348
2.4477641
6.4145846
3.1869869
3.6199625
5.0878542
1.7973462
5.9869760
3.8222259
16.3203457
4.7034680
3.8828312
1.7750402
2.5762266
4.9205823
4.0882587
2.8451262
3.0705571
2.6213220
1.7256402
1.9043040
2.5984717
2.7414810
1.1551917
2.9252374
1.5851695
3.3944307
2.1009078
4.2556503
3.4577376
2.8178745
2.6934126
3.1279206
3.0668053
2.8004429
1.6838440
4.3900214
2.8886741
4.3355241
2.3388627
3.5229272
2.2056219
3.3332909
1.5683125
7.8702106
3.1800769
3.0243706
4.1820092
1.3673906
5.1734487
5.2255609
4.0225342
4.7318533
6.4421685
6.4164022
6.4649448
6.8478852
3.3963879
3.2516124
5.7759320
5.0680393
2.0835768
1.7732245
2.6938610
4.5304111
2.4370781
2.4044928
162.1814143
8.4439084
3.2872131
5.8497335
4.3184686
3.7883011
5.9480491
5.4378140
5.4103739
7.3045449
5.2567120
4.1085378
5.7581207
3.6588535
11.4227631
2.2374869
2.8789059
1.7491554
6.0234009
3.6347913
2.1482554
6.1789196
3.7554602
4.8267224
3.8899306
6.6634228
3.4939861
7.5122520
19.3750773
7.4620997
5.3725172
8.1379856
2.8838550
4.0724194
2.8018106
4.0896984
2.0427225
5.2685834
2.6176563
3.3772730
5.1288363
3.0608637
1.9853514
2.4880707
1.7325767
1.4108314
2.0323962
1.4351593
2.8983005
1.7130435
4.0869339
4.5269885
5.8420842
5.8193829
3.8102913
4.1406755
4.0952685
4.0503377
1.3928497
3.9242210
1.9813438
4.6465684
2.6562887
2.4350544
4.1123481
2.4968882
3.7042345
2.2379582
6.9838597
1.4022654
1.6976041
1.9658203
4.1008212
1.5858149
3.4225726
2.6236419
3.6008987
3.0114884
5.9434779
2.3899226
2.6383439
3.9291576
2.4500790
3.8184719
4.4120374
1.7190574
2.4986348
5.0471328
2.5376587
5.2102230
2.9046974
3.9271094
2.6970315
3.1198286
2.8577365
2.7156072
2.0952024
2.1437881
2.9354564
1.5912384
7.6116984
3.8680906
4.5421047
3.8471935
4.7077933
3.6955680
2.4835414
1.3344375
2.1856531
0.7844225
1.2134661
2.5364501
2.8774155
2.0714280
3.5969386
4.4928380
2.4627155
3.6330367
3.1059832
3.2691935
1.4887574
2.1553813
2.5679681
2.1007018
1.4395275
2.3425100
1.2187411
4.0006751
2.7331124
2.2596044
3.9707432
3.4740755
2.9984108
1.9947228
1.4163467
2.5992631
2.4534872
1.4297458
3.0037553
1.9448801
182.4408950
3.4022252
1.5146745
3.8107189
2.7892119
4.9190899
2.6420611
2.8383075
5.2287803
3.8808466
3.4023224
2.2534395
1.4918419
2.2678728
2.8451831
1.7939868
2.1777892
1.7267894
2.6330873
1.5476399
2.5217348
2.2810367
2.3179316
2.0032037
2.0343352
2.7127312
1.0106373
1.0370684
1.9773116
0.2618544
3.3158681
2.7822258
2.5469672
13.8332026
1.8225274
14.9396564
1.7196270
8.9301548
0.3506914
2.4551218
3.1620837
3.2091751
2.1458162
1.5869665
2.3854699
1.7079263
2.1801944
13.2244400
3.7607762
5.7758588
1.9459312
0.6785907
1.1815019
3.1714939
16.1105560
3.5997241
1.0142290
11.5148595
1.5869293
22.3930480
3.0770188
1.8801162
4.6459831
1.2467402
1.5621226
4.1498573
1.3070395
2.6061265
2.7862493
3.5816208
3.7144137
1.5961684
4.9681927
0.7633342
2.7954098
1.9582087
1.9818078
1.2048930
4.8743918
3.8492195
18.6032397
2.7470132
3.6364784
5.1720438
3.2666186
6.7440025
1.0314170
2.7075815
3.9420402
2.6826516
3.2470479
3.8258249
3.1219204
1.5250098
3.8362765
3.2981823
3.7115158
4.1765410
2.5489021
4.0144758
3.2710448
2.6477068
1.1562277
1.3941679
4.1450198
1.7113010
5.0650560
1.0914200
1.0896159
3.6450661
1.3381759
1.2754958
1.5791037
3.6344502
4.4687420
2.4061688
6.9907260
1.4517312
2.5489995
1.2847926
0.6678822
2.7945177
0.8586643
2.6288060
2.1096272
2.2909054
2.8081848
0.8185830
1.2784437
3.5951288
4.1955013
3.2118999
4.6554835
4.6572778
4.3646859
2.3949391
3.2152997
2.0446227
3.4387887
4.7555702
1.9105652
2.2201269
1.7703569
1.9784499
3.2698167
1.8052572
0.8066923
0.5401419
2.5701613
1.3734580
2.8908967
4.5260973
2.5183145
5.0371002
31.9738745
2.7733361
1.9161758
4.1846426
1.6982014
2.1855876
0.7901665
0.9084792
222.6265926
137.1265759
224.6339957
193.4000972
19.6205044
5.4556527
3.5312983
243.9736746
3.1753596
4.7601579
2.4526646
152.4762321
223.8069479
1.0181212
4.3915038
27.1867078
1.3670195
171.4827684
3.9921219
145.0508103
3.0370991
5.0171123
3.8433526
114.0733777
174.2136083
3.5859716
2.2819539
1.2584458
1.8274971
1.4977639
3.1069771
6.6498301
2.6162686
7.3454078
2.3755876
2.1036373
6.2732516
1.7306709
2.8709300
2.1327180
5.0324158
1.3391514
4.7795406
2.5327936
2.8920460
8.0050643
2.5566083
1.6653617
3.9453256
2.8750622
3.0144364
2.8049637
1.6032019
5.0205734
1.4198159
1.8692064
3.5035866
1.6818039
0.3619523
1.6646092
2.8677795
3.0513199
1.9086035
1.6511234
1.4343269
3.8462592
2.5913599
4.8700959
9.2645115
9.7576137
3.5931156
4.2714167
4.8219635
4.5005556
3.1812623
2.3237227
4.0785365
4.4982343
3.0169455
3.9132863
12.0594930
3.6417697
4.9716854
6.1808032
8.1264296
5.6497700
6.2040838
6.3557118
2.4969290
4.2535735
6.1648395
3.2004395
4.4441984
5.1951535
6.8769505
16.2743041
9.0847994
7.3000794
6.4971283
7.7402083
5.1305578
2.4599589
5.2892358
9.6978547
4.4979890
9.6800258
8.8206239
7.7957575
9.5548519
10.5824206
10.6698742
167.5446890
4.3862610
50.4579206
8.7508684
60.1306698
2.7967455
127.5197051
11.7480371
11.7131209
1.8166950
4.1918218
5.5151729
10.9245517
18.0400611
5.2862031
1.2336156
17.2910052
2.4129066
0.4819276
3.8142021
3.9336021
2.8450220
10.0842294
30.6345156
21.8738402
79.5832160
15.6527063
1.8105868
5.1266790
22.9510389
2.8353915
26.2129085
14.5071225
76.4276517
19.8944733
4.0743724
35.2958885
20.3888755
8.5344865
2.3430526
2.4572532
49.1637610
2.7914516
16.2234802
16.0793369
9.1511320
2.4307661
72.9237168
9.8778074
9.1965694
15.8542222
1.1128260
14.0398785
7.0123745
1.9540853
11.2329084
7.4633877
7.0423760
1.5095673
2.2704374
2.3748580
4.3099983
6.1083592
4.5965917
3.3457651
4.6943845
1.2951305
2.7835211
3.3636766
3.9067106
3.2710308
4.2972686
4.3260641
3.1498833
1.2284271
2.2598156
2.0379628
3.5764193
2.4775207
3.7088134
3.4579020
4.7688814
3.6012712
3.9956834
5.8555381
10.2043153
6.1911863
4.6278436
6.3603874
3.8775677
3.9703361
2.9932348
2.2091588
2.1181272
0.6741574
10.5832663
4.3469487
8.1441453
8.8880685
5.9235391
3.3966569
3.3170633
8.0425636
2.4002379
2.9672355
3.8882686
3.7875846
6.2523684
4.7631278
1.7606367
1.3699903
1.7803852
0.8962741
0.9293499
1.7769315
1.3859672
0.8395963
1.4889110
0.7146657
2.9325286
1.6352829
2.8476757
1.8256674
1.8619494
2.2192464
0.6470501
0.3841580
2.1974978
1.4866847
1.1127977
0.8817865
0.7696490
2.2622419
1.6398834
1.5496916
1.4255847
1.6072112
1.6948384
0.9319093
1.2375837
3.6816941
2.6381561
1.9433443
0.8782723
0.7015812
1.0572653
0.9289177
1.6202148
3.1353516
2.4051772
1.7934141
1.3162368
2.1767133
2.0844968
1.9698708
2.8197399
4.2513882
2.2103938
2.7428371
4.7478091
2.4058326
1.6850638
1.8677321
3.8703592
2.3055960
1.7316239
1.1866444
2.8927006
1.9406535
2.6934865
2.4182279
1.1735307
1.8265597
2.6380812
2.3791130
2.8624601
3.2880215
2.7897092
2.6934892
1.3911091
1.5445874
2.7561718
2.7058121
3.5370820
2.5821333
2.3619463
4.2566157
2.1528859
3.3499586
3.0248197
2.8970594
3.3367285
2.6076148
1.8195642
1.5520530
7.0229252
2.6874752
2.0006219
0.8297540
1.0430413
4.6368896
3.9616937
3.4669278
4.5273291
2.8751255
2.2632628
1.7392523
2.9576090
2.6971238
2.5210047
2.4357671
4.5305896
2.0636828
3.1590701
3.9975473
2.4270322
0.8585309
2.7853047
2.5853946
4.6221374
1.2253059
2.0894720
0.7205799
3.7108882
3.0316555
5.0257091
1.3928096
2.8977168
1.3504422
1.6135090
4.4060097
2.1939775
2.6513044
2.8158157
2.8452432
2.1529874
1.6299210
1.0431350
1.4857391
2.2017635
1.8276640
1.5301351
1.3400729
1.3749897
1.1825025
2.2486255
0.8528479
1.9133297
1.9405092
3.0323614
2.4322530
1.3534618
1.7604287
1.2692427
2.7124216
2.3893548
0.9832542
1.3794981
5.5333512
3.9531054
5.3724792
1.8555724
1.7579833
2.2748419
1.3826493
1.7716094
2.1531095
1.6648232
2.5035338
1.8167437
1.2314442
1.7717258
2.3541152
1.3856299
1.6978779
2.7913466
1.9656426
1.7852671
2.2152653
3.0371459
2.0180291
1.8429324
1.5235052
1.0196841
1.5834272
2.9747739
1.4632551
0.8534433
0.5464127
2.0717658
1.8218747
3.4145708
1.5949610
2.5503417
2.1502081
0.1063399
1.2179878
0.3156465
0.1674027
0.7540521
1.5324621
0.8650229
0.9538147
0.4412040
1.0636727
1.6358618
1.4936143
0.8832092
0.6796267
1.7568675
1.9062551
3.5416073
1.9671198
1.9472835
1.7126956
0.8837697
1.8387291
1.7016979
0.4520671
0.7528604
1.2146256
0.4240866
0.9496751
2.9526885
1.3415525
0.6026229
3.0848043
1.0803344
1.8456008
1.4860955
1.9157457
0.7955317
0.6607867
0.8829400
1.0297311
0.5128227
2.0045228
1.5094708
1.5007916
1.0024162
1.7294431
1.2022454
1.0285911
1.5846101
1.8626737
1.9688085
1.9622218
1.6844599
1.5096520
3.2840194
1.7697548
1.3957394
3.0961585
1.7387546
2.0442590
1.3563306
3.1693123
5.4815271
1.3394730
1.5025338
1.7898974
2.4102009
2.5666709
2.1254557
3.0113183
0.3464219
0.8041193
1.5199113
2.6121715
3.4634100
1.4930258
1.2811716
1.4813489
2.9453472
3.0518950
2.3283757
3.0267293
2.6935057
2.8620727
2.0983747
3.1620517
1.6467471
2.3803099
1.9629267
0.2311508
2.1270671
2.7142143
2.5405736
2.1116638
2.5286284
1.5965651
1.9093898
1.8328896
2.1944615
1.5691424
3.8337276
2.4427753
2.6808340
2.6084851
3.5378974
2.1665588
2.4895562
3.0115552
3.7782477
3.1155754
4.5786559
3.3111113
3.6655137
3.6334010
2.3521074
3.2201910
3.2330263
1.3037628
3.1958858
0.9123638
1.8876685
1.8844548
1.7942927
2.5121972
2.8270065
1.5064059
3.4238045
2.1511379
1.5953713
2.4708462
1.5973766
2.9458545
2.7817975
0.7657875
1.1111398
4.2011819
1.4608106
1.9423775
2.1333023
2.6616331
1.2798480
1.9334615
2.1187979
3.2361612
1.4980528
2.3148505
2.5603435
2.1533519
3.1335740
2.6424587
2.9123110
1.8917178
2.0831559
1.6844948
1.9460583
2.0223258
2.7049656
3.4285718
2.5143650
3.1846045
3.5918605
3.3561296
3.0971799
3.5452033
3.3383387
2.6195403
2.0659526
4.0405187
3.0193605
3.2211976
3.7284096
4.1185139
3.0745325
6.2147523
3.6040911
4.2784475
2.3657480
1.2426640
3.7634843
2.8153937
4.3257559
2.8500474
4.9649852
3.1905067
4.2363501
5.4956148
5.2908406
3.9415736
5.8477311
6.2030267
8.0558000
3.3821856
4.3169284
2.2469386
5.4925676
9.2197975
5.7873065
6.4201548
3.4482892
5.6331027
5.1011361
3.4113620
3.7182846
4.8496302
3.5436525
5.3108699
5.5144194
5.7234669
0.6653962
2.0188505
3.5963499
3.6579675
1.5222058
2.2749903
3.0640747
3.0861275
1.4247269
1.0174814
1.2178362
1.8023557
4.0588894
3.4666182
2.7217281
3.4560973
2.3068679
3.2199599
3.8409044
2.5838390
4.0157844
3.2472608
4.7728709
5.5328727
3.6069258
3.6467426
4.4256000
1.9759881
2.7420431
3.5209975
3.3867486
2.1187201
3.1345722
3.6918734
2.9995754
2.2485795
2.7768240
2.7433480
3.6639475
3.9826296
2.3743639
3.7153805
2.1016778
2.6905478
4.7675623
2.5821866
2.4701044
4.0316392
4.2326950
2.4411054
2.8475758
2.7657147
2.8337675
2.2426678
3.5654925
2.9559190
4.5269721
2.3728428
3.2277117
2.7398692
3.5401188
3.4688061
2.7890178
3.1163986
3.1102680
3.2005518
4.3261452
2.2382813
3.3429927
4.6479091
3.1692099
2.1332582
4.8588022
2.2905402
4.4095637
3.1424178
3.9630453
4.0612831
4.0221819
6.4505781
4.6803272
4.2947091
2.3907745
3.4581795
3.9584673
3.2392704
4.2357096
2.5858404
6.0769188
4.3726908
5.2693369
5.3237198
4.6344902
3.7824006
4.3010045
4.6788071
2.7012119
3.7095845
2.8112631
2.4505235
4.6300018
4.1949670
0.8461463
4.8482986
2.7471210
5.9558231
4.0488625
3.7359846
2.3205899
2.9513622
1.9302194
2.1308915
4.2695836
3.8831790
1.7322641
1.7618776
2.4568933
2.9117639
3.5809160
3.0155507
2.8110964
1.5230645
3.3343893
2.9025625
3.4076563
3.0594521
3.1948726
3.2661669
2.7572666
2.9702887
2.4859534
2.3315381
3.1148737
2.4196257
3.0507088
3.6048947
1.9377799
2.4224813
3.5702469
2.0650678
2.7027815
2.7866048
3.5625132
3.0329043
2.1836684
1.9965222
2.4591975
2.3872173
2.7133270
2.9319742
3.6656501
3.2441279
2.8870120
3.0294565
2.9307683
2.0671563
3.7829896
3.7910662
2.4119696
3.2453050
3.4373234
3.1269030
3.9068994
4.2727850
1.8225254
3.1468450
3.0428250
2.4088966
3.0688566
2.6328634
2.1752836
2.7602202
4.0471935
4.1310808
5.6933726
5.3107106
2.4989511
4.5807577
1.5931728
2.8689752
5.3310176
2.8550499
4.9183990
6.6337284
5.2147984
2.5329502
3.2895360
2.1928536
4.3434252
3.1822021
3.0960514
4.9402188
5.0954369
1.2528780
1.5624411
1.4515755
3.7088216
7.3530438
7.9217654
1.9263920
2.0137873
4.3511517
1.4010130
0.3639017
4.4078327
2.1050786
0.5732041
1.1846392
0.7563565
0.4622264
2.0530803
1.8978029
0.4620400
0.9598552
2.9111570
1.5033846
0.5180048
6.5846261
2.0345385
1.0326529
1.9710415
1.9677531
1.5155148
3.1757295
0.5834561
0.5393775
1.1141366
0.7881949
0.8063632
2.1474919
1.0001771
1.6782531
1.1313419
1.1511090
1.7724598
2.0320724
0.8905877
2.1337948
3.0694514
1.2602305
2.2732198
0.7163853
2.2928231
1.6207721
1.3401948
2.5121788
1.6363365
3.6492944
0.7749546
1.3010910
0.8761398
6.6585611
1.2824732
1.1996528
1.0771500
1.0182367
3.8203891
2.5330968
1.6871915
3.3532030
1.0117870
3.1313866
4.0511167
1.7321845
1.7369636
3.3021860
1.8640004
2.1353127
1.5935080
1.7605716
3.1988824
2.6562387
0.9015510
1.0725362
6.9359700
1.9834391
0.5972842
2.2621489
4.1457544
2.3171480
5.9798772
0.8243502
0.5238720
2.4973453
9.7425358
0.7782439
2.6414857
2.9188795
2.0921846
0.6858769
0.7741240
1.9599093
1.5541880
0.9777491
1.0398302
2.3223204
1.2841687
2.4282479
2.7545336
1.1728205
0.4879977
1.6216412
1.0168244
1.1231105
1.9766323
0.9194344
0.8362086
1.4949539
7.9246065
0.8922667
1.5666605
2.1120637
2.1542721
2.3929594
2.5877125
1.6227745
2.6667513
3.1605073
1.3014656
1.9153566
1.7770231
1.4548186
1.2463087
0.5081705
0.9325454
0.5477752
2.2962552
0.7745357
1.6239421
2.0967849
1.3426756
2.0837902
1.7497111
1.6425295
1.6306061
1.4199051
1.8308460
5.3736259
2.4010165
0.7584784
0.9006125
3.5654634
2.2045898
2.5065857
3.3622205
2.0780055
0.6894269
1.1043395
1.8978674
0.8024216
1.6503469
3.1175817
1.1317897
2.1542802
1.6080805
1.8300831
0.3071130
1.6436863
0.7247008
0.9199541
1.8885188
2.0235745
2.8666484
1.3888304
1.4846970
3.2718243
2.2375874
2.2979970
2.2117993
2.4820966
1.1010085
0.8743836
1.7352357
2.1009447
1.4365065
3.6370930
2.7400231
1.9878475
1.2301013
1.3486394
2.0074471
2.3505482
0.4015723
2.2254006
3.1307992
1.4649551
1.9438568
1.4560077
1.1615328
1.4712114
1.7302927
0.7849050
1.3405725
1.8132466
2.3563413
1.1445121
2.1243452
0.5092931
0.6229043
1.2378712
2.2604825
0.9697105
1.0145134
0.9529859
0.6335392
0.6784940
0.8722673
1.2530603
0.9625487
1.8623843
2.2843092
1.8619810
1.6784169
1.3813163
1.1151134
1.8807064
1.9773895
1.2361430
0.7652903
1.4160224
1.4633596
1.2019496
1.2258147
0.9760707
0.5246175
1.6236832
1.4304446
1.9183605
0.5175003
1.1519447
0.9839821
0.8521438
1.1281583
1.7940004
2.0338296
0.4708772
1.1050386
1.3327280
1.7729704
1.1221317
0.5580082
1.0990380
1.2103021
1.2459413
1.9465895
1.8401679
1.8773160
1.0281178
4.1895428
3.4931121
1.3808806
4.2480526
2.9955123
3.4612252
2.4989779
2.4114705
2.3518114
1.6605366
2.5796647
1.3252346
1.7084417
1.0384072
2.4336961
0.4216342
0.8890968
1.3818605
0.5596956
1.0045051
0.8982658
1.6012779
0.6636779
2.4652096
1.6253283
2.0309868
1.7355234
1.1704960
3.0266593
0.6857673
3.1221265
2.2533105
2.1157928
2.1283795
2.1085222
1.9332167
2.1213172
3.7129700
2.7405798
2.9620783
2.4141786
5.0162693
2.4911138
3.4627126
2.8990253
2.3228605
3.2468496
4.0907954
4.2851448
3.0373534
2.9193108
2.6055257
3.4288204
3.5873529
3.4122292
3.9124807
4.9388034
3.9053527
3.3174852
3.0165032
3.0793656
1.9674687
2.6347927
2.6837360
3.5887872
2.1019807
1.6860396
2.7229330
2.1095867
3.1389793
2.1413079
3.7679390
1.4648707
2.4520441
3.4708024
2.3582966
2.9523970
1.9444063
2.5922997
2.6409646
3.2563467
1.5575386
2.3549172
4.9759563
3.1789209
3.7407673
2.6048632
1.7960912
0.8323548
4.0392518
4.0014912
7.3365632
2.5172547
2.6452942
3.1678767
4.4899852
3.5414372
4.3328101
3.9889715
3.8735366
1.7373003
2.6635711
2.8341018
3.0823319
1.4769584
2.6780303
2.1270369
2.0011876
8.2883789
6.2301119
3.6595158
1.6184116
10.5282113
1.5067637
6.3080374
1.6135665
2.6245159
2.5161457
1.4332432
2.1050897
2.5450898
1.3588051
4.1073257
0.6729884
1.1338790
1.3253691
2.7099720
1.1754339
0.7998282
3.0034550
2.4122043
2.2441593
2.6398627
0.7805116
0.1027188
2.9733355
3.3079561
2.3002822
1.9216265
2.1445957
1.0158194
0.4682250
0.9730228
2.2016352
1.6315609
2.8799279
2.2750944
2.7656041
4.5472652
3.2039855
6.6127296
2.8602685
0.7824618
2.5823152
1.6489356
6.8425165
2.1817895
1.8133304
0.9098191
0.7600100
1.0358784
1.9508861
3.8374082
5.7024739
1.1311158
1.8832298
4.4401981
2.4011250
2.1078193
2.0987428
3.0100187
1.9184120
2.6564159
3.0759220
3.1849929
13.3986413
2.4312261
1.0043846
5.0987915
3.6263274
1.4062056
2.2545933
1.8097193
4.2484642
2.0293732
3.7541887
1.2194473
5.4923527
1.6205360
2.8212483
4.9848068
2.4077836
0.5448926
1.4689942
3.3927779
5.5882168
1.9348351
0.9890761
2.2719095
2.2657774
1.4024457
4.1839167
2.2326940
2.9948262
3.3628396
3.7615268
6.3790575
8.8642452
2.7600568
2.9978348
2.4358412
2.3104766
1.5001113
2.8792593
7.1929057
4.7386626
5.8854365
2.4679095
3.9053988
1.3304974
3.1302065
1.3995382
2.8917085
1.9240701
8.9312326
2.5254427
1.8805627
3.4032414
3.8028011
5.1566874
2.8891686
3.0514214
8.3266762
2.4045497
4.5363699
5.0743179
4.8110251
2.0916449
2.6355806
2.3402412
11.4990169
7.9825967
5.7106724
32.0280526
5.9553358
3.1584219
9.4509308
3.9774839
3.0283339
7.8118798
6.3307579
4.2994532
2.8827687
10.1713400
4.5879304
2.3014619
3.8944833
5.1784685
5.0543670
5.2522894
6.3950104
4.2076343
12.5652567
2.1935881
16.2180794
4.8094430
101.3790132
8.6419607
25.6829544
9.5833818
8.9300772
14.6544017
123.5559451
10.8064923
14.5190415
3.2304086
1.5873471
1.1177829
1.1883368
7.2468917
14.2325300
16.9560382
101.2913053
122.2859252
8.6997356
11.7388884
133.9332496
200.1169411
