9.4744458
3.3851470
9.8884855
9.8846814
6.4861129
15.1022531
7.9160055
4.1829314
4.4844992
10.8503796
7.9160839
7.5220810
7.9952667
8.5192170
9.2896985
11.0188011
8.0958613
9.2843755
6.8470206
7.9069001
9.4739924
9.3206621
15.5772401
4.2783196
6.3895809
20.3445033
10.2292646
15.2661457
1.8132636
12.3182817
14.2714153
5.0730715
6.0518432
4.1854618
6.3236418
4.2327555
6.3323258
3.7447514
3.3223207
4.1997175
1.6969144
4.9162882
1.7866271
8.5691386
5.6765362
3.2094394
8.6932978
7.9367072
6.1599823
3.2630234
5.8840145
3.7831695
3.5503228
3.9259299
3.5855136
7.8595904
5.3726221
3.9808182
5.0568310
4.4782630
2.9056299
3.0835046
6.5706463
4.5132352
6.0388073
6.1646349
5.2844662
4.1846620
4.3385739
6.5075412
7.7893549
6.2846848
4.4113712
3.7263109
5.7817625
5.0865545
6.4984306
5.0090555
3.4891782
3.6927444
6.8932652
3.7941392
3.1471886
4.0752382
3.9553433
3.8972498
5.1973165
7.7598949
4.6063501
4.4242045
5.6811000
6.3757915
5.4911223
3.8651994
4.8365091
4.6751183
6.2298730
4.6623318
5.3297162
10.0857908
4.0912768
6.4140710
3.9505779
6.4381729
5.9787336
5.3235321
7.0557655
4.3756127
5.0878274
3.4557715
6.0360967
5.9323611
5.3205498
6.5134206
4.7996845
7.2042314
5.4852939
5.4956675
4.3030402
7.0412591
8.1967022
4.1251046
3.5651022
3.6662261
5.9299092
3.4536217
1.8900334
5.9518043
6.0363194
5.3466234
4.4385933
3.5080546
4.7615874
9.5020880
9.3824497
12.8632854
5.6501318
8.5491009
16.8264910
6.6790933
10.2153423
3.3819020
5.5947650
5.8712371
5.4879930
7.1140837
4.2182103
6.0132984
5.5340852
5.0849763
8.4076379
5.1225279
7.9812514
7.2737253
6.5029286
2.1344380
5.6437057
10.0668745
3.8016754
1.7236170
3.5103085
4.0088699
4.1885977
2.8108366
2.5856376
3.5485786
8.2595090
2.5921625
3.8833927
7.1884887
6.5386096
6.1904352
3.1357501
2.7024899
4.3089853
2.7101213
3.5734839
6.4487874
3.2694471
4.7669809
3.2265876
3.0988446
3.4290559
4.6577106
3.3872688
2.6642482
5.0277165
3.6139563
3.0417261
4.1687266
3.0244082
5.7477512
4.7108910
8.5925058
4.2877421
4.4059816
3.9833100
2.8157017
2.8914634
5.6320416
3.6477070
4.8258281
7.8995409
2.6237661
8.1507206
4.2943123
7.4662517
3.3647976
7.5992673
4.4864808
5.4778766
4.3580095
6.4423583
7.1706890
8.7869656
10.2038519
5.7243480
4.7928567
1.5066703
2.8108413
4.3862460
7.4582118
3.3692845
1.4849864
7.8521706
2.8929119
5.2078025
3.2544973
1.7275112
4.4922822
5.0789349
3.1518970
3.1070728
1.7579082
3.7895534
5.7419667
2.2507253
5.6159293
6.0844525
3.8449219
5.2765404
1.3657156
4.3413843
7.2646788
5.5633673
4.4704218
5.7937453
5.1567986
3.2395755
2.7266908
5.6182015
3.4395209
6.2849322
6.6506566
5.2412823
6.2395824
6.9704654
3.8444591
4.3647331
5.4981987
7.8911459
3.9555156
5.8038479
4.5001469
4.1599145
7.3785808
3.3531863
4.3319697
4.1167673
4.3160005
2.0945755
3.6103120
4.1926437
4.3012864
2.8925374
7.2141136
6.0287698
7.8436162
4.1145847
3.3959486
3.9901768
2.3811505
4.7491172
2.3117323
4.5137432
3.5387426
7.8137961
7.8885366
5.9705197
4.3482844
3.8831790
5.5339159
2.5187866
3.9489091
3.4345008
2.0635653
2.7099220
5.6829044
1.8738852
3.3078428
3.7013351
5.3317867
4.1931643
5.3399711
5.3891516
4.6877285
5.1610994
5.2721255
2.4333506
6.5648177
4.4388314
4.3641987
3.8382407
4.3211047
4.0740797
4.4723679
3.7609030
4.6530563
4.6327138
4.0292202
2.5172096
6.1692560
5.1250212
5.7089757
5.2231179
2.2507181
4.2325360
1.9098927
3.8182259
4.6728888
5.7156074
1.7058082
6.5071283
3.7828402
3.0900253
5.7530242
5.1939033
5.4660136
3.2215144
5.1734049
5.4470141
5.2018705
3.5940298
3.6713901
4.7005766
6.1430447
4.5429568
3.7460934
4.3697484
7.3833874
4.9255406
3.0230201
3.5464851
3.6988309
5.1993358
6.0095086
5.1584304
7.6531519
6.2705803
4.1262280
4.9360499
2.6069764
4.8363571
2.1555450
9.1001098
6.7468660
3.1850417
5.9838312
5.8988265
5.0910960
6.1511428
4.4943816
0.8455596
1.3897772
4.3522198
4.5145427
5.3041777
9.0722752
2.1619981
2.6091491
3.9076382
4.1310081
2.6819645
7.5728336
4.5249234
3.5028583
5.7353566
7.1720528
3.7885054
7.5540983
5.2930306
6.7865720
4.5055833
4.0169941
3.1481937
6.3245365
5.5072246
3.4669803
5.7070324
2.8095149
1.9330814
2.2830161
2.6316331
2.6157949
2.3520438
3.8214450
4.2185708
5.5963737
3.4260275
3.3094271
4.1434125
1.9815618
3.2885425
1.7004500
4.8554929
3.0483434
1.9225461
4.4019326
1.8345665
2.9037563
6.9723074
3.0337878
3.6789150
2.0619110
4.2552425
4.0467886
3.0455184
3.2082280
2.7465092
5.3958782
4.2241084
4.4534456
7.2239113
2.3932031
1.8377765
2.2440851
2.1494502
1.9561207
2.4810889
3.5063569
2.1268308
1.7695182
4.0706578
4.6676359
5.6139298
0.9988351
5.2671298
2.4295035
5.4052904
4.0410439
5.6582210
7.0476396
3.6301970
1.6433165
2.8370189
3.8311055
3.0151238
5.5977797
6.8717323
3.7475758
3.4409454
4.4155431
3.3242240
4.7907364
2.3391901
6.6758009
5.9594595
8.0090758
6.5202475
10.5746067
3.8999273
4.5570567
1.9901073
2.3727606
10.8215185
13.6376668
2.9025414
7.0125406
5.4974024
3.6972663
8.4467675
4.3857397
9.8947896
3.3135419
3.2471569
12.2786640
14.3231091
21.1722089
11.3552858
12.8907006
172.8701857
21.1132128
10.9508844
1.6807288
7.8922348
3.6329540
5.2238479
178.5959002
4.8673000
1.3899844
3.3029776
9.5234803
5.4187046
6.2565652
3.3957652
11.8435721
17.8224407
1.7152279
7.2966416
9.3192685
3.7427717
3.4969189
10.9956741
3.6479087
7.9720146
4.6132800
6.5458170
13.1845034
2.3008246
5.1224246
16.2866386
5.7320228
6.8410767
5.5643522
7.2506964
5.1597953
5.5933725
3.0157077
4.8422564
5.2679320
3.1332794
2.4291359
4.2961689
10.4001487
2.1690311
3.5636117
3.5892553
2.0389356
1.6207885
3.1420789
2.6563746
1.5613743
2.8749285
1.7338407
3.7897408
8.9962837
1.4631409
1.1013813
1.8162469
9.9575937
2.2502986
3.0430033
6.0042910
2.5309207
8.8398848
8.9484235
13.7247525
4.6418304
6.8610505
4.6031790
4.1733767
7.8515832
13.6377165
5.2320737
9.6924331
12.6587247
3.4234843
5.9811430
7.7462427
10.4193693
8.6548353
14.9315700
2.4773636
7.3701802
16.2518790
6.2843898
14.4730214
5.5331967
7.3419898
11.3946548
16.0264917
8.0473822
10.8280535
5.7120219
6.0016168
4.7101384
11.9994036
10.1585209
8.8247823
11.6751175
3.3877007
3.7773056
7.5919130
8.9787256
2.4350237
7.7828201
11.2733043
6.9516167
7.0994667
8.9702717
12.7567922
8.4179239
2.8850492
6.0014625
9.7345735
5.3823456
7.8800977
4.2998570
3.3822103
4.9530982
4.0316936
5.3210433
0.9171398
8.7329030
5.0968886
7.4896864
1.1640592
5.4218880
14.6779302
8.5476343
4.8740410
21.4467014
5.4332597
1.9561095
4.4141222
3.0806551
1.4155189
5.4768330
13.0299089
6.5556055
5.7297847
9.1600723
9.3843793
7.8144103
14.3785373
12.7227830
4.0002495
9.3495672
6.7494354
1.8529959
2.2538454
3.1293331
4.3279012
4.4455994
4.6347478
4.6541503
2.4943121
4.1416734
3.9719591
3.8271016
8.5671643
3.1080111
4.6518666
2.9409278
4.7066468
1.0012941
1.7901703
5.2993909
4.0666339
3.7208688
2.8314865
7.0942773
4.3181615
2.3324181
4.8823146
7.6349106
4.5944847
2.3830853
9.2417778
4.7435307
3.5317264
3.0310180
2.6620212
9.0542821
7.4067490
3.9464231
5.3258280
3.1532094
3.6516814
4.0121456
4.8856533
4.8705398
8.6210101
2.2667390
4.6397573
10.2442869
5.0014633
3.4882893
5.8773391
4.8824930
4.8448253
3.9906099
4.7496771
7.3222602
4.4998340
4.7381582
7.5267464
2.7475776
7.0989941
6.2180455
7.9501706
7.3619069
3.4201992
5.0634791
4.6584346
3.8856798
10.4875156
4.9324232
10.6186007
3.7159773
1.3203647
5.4671573
3.3912411
3.9325307
4.8867254
7.7585062
3.2056502
4.5170979
5.2034898
6.9547573
4.1928101
6.9060275
7.5031092
5.0997760
6.5187539
6.3312898
4.2921379
6.5576617
6.5427699
10.6258549
1.8179625
4.8288519
4.0293924
8.0206131
2.9716461
8.3904905
6.9125655
3.2783913
4.7616714
14.3666338
6.2428211
3.9874214
3.7478857
3.3633754
4.4377004
1.0245107
1.2135180
3.0360372
2.3808545
6.2462151
3.4209975
2.7972374
3.9577306
4.1242805
2.6386682
7.1354665
2.4011709
3.0038462
3.2933344
2.2971163
3.0724972
4.5276805
5.5135284
5.8646229
3.8386927
4.1224134
1.4986326
3.6146301
2.3549636
4.4722966
3.7930965
3.6749846
6.9646331
3.9144725
7.6329377
2.9063741
6.3900490
10.1713066
5.2720045
12.2138756
3.0046769
2.6761138
9.5018837
4.9465415
5.5815799
3.2018935
5.4774345
5.8910696
7.9999442
10.8275357
9.4075389
4.3237585
3.1940453
15.3991414
5.1312920
2.5301571
3.9623308
2.4287264
2.3150031
6.1127529
7.9414888
7.1376012
2.7762860
3.0621738
1.4163430
2.9126020
6.7562374
6.6554050
2.3900060
9.4933457
1.6903605
2.8704253
7.3592895
8.5092466
2.9386595
4.1889041
3.2818173
4.1027730
3.2062929
4.0588762
1.7316198
2.8495775
1.2957717
4.0013580
3.5850247
4.5447889
3.4412177
3.1225717
5.2596007
3.8469816
3.6867256
3.7449628
3.0778827
4.2975055
5.7226220
6.4390383
5.2065936
4.5947968
4.4153617
3.9416270
3.8708804
2.9280708
2.2115879
3.0690481
6.0703178
3.5160661
3.4861928
3.0845932
4.7336859
4.3352583
4.5187090
5.3499183
3.3382651
3.5584991
3.0662209
5.9844163
5.9993909
5.6525590
2.7458479
3.1906730
2.2396268
6.7973586
5.5406907
2.9373070
5.7557563
1.3667722
3.6040044
2.5617622
3.6304758
4.2311363
2.1877951
2.5844285
5.4290611
3.3191918
2.5954055
2.4784779
3.5444820
2.0793800
3.4851015
2.4569551
5.9668156
5.0300050
2.3418069
2.2009851
5.9551305
1.2806473
6.0876700
5.2247467
6.9476289
3.2677304
1.8623994
3.2459098
3.4548928
5.0305719
2.6689460
4.2827277
4.1032811
3.0737358
2.6910296
1.1379763
2.9386615
3.5970187
1.9157050
0.8845238
2.7421272
9.4262891
1.1859503
3.3591279
3.0458096
2.2859311
3.1802769
2.7861055
2.4780228
2.3804425
3.9399414
1.9032214
4.4171263
13.8405133
3.1513538
3.5327788
3.1783663
6.7299113
0.8796335
3.7201722
1.8151691
4.9500935
9.0588832
7.3456996
4.1376006
7.6324462
2.7707221
1.9538140
2.1554350
4.5559215
6.6854132
6.6170550
1.1913566
9.1762435
5.0677829
6.1195978
5.0358349
2.5433559
5.9185810
10.6195239
12.0203000
6.6240369
13.9375805
13.3055658
12.1895449
9.7883636
7.7953791
8.9240967
8.3653298
7.8727221
8.0369981
8.1937432
5.7916206
8.0681014
7.8665749
10.2698554
4.6278055
5.4310432
7.8598251
4.4908076
6.5237850
4.4135810
4.4795106
11.7779150
6.9404239
5.8784354
6.3526088
7.1375892
5.0031652
4.4093887
5.2292816
10.9753804
6.5628635
2.9007997
3.7421792
3.5361874
8.7502453
6.5075201
5.1285832
3.5589980
14.1327888
3.8511649
7.0843105
3.0895642
3.0749572
2.1740112
3.2796397
6.1774783
10.7802098
2.1963117
4.3396362
5.4350511
4.7728329
8.5260748
4.1071058
8.7643160
2.8276707
2.5940218
6.9419390
3.2822292
3.5434796
3.9324397
4.7917112
4.7257843
4.6355752
4.6604164
4.6393466
5.9983056
5.5418224
6.6305895
9.7844054
7.7489441
4.5452992
14.8871872
5.5126796
5.0574891
7.1024468
5.2577008
6.0841103
8.4473028
7.2791107
9.4905619
6.2196215
5.2713547
5.7228832
5.7908922
12.4972396
3.9236399
3.9717223
7.7634287
9.0873723
4.9796699
5.8469596
4.8191003
8.8633119
4.6236871
5.5437513
3.5622389
4.3035547
3.9962695
5.6185330
6.4118204
4.9328852
4.3457835
4.6256467
6.7936422
7.0022757
4.4971553
2.8995203
6.3330508
3.0146431
10.1548283
7.6704572
4.0246075
4.2055339
3.2454726
5.3809825
6.5273425
2.8243962
6.3359663
5.4554156
5.3692602
2.9702490
1.9429829
2.5736581
5.8940424
4.9710185
3.1778658
12.0575893
13.8711208
4.6460930
8.2632887
4.9793014
4.0253595
6.0709014
9.5460477
5.6454949
6.4258279
8.2896293
12.1993448
4.2271558
6.4739652
6.2682594
8.8486725
11.2212869
5.0520096
4.0622340
7.3071982
7.3812690
13.1863132
6.0801581
7.0019982
8.5422746
8.6423346
11.0324195
5.3814292
2.7824299
4.5084254
4.4418137
3.9601444
5.1330633
5.1762600
4.5753571
5.3552314
1.8550793
6.3621012
4.1235843
6.8792383
9.3287380
7.6033686
4.9550149
4.2692797
4.7539828
5.9739620
4.6390432
1.1371396
6.1246491
5.7018472
8.3008824
4.9582165
5.3939009
1.5369200
2.9900607
1.4319360
4.5147439
3.4868685
5.5320078
5.6556381
2.2806958
6.1291868
2.9780615
4.2780497
2.9475193
3.7611462
4.0852099
3.9508265
7.1256974
2.2457857
4.0211374
2.1640482
1.2359889
5.0612697
8.7357839
6.3971004
2.7720961
5.8282417
2.3326533
2.6298776
7.0502086
1.4691144
6.9464963
0.8340081
3.1712101
6.6415867
4.6377401
7.6671449
0.8203083
1.7869425
4.0319879
4.3388437
3.3734152
8.1227373
8.3051572
9.3407537
1.1025003
2.3630990
1.7232413
5.7208099
2.5349946
7.2867356
2.3813128
2.3476293
6.4273396
1.6626531
0.3722856
7.4013135
9.8588542
0.9113026
3.0632614
5.7183474
1.2024798
2.8142904
5.1747961
10.1347488
4.5642661
2.2063876
1.7957275
0.7885305
7.5085886
2.3970231
0.2105761
2.8539740
1.3681346
0.6394398
2.9507594
2.6138421
2.2236542
3.4100521
2.7675160
3.6793526
6.0067045
2.4548834
2.6868141
1.4917690
1.5794513
1.1477407
2.2195643
1.0253472
2.6631189
2.0766047
1.5367964
2.6045135
1.5634475
2.1873409
2.5069341
3.0955042
2.6834317
2.8885644
2.0073054
1.7667686
2.0206226
1.9558022
1.3113795
0.9637613
3.3094928
2.5854101
2.3570207
0.6973686
0.6845137
1.4810624
2.2564781
1.5918836
3.1319075
1.2993601
2.2660474
2.7052332
1.1362540
1.2952628
1.9512084
1.5081043
1.3841969
1.6142006
3.7158140
4.0643999
1.8894642
4.8224147
1.4667093
3.9533525
5.5082197
3.2965889
2.3767453
6.3613056
6.9218012
3.5770235
3.8851242
5.8963924
5.4380403
5.4723723
6.6749545
2.3609517
8.3778537
3.6748668
4.8849867
5.9365922
5.0149023
4.2234624
3.1858739
1.8303763
1.0823671
5.4741883
4.9453305
4.6907126
3.7626217
10.0928816
4.9333264
10.0381855
4.4167830
4.3106363
2.1037162
3.8158895
5.5195646
2.0241311
16.8546570
6.4424430
8.8772338
4.7221389
8.5207785
5.6311775
8.0630116
2.5763715
6.8190812
0.9994168
2.4663774
5.0320644
10.0943953
2.8222279
5.7306341
3.9212552
1.1424398
4.0421759
3.0566989
1.1291044
2.7512933
5.3223290
3.4322146
3.1643446
4.7505523
2.5551619
4.0631475
4.4300686
1.3959571
3.4493568
8.5089210
7.0604829
6.4514813
3.8952550
5.3278049
2.7517755
6.0869007
4.2831331
1.8767691
4.2490971
2.2666810
5.5880426
3.2159115
5.6155520
5.5047271
7.3155254
4.7139162
5.2566845
7.3492595
4.3851188
7.2627134
1.3570354
6.9336074
5.1205451
4.1677009
4.8267141
2.5511458
3.4130804
4.6342570
7.2942614
5.5373609
3.5770103
3.8808111
2.5402904
2.6149099
3.0202790
6.3227265
7.3643672
4.2456084
2.8982345
1.8609303
6.8394526
6.2557686
1.9937159
7.2693835
10.6169262
5.5788903
5.5951888
7.1012347
3.9825944
4.9277043
8.8294028
11.3362255
4.8591484
3.2837768
3.7103867
17.7604834
6.0933730
5.2761545
4.3015806
4.1005567
7.6987353
12.7458524
16.6427638
6.9875353
8.0882449
4.0528641
2.2954595
5.2670614
1.4193606
9.3685869
15.4078304
2.9254489
4.9462779
2.3562816
4.5172364
4.4607313
2.3137269
4.5404617
6.1102462
3.3101140
4.8546735
13.4408546
8.2478387
6.8451942
1.6599005
2.4217279
6.1849170
2.8010519
1.6265711
3.4946378
2.0367248
19.0437266
5.7933159
8.4558129
5.6434704
1.1448834
7.8550277
3.8685414
58.4792044
4.5344638
1.6672158
10.1664146
3.0746074
23.3085316
6.9069090
7.4134837
19.7952434
2.8499565
3.8732685
17.3963407
12.0125807
4.2629557
3.1404301
10.8091680
3.4068381
4.3999523
7.3458241
4.3969350
6.3843321
15.8128279
12.2888528
11.8119008
6.2094405
8.8328870
2.9745614
7.6987648
8.2258801
1.9521676
5.3492185
1.8986043
6.6922568
1.6595186
4.3390035
12.1172622
4.5458500
5.7374926
6.6361049
2.1096328
2.0458112
6.9373845
12.7843013
4.1393239
4.5419584
3.8285890
6.0605616
7.5904450
2.6864658
5.8105272
3.7183519
0.7399405
2.9843555
1.7583996
1.8551467
1.6261744
1.6451130
3.2512949
1.4067018
2.4060929
2.8052349
3.5751312
1.3195220
1.7642004
1.4420314
3.9587525
5.3046826
1.3147632
3.7641444
3.2960530
3.0161846
7.2367609
1.7384721
1.1866729
9.1328403
1.2473572
3.2286349
1.9266969
5.5959077
3.4909858
1.0443113
2.7316925
2.5591006
8.4721601
3.0868879
1.2048235
5.1149857
2.5622809
2.0237433
1.1386468
1.1222782
1.1560261
2.3838166
1.7367445
5.0991581
2.3694684
2.4103950
5.1577495
2.6265495
4.7653654
1.3210852
5.0898638
4.2643754
1.8349343
3.2070821
6.1182410
8.9502232
6.0226660
4.0841884
8.1999983
6.7387720
3.6092948
12.6067302
7.5825747
6.2338819
6.6856551
6.9160772
3.7367208
4.9564276
3.6029685
8.5384348
5.4786445
5.3476869
12.2486316
7.0441347
8.9213002
7.3379844
8.0778810
2.5094447
3.7249791
4.5902704
4.7638421
4.0063234
2.9484641
5.0178434
7.3504443
2.2523232
6.1258576
4.9342923
4.3911648
3.7713227
4.0762334
4.3533721
5.6322195
4.5978545
6.4132463
7.6443100
6.2244553
3.2957130
11.2568088
5.8002322
3.2813371
1.8569122
13.7342366
6.9980072
7.1658534
3.6610422
11.1185279
10.7563314
2.1304982
6.9473554
4.9093959
4.3545688
7.0781312
3.0739111
4.1825689
7.4624699
8.8661803
26.8242928
5.7253351
4.4150975
18.9895094
5.2307828
5.3243139
5.7335386
19.3752809
5.8501073
3.3014399
4.7127358
4.3749868
4.2651159
5.8194682
5.0760504
5.2034235
5.7002715
3.1900713
3.7154824
3.3993837
3.2522124
2.3738543
3.6849202
2.8429988
3.6959760
3.2894438
3.0487450
3.4722222
2.3406980
4.6607881
2.3026553
2.8624439
6.1047920
3.6330836
2.1276694
4.0585025
2.4540628
2.5652483
2.8770046
2.7380966
2.1805325
2.9165149
2.2712947
2.5480395
2.0084596
2.2881494
2.2794691
1.7692657
1.8008181
2.5381305
1.4961822
2.4202201
2.2229208
2.5539921
5.9353570
1.5375246
4.8418297
1.6557910
3.7933205
4.9845987
11.3943110
5.4845431
3.8575990
3.4406049
2.8203018
2.1159756
2.5854383
8.4688351
6.0768191
2.7474400
7.0199927
2.6290764
3.5796367
3.2740437
3.6511352
3.5146872
5.4673229
3.5610445
3.4398211
5.7376150
7.1209331
3.4829936
7.8580997
3.0703259
2.0666265
2.5677252
4.6857329
4.6187009
4.8747323
6.8170720
5.1588861
4.0638960
23.9900007
10.5067905
78.6081105
73.8473902
56.2180264
12.9525234
12.2070765
5.1422268
3.0297847
2.2392854
2.9655652
3.6252753
2.0880528
3.8064017
2.0910373
1.3255118
8.6105509
1.9664870
2.7089736
3.1420427
4.8153360
3.6506353
1.8385041
3.2605818
4.9329338
2.5040675
5.8363886
3.9830225
7.6976403
8.8367893
3.3896719
3.3121074
5.1478375
2.2454680
3.7917205
3.7583144
5.2314152
3.7388289
3.9914511
5.6909731
4.5897101
3.8869334
8.9879501
5.1496737
3.2227698
6.4152055
4.8205624
7.6879152
6.6051232
9.0069915
11.0237902
8.1020035
4.3817887
3.5504226
3.4619534
3.7354487
3.8038336
2.3754891
3.2639171
2.3982953
2.1365012
9.7856457
10.1857920
7.5728689
6.1770311
23.4547384
3.1676743
8.1144649
2.9282884
111.5108847
7.2494021
68.4319311
37.7604635
4.9260558
46.7154877
2.4275088
144.7057271
10.1494993
6.5524623
161.2902070
106.3246743
116.2822346
5.5363317
11.2185362
27.1993833
96.8836912
158.5775317
18.9394669
74.6191249
157.9029943
153.6669959
134.6243965
9.5970755
23.5124302
23.7810120
4.5297423
24.2104187
26.2227899
1.2775666
5.6291799
10.6564959
2.5883517
12.1534014
20.3088439
144.5150221
5.4115263
8.2510543
5.7888898
4.4171163
9.8858032
4.8537817
5.8006645
17.1456687
3.8999524
2.9594766
4.5185383
5.8439056
12.0330746
23.5986262
9.3363824
8.0622815
6.6593020
3.5327566
18.1227832
11.0152714
2.8671185
7.1860552
3.0274353
7.4368713
5.8552291
3.8813877
5.3232064
1.7184165
4.4409082
15.1149107
17.6871380
3.9119967
3.5303497
15.8170559
2.9881360
13.0543603
23.0471160
37.6311041
23.1412504
13.3010740
16.1731494
16.3335469
2.0517292
11.7091033
11.3572856
4.1134021
4.4744222
5.9583468
9.9029596
5.1763133
3.8588373
6.5849136
9.1335065
11.5232900
12.9761582
4.1255529
6.8075229
5.5337835
5.2375368
6.6532511
5.9264326
4.1903945
12.5575390
17.1936862
9.3553266
9.0728536
9.3821487
9.8460806
53.1922639
6.3265931
10.7652982
32.5262323
3.5668646
9.1308488
15.7138439
3.4604121
3.1216845
7.5851316
5.4161887
8.0222349
8.8723090
4.0306453
3.6645039
9.7771789
3.7369770
5.4562508
5.3412833
8.6918945
7.1710209
3.7712276
5.2656625
6.6913030
4.2872632
3.1738640
10.4658448
4.7912543
5.7693892
7.1784499
19.0379550
6.5465428
1.1771917
9.2902396
3.1560263
6.7085312
10.1811169
4.2095512
6.6833456
4.2346141
3.5056020
14.4809223
5.6801357
6.8322288
32.0238786
11.4935533
3.9509704
12.3082057
6.2332139
3.0477608
10.1567124
3.8083472
12.4092051
6.7340922
8.0810911
16.3979098
2.8197796
3.6820655
2.9088484
5.5052063
2.4733631
12.3941220
4.9594335
4.4087677
4.6258133
1.3808130
7.0375055
2.4910408
1.1631843
6.9467450
7.2606612
3.4991344
3.1148837
3.9481240
3.6516785
4.0598619
4.6862108
6.5450770
4.5373741
3.5156384
2.1538675
2.7208692
3.4215801
1.7822226
5.0715419
2.0479051
4.1745516
4.5711986
7.4281287
4.3283301
4.2202292
6.9056298
2.8514431
8.6225129
4.7709495
3.1640650
3.1947804
6.2481509
2.2167296
3.8090752
4.3707223
2.6712451
6.0388828
3.4227397
6.6893752
1.8009222
1.2819467
4.7514245
2.3309306
2.5068220
2.7642711
1.3019350
2.6170537
1.3855529
5.0715316
3.3185055
5.5509425
2.9821973
3.2339145
0.5088444
5.0042258
1.2755720
3.2039800
1.4921586
2.3209803
3.2371067
1.9499769
1.9287834
3.6236068
2.6117572
5.2984075
3.7979416
2.8617388
3.3214145
1.6108160
2.9858954
5.5561891
6.1555810
3.8490931
2.5030639
1.5875853
2.8740176
1.4529716
2.3290904
3.0442436
2.0298253
3.1940043
4.8665980
3.6973608
2.4243417
3.3467050
2.0163185
1.6202576
2.7013208
3.0260798
2.9736389
2.8195036
4.0526261
3.4811290
3.1046985
3.1240338
3.9427972
1.9085325
2.0127469
2.2371172
2.9340343
5.5401477
5.5375305
2.2836593
3.2109356
2.7957469
3.2804816
2.1988795
0.7314670
3.4464343
4.3003203
5.8341902
7.1823715
4.1589356
3.5352000
2.0248144
4.5109502
2.5396738
2.3789661
0.7398306
2.2137574
3.4174575
2.7704143
2.9861990
2.0967551
2.1346629
1.5915805
6.0471410
1.4198330
2.7366181
2.6162396
4.9991333
2.6999947
3.8268812
3.0434298
2.2386001
0.8526451
4.9865898
2.6796259
1.8904972
1.5017294
3.6344476
1.3084660
2.3280124
5.1997819
2.7962565
3.2159553
7.2504562
2.2218282
1.9776673
1.9583501
2.6984578
1.7814548
4.6799081
2.6970212
3.2062136
1.0547447
3.2452232
3.0499439
3.4614629
2.2964143
4.2198932
3.6131499
4.0440663
2.6411258
3.2715251
4.8168090
2.1232070
4.0234771
5.4602341
5.3329156
4.3226698
3.7478818
2.8534107
3.8748506
4.5391503
3.1009704
2.6280705
3.4451485
4.4963944
2.9981034
4.7003812
3.5507627
4.1775909
4.0309261
2.9570137
2.9087029
1.7724477
2.7644713
5.3718230
2.4266946
2.2516711
2.6426616
3.3381547
1.3646545
2.4596057
6.2109545
5.9930234
2.8681321
4.7109243
4.3930486
4.1662234
4.0325832
4.9802843
3.1682481
3.7798567
4.1688081
4.1081578
6.5721787
4.4623078
4.7389297
3.5919291
4.5854559
6.5502908
4.4741796
5.6301919
3.4062328
6.6051809
6.5434032
5.2227597
6.1441906
5.9685058
3.6111802
4.6820909
3.5177055
2.9543754
3.6541868
5.2667516
2.9722782
2.8521876
5.0928407
2.2811374
3.4131518
4.1599048
8.1884050
3.0612587
4.8740347
4.2312233
6.3749468
4.7043528
5.6862815
2.7484235
4.0640153
4.3813547
4.6808456
3.7194514
3.7770548
5.7560898
4.0081710
5.2515851
4.1792782
4.0792704
3.3978208
4.3189254
3.4208408
4.2817538
5.8657476
11.0399980
4.3280715
4.9703456
4.2731275
5.9073112
4.2306087
4.4871496
5.4533912
10.7761902
4.0606957
6.8336652
6.2306578
6.5404607
7.4334708
6.0351235
5.4884280
8.7005244
8.3580609
4.6750889
5.9615069
7.0919850
11.6206902
5.4367315
7.6507812
3.9983636
3.4763191
5.1123593
4.1231372
1.3356480
4.6734302
10.4462049
1.3506612
5.3339245
4.2120096
1.8412555
11.2390013
4.9706046
3.1583246
5.5405733
6.4085844
4.4831073
7.9357238
2.3776080
5.6852074
6.6431079
4.1683735
3.3748357
3.8526999
4.8388781
4.6908961
3.4960382
5.0803096
4.4578512
5.1070571
2.2822170
6.4850210
3.7449258
3.8923067
3.7858033
4.6680802
4.1679823
3.3235181
2.6269083
3.8437393
3.8042187
4.4375354
4.2384001
4.6626081
6.1452917
3.3741802
3.0530135
3.9947856
6.0861367
3.2957961
5.5886057
2.9207182
3.2196033
2.5146768
4.0525045
4.4020610
3.1952505
4.4941162
0.7101808
1.3031513
2.1005454
4.2515588
1.1238864
1.4209246
4.3541285
3.1184220
2.0003791
1.1155542
2.5929434
3.1003720
2.4736928
0.7526527
3.2078412
5.1484550
0.5408383
2.2975217
2.7009015
1.0964987
3.7382854
3.1242060
2.8496141
2.7980659
3.7035848
2.2159630
3.3640027
4.1602602
1.6986727
1.8918306
1.9703912
1.8378277
1.7997265
0.7286564
1.0543602
0.6817638
0.9625044
0.6254602
0.7782798
1.6549978
0.5586441
1.3586816
2.8759864
2.4726598
2.4028538
1.3309742
2.3856327
1.6256005
0.8320702
2.9368104
1.7059132
1.3214083
0.7888810
4.0709372
0.5354934
2.4282276
1.5932318
1.5472685
2.0922069
1.9772942
2.1866387
3.7553078
2.1834174
2.7115692
2.5342021
1.3393072
1.5080857
2.4760186
2.1225233
3.1207016
2.9665758
0.7327135
1.1421517
1.2644198
6.5957811
2.1359673
2.1620024
3.7142900
3.7350762
2.9668283
1.7128177
1.9862473
1.6525845
2.5248836
2.5323684
1.2521024
0.8668993
1.2175583
3.2877996
1.1358973
3.1514422
2.7211675
2.5825484
1.3155994
1.2791952
1.3111152
0.5336776
2.1245553
2.4017529
2.9547581
0.7666983
1.5221165
0.6863917
0.6774595
2.3273238
0.3194351
5.9444818
1.2531076
0.8338091
2.5494604
2.4168147
4.0894987
1.6640796
3.3937374
4.1865811
2.3530419
3.2075334
1.3884305
3.7239744
2.8881246
5.2438912
2.1659658
4.5286979
1.7436683
3.2865554
2.6950049
4.0094665
4.2266009
2.7495726
3.0747414
4.2607101
7.4310814
6.5965428
8.9782350
3.1281564
4.6180218
3.1615258
5.8196750
5.9810743
6.9724880
9.1951335
3.6162346
3.5511397
3.6349913
4.6429118
4.9607808
5.7274121
5.3446574
3.6650885
7.7829438
8.9066472
3.6292130
5.2950461
5.4547952
5.2766123
6.4480915
3.3075214
3.4123667
7.8482058
5.5211666
3.6216402
3.2204108
6.6918054
7.4376449
5.1987143
4.5936837
6.5123333
6.3990258
7.7949580
7.3746542
3.0615747
6.9301103
5.6838101
4.6374205
6.8470133
3.0745718
4.2089504
8.9679756
7.2201093
0.7905022
6.8591275
6.2630845
3.5636102
1.2339826
1.8944782
0.8254851
4.1875465
5.1081335
5.9671824
4.8659899
3.9299062
3.7006760
3.0418989
6.9287198
2.2751153
4.3408524
2.6269336
6.8365705
1.8688372
8.0232664
6.6568063
4.2923232
6.3672983
8.8761004
3.1504467
2.5314405
5.5823943
6.0920976
4.9004214
6.2087952
2.3214331
2.7454104
4.6125754
2.8890436
4.2967328
5.5060658
4.5379225
5.2522840
2.0914206
1.3479494
6.4895355
3.1418766
2.0389428
1.3220483
5.0370048
2.4292237
3.2391917
4.9058350
1.5991750
1.4648385
1.9901249
3.6682703
1.8919452
4.1693150
3.4131705
3.2744304
1.8747507
3.0180393
1.6828453
3.0989937
2.4969149
0.7380403
1.1700594
3.2906045
1.6758634
5.2293065
3.1777926
7.8168945
0.6815071
5.9408187
8.2328437
1.1085643
2.4073793
1.9132307
2.9458213
2.1239186
2.3521904
1.0503141
2.8667247
4.1857283
0.7025051
2.6371366
8.1712351
2.7602801
2.6175821
1.6528787
2.9726672
1.2964765
3.8981754
3.6780614
2.6611714
2.6648166
2.2750760
4.1073747
3.3993361
5.6674038
4.0336223
3.0537891
3.1199851
2.2482278
3.9672964
3.6457666
11.2421540
3.1978911
2.6639500
0.5365185
2.6708413
2.3979066
1.8364721
2.2027600
2.5993225
1.6256765
2.2426183
2.6458728
1.2957145
2.8372485
1.9424955
3.3498133
3.3682744
3.6267687
1.9982102
5.0735767
3.1914063
3.1258209
3.2609498
4.8430068
3.9208621
2.1572296
3.5249604
3.1087599
3.5076631
2.1431732
3.2453487
2.7826886
2.9416264
2.2347919
2.4171307
4.5657425
3.4714281
2.6621051
1.5410546
2.4123386
2.5740819
2.6995635
2.6116699
1.8855189
2.4632805
0.4712500
3.9965632
2.2232152
1.4876131
2.5398523
10.8240788
2.7126664
2.1789729
2.1319335
1.6663162
1.6913592
3.0907623
1.6950213
5.4278849
1.3949974
6.9565646
4.2574764
1.3419412
0.7941849
1.1608590
3.3002079
1.3147482
2.2510986
1.2924566
1.5659789
1.8010646
2.8391948
5.0385641
0.8228158
2.4648551
1.4958216
0.4518022
1.6188730
0.9628436
4.0118279
0.5061735
10.5098144
3.3167829
1.1512620
27.6293364
10.9516120
1.5036932
7.4302502
4.9070295
38.4697506
2.9128464
12.1132311
5.6202038
62.3579242
50.6019029
1.1545818
3.6407621
4.5935157
2.2949149
3.5386119
3.8421643
5.3420808
2.4681521
2.0412890
1.2572409
0.6632985
3.3008021
0.9645465
1.3431498
3.1387315
1.8628966
5.1293487
3.3482871
4.9891517
2.9185257
2.1468928
0.6656089
1.9326763
1.0693526
4.3657736
4.0657119
2.6173693
2.0258608
3.5166246
2.0421248
2.8503195
1.9825960
2.6664133
2.9472719
3.6599388
1.2711338
3.4526949
3.6663343
1.9427114
2.8324315
3.2142610
5.8050359
4.5074178
3.7578306
4.1175517
2.2024885
2.6412561
1.7865933
1.8501866
3.8375233
3.2316622
3.5902522
4.0199795
3.0732089
3.3737463
2.9730570
2.7215305
3.2602699
3.8831469
2.7927614
2.7961020
3.2201014
3.6673642
3.6439185
4.4108731
2.7274676
4.3382886
3.9239487
5.2929964
4.0690339
2.9967164
3.3123023
3.3733888
3.5190996
4.5307487
4.1087652
4.1470638
5.9455726
3.7918037
4.2278323
2.3928236
3.6638495
2.1890803
3.0093801
2.8561845
3.2328297
3.2369594
3.1009846
2.0568011
3.3026697
2.4885713
3.9278792
2.5445393
2.0686763
3.7997164
2.6808008
2.9940006
3.1588076
2.6022474
3.1487752
4.0498566
3.5670205
2.7771872
3.3682911
3.1313246
2.7818426
2.5075867
2.0533450
4.4734150
3.0079191
3.3136862
2.5957678
2.5778290
3.5646573
3.1176422
2.3803062
3.1765476
2.9024453
3.6102168
3.3941184
2.6753590
2.5673168
2.7132412
2.8114781
2.2640684
2.2499234
2.3976660
2.3740364
2.4668689
1.5294915
2.2936869
2.1507693
2.0528388
2.2328942
1.7211152
2.0934124
2.5062798
1.7034661
2.4221844
2.9562219
2.9375704
2.6736753
2.5185613
1.6441434
2.3617058
2.3204440
2.5611830
2.1892284
2.7251736
2.6080347
1.8067611
1.5039665
2.3981942
1.7771802
2.0239833
1.3912360
2.4939987
2.1529449
2.6932949
2.2339345
2.1536602
3.0676828
2.0337176
5.0454919
2.9908527
1.7672884
2.4889263
2.3974767
2.0278130
2.3984969
2.3153895
2.4664150
2.7179939
2.8382318
1.2329862
2.2928389
1.6634065
1.6075934
1.5984684
1.0140896
1.5171292
0.4966951
1.4921489
1.7057480
1.8538432
1.4009572
2.9289572
2.9666567
2.0787661
3.6740452
2.1329112
2.3959864
2.3714962
1.8825381
1.3506153
1.6408920
1.5923856
2.4039788
1.0233113
2.4173661
1.8862670
2.5840364
2.0263493
2.1582780
2.0267351
2.9240023
1.9614135
3.2563693
4.0891669
4.6822041
3.4755948
2.5576405
2.4446074
2.1657759
2.4491493
2.2525730
3.4410003
3.3401457
1.2931455
2.9684685
1.7591785
1.8452547
2.7190675
1.3642103
1.0515569
1.4712888
1.5282062
0.9885971
2.4723726
2.3084938
2.3385744
2.3277481
3.3134528
3.4522115
3.3180996
2.3493055
2.6175077
3.0941023
2.8848831
2.6772674
0.4022455
5.7308527
4.0067824
2.3203995
3.0456389
3.5597120
2.0406313
2.4786058
2.1871482
2.1400489
1.6998337
1.4506069
1.3845436
4.8437377
2.4165644
2.7257742
2.4343516
4.1644754
1.1066178
3.1991542
1.5177807
2.7330943
2.8789507
1.5579646
5.6776407
3.1489325
2.3555590
2.3857959
3.5584066
1.3752782
2.2856860
1.9700576
4.0535968
1.5309395
6.6662173
1.5546679
2.3510025
1.3318876
1.6473740
1.4918839
0.9949865
2.9447844
4.8377386
0.9568718
1.6575207
6.7091101
5.3732816
2.1753677
5.2044372
3.2531732
3.0876928
1.8528308
2.0173999
5.7239327
0.7189768
1.8899078
2.2040316
4.2777503
0.6231186
0.9988606
1.6018751
1.4474664
2.1977552
1.1015037
4.7719575
3.8414410
1.6004920
4.4115858
3.2160778
2.0341271
1.9026135
1.4661699
2.1454126
3.7341487
1.1317526
0.8759311
4.0835322
1.6694607
1.2690977
1.0400334
1.8509367
3.1698236
1.4157428
0.8964035
5.7004104
1.4242915
5.4533765
3.3943372
2.7258175
2.4228859
9.1659648
6.0288211
4.8701121
11.9697798
1.1359687
2.8999488
2.6340227
4.6370522
2.3658017
2.7888955
4.5601376
1.9470330
3.6209180
1.8747935
2.7628924
1.5671763
4.9807071
3.1552036
8.3712073
2.9325276
3.1197122
9.0308575
6.4376147
3.1147161
3.9152662
8.0998190
3.6565677
2.3908389
3.8231900
2.7544903
2.5489975
4.7165948
2.5354526
3.2115297
3.8202201
4.1826266
3.3822889
7.9520355
3.4397257
4.4145678
3.6763073
2.3708298
14.7542161
1.8333229
3.4978922
3.5803853
5.5266230
4.2267904
4.0581510
3.5812265
4.6166081
6.9033123
4.2783769
4.0975112
4.0363007
4.5458118
6.0301041
4.3334384
3.3090966
2.0577690
4.6617062
4.1055318
4.5470379
3.2834730
3.9398717
6.6690782
2.5871434
4.4816983
4.2059951
2.6313774
2.1334310
4.4188888
2.4318088
2.6345828
2.8300550
2.4818907
1.9783183
4.1000178
3.7927603
2.0658405
3.0515505
4.1120290
4.9125828
2.2745614
2.0798806
3.6945016
4.4396285
5.1780336
3.4048753
4.8274920
2.3962149
1.8350250
3.5594849
5.5796915
4.2501716
2.6024673
3.2611518
0.4203101
1.7311395
5.5155240
5.8804906
1.8210512
4.1393850
2.9320911
2.8130046
5.6547817
3.9426034
2.4592292
4.2918147
5.2500696
3.0048077
4.5760974
2.2916596
3.8030016
4.1841718
4.0645065
5.1092770
1.2975388
3.0317473
1.7704445
2.6197937
5.8389132
4.0847515
1.9200649
3.6475419
4.2083164
1.7883952
9.2208499
2.0285848
4.1295211
1.5856969
5.7482372
3.4808214
1.6831150
3.6785095
5.6108913
5.1097635
4.6391067
2.9416333
4.1381757
5.9695330
6.7567601
1.5706856
3.9549751
2.7886594
6.4382414
5.8866713
4.0079393
2.8587730
6.8390884
3.6600906
4.4614288
3.8449777
3.0578984
6.1836748
3.9695455
2.1822594
8.2991792
5.4891239
8.4038947
4.5098435
6.6565495
4.6562604
6.1429737
6.2739952
6.4397338
4.3392121
13.8307683
13.7165338
14.3201992
19.9646460
14.3529538
7.0719150
7.6369553
3.6542342
4.2149412
12.6711577
2.7071553
7.8921339
6.6779619
2.5283145
5.9927313
4.3057638
6.0005348
4.8472113
6.2396104
7.0502690
9.6316442
8.0407607
5.5046982
3.5501729
5.8058600
3.9157225
9.1832868
24.4437188
17.6442150
5.2531241
3.9504131
5.4234508
4.5493369
6.8982728
4.9040568
11.4144532
4.2558558
11.4161333
2.9814672
16.5085065
5.6068642
4.6570758
9.2879383
9.3819598
7.5760560
7.2035818
6.9420193
3.4923752
10.9372340
6.0863507
8.5991633
6.5812004
8.6851483
6.5536955
3.8727586
6.6940072
9.7823887
6.5105541
1.6623511
9.4585827
9.0490103
19.2655071
2.6328443
6.9598664
3.1981455
8.3599078
3.1617077
3.9287454
8.7897466
7.4517007
2.2511414
3.5497957
15.1962963
3.7307169
6.9175395
3.2537711
7.7656790
9.6959773
8.3796986
9.8034123
6.4650724
5.3708375
12.2874308
5.0149341
4.4836491
5.2653948
3.0533878
17.9261026
10.8883687
9.5885092
5.5533080
9.0303266
6.1487860
3.2446680
2.9978654
4.7823063
17.6046752
5.1728619
2.9020781
20.4671903
6.2051363
7.0820799
3.5305237
2.7447580
2.3894258
5.0164986
5.2159822
5.0350795
7.0602992
3.4140798
5.7887353
3.9293875
11.6860030
1.7380011
4.9182827
7.0330926
1.9028879
2.1536587
4.9652844
2.5603820
3.7856165
4.1474402
6.9123067
4.5965768
14.3431668
7.1217549
9.5259929
3.5404158
3.1062608
5.1394276
2.4386518
4.1452434
2.7605140
4.6839680
4.5448857
2.6196566
2.8561343
2.4572506
3.0281708
3.3353571
1.5566669
3.0370155
2.2390199
3.5414850
5.1858934
2.7608338
3.2045439
2.4237354
5.6969000
2.7357587
1.3416505
3.5807753
4.7735732
4.5582591
2.4948082
2.2117456
3.4230740
4.4364694
2.3196186
1.4758932
8.8835304
4.2868565
2.6499967
3.2451962
1.4207054
1.4399546
2.2271187
3.7123502
1.4187745
2.8111199
2.6823676
2.9085919
3.0904400
3.5204423
3.6601087
3.5409397
3.7070328
3.5009861
3.0320430
1.3963953
1.8219132
2.3977100
1.3334494
0.3879665
2.9370200
2.5407453
3.1483687
3.0652804
2.8468363
4.6617395
1.8526559
1.7100896
4.1413092
2.1076909
3.5220999
1.0159935
0.9369441
6.1130665
1.9468348
4.2027041
1.1717657
3.8556737
3.3894989
3.6220294
2.4447495
3.7941025
2.6585860
5.5366645
2.3059148
2.8281934
2.1146978
2.7061197
4.1227674
4.6862046
3.8811493
3.9818767
2.6048095
2.6492070
1.8143655
3.5991911
4.7637786
3.4651749
3.1847674
4.8517021
4.8067813
3.7099467
3.7282273
4.6667831
1.2400243
3.8806396
2.5998084
2.4885143
2.5656602
2.2624147
4.2785760
1.9236626
1.7998804
2.8791191
1.8490122
1.5912970
1.2868678
2.2923036
1.8127268
3.5378256
2.5388190
1.8716001
5.2663206
3.7646238
3.7258371
3.6268897
4.2166271
2.7635375
4.1199644
2.1163764
4.6583497
3.1707105
3.0885637
3.0069087
4.2777238
2.1207902
4.9708348
1.3097979
3.4874295
1.2741748
1.6410379
3.9353264
2.5981829
2.5294636
0.3956113
4.4152450
1.4981595
3.2909031
1.1701406
4.0914590
1.6571031
2.8646537
3.8448973
5.0682440
2.3439863
5.3528914
6.4163708
2.5547364
0.8199736
1.8793849
2.1954247
4.0220349
4.4745937
2.8684644
1.5914247
1.9106605
0.9145359
4.8984291
0.6406619
3.0316405
3.8469241
1.2807221
3.5241335
1.5645630
3.2934131
3.6040960
1.4588740
2.8636948
1.7756601
3.0600828
1.0993752
1.7351035
4.7097059
2.1828918
1.7463824
3.6922531
3.2661300
3.1980425
1.4900833
2.8057474
2.3430109
1.9540913
1.2627213
6.5276327
6.8083979
1.8364562
1.9680738
3.9920978
4.7773050
4.8580808
4.2676545
3.0500054
2.2109009
2.8542410
8.8656487
1.3032576
9.1785030
9.3553719
3.8697307
0.6019433
9.3949345
1.5036883
3.4389521
18.0807355
4.1107496
2.5489268
11.1929825
1.7316824
5.5213818
3.1286995
3.0292268
3.5216365
3.5527495
8.8241162
16.6452861
12.2200318
11.2003153
26.3298249
11.8859460
14.9044817
9.9297928
12.9536628
15.7224241
34.1415046
11.6000891
8.4738314
5.0078881
6.8219998
6.7943948
11.3035380
8.0777800
2.1913003
5.7531344
1.9702683
1.2713064
12.4989753
14.3458485
29.0107402
5.2687044
3.2689461
18.1533481
10.9751449
2.0978763
6.5073871
4.0875231
4.6769587
1.9030670
2.3669817
7.5186964
3.4805153
3.4603390
2.7347518
3.1906453
3.4968626
2.1626064
6.0655899
6.6952199
4.1342702
1.2197898
4.1681583
1.7224948
3.0139039
5.3576729
4.2440717
5.9045155
4.0239160
3.1779976
2.1469740
1.6357150
1.7264951
2.8683167
7.5711444
3.2116792
5.5530765
7.5154285
7.2136478
6.1091184
6.2245957
10.5147664
12.7087814
3.4303893
8.7632466
6.5573430
5.8299554
12.3492513
9.7608221
2.4356538
6.4328400
5.3040728
7.6884008
9.8187913
19.6858081
13.4051725
7.5581106
8.3497522
4.8096720
5.2853580
7.4365799
8.2985535
6.0164026
19.2322053
10.1507456
9.9607574
8.6352449
7.5512558
8.2595174
9.7941753
12.3506737
2.7768880
4.7912476
8.2273497
9.2279089
1.6682049
17.1360338
2.1454776
1.0751069
2.8146303
4.7818421
2.6464705
6.1107385
15.5872483
12.8722475
9.9243455
6.8246421
2.5460692
7.4309862
11.2974810
9.6810146
8.0530329
4.6827483
3.5847892
2.5734229
6.6172757
6.8289892
1.8555938
5.9363877
1.5057549
2.5699565
13.3870654
6.6293171
3.0574214
8.3867890
6.1259929
3.6997723
3.0718930
3.9769658
2.9515395
3.7543233
2.1809638
2.7894450
3.2167806
8.7816452
3.3887569
2.6152429
2.1507094
3.8921994
3.1750234
1.5076875
4.1160208
7.2779803
8.7795642
7.3126092
6.3799028
4.7072402
5.2698260
11.6920088
2.9895311
2.4503239
2.8877474
2.3987532
3.7073392
2.1474227
1.8785789
1.0064954
5.3179037
1.9082001
2.6482349
6.2816390
6.3333131
6.0861512
3.2387688
2.7132316
2.4638282
13.3305588
5.5200077
2.1414596
1.7513399
8.0019505
3.3042400
2.8198548
2.5165993
2.6354920
2.8529293
3.8512537
1.5370796
5.0821431
2.2683196
1.9710776
3.3675125
2.3627216
2.3650932
5.0203657
6.1089587
4.8911245
2.9780087
6.5803303
6.5264477
5.8073931
3.3234255
6.9013477
3.7240503
3.7323259
3.4822604
7.2061440
3.2320353
4.5938877
2.5265269
2.7105067
5.6978444
4.0857189
8.6651511
4.6284473
4.1767670
2.2823456
3.6710611
2.3938690
3.8988377
2.5831008
2.6596511
8.8116283
4.2702904
3.5643790
3.7416128
9.2078840
10.5606825
2.4420598
2.5614371
4.6484142
4.7153404
2.6661768
1.5076225
4.1825144
4.3840444
5.8260126
2.9227741
2.8390111
2.5585248
3.2323836
2.3454241
3.1148930
2.9475757
1.5807089
3.5144246
1.5439436
8.6115533
1.4960969
2.7797761
5.5240720
9.1557292
6.0693528
8.8063322
5.6026389
5.1777356
3.3446204
7.8095114
6.9997007
2.8982794
6.2164175
3.7933118
1.8755074
6.6048761
3.6208557
2.3898726
7.1051042
0.4809180
1.5370234
1.3827767
2.1862395
6.2078564
3.7233358
3.7192586
5.3675568
3.0300417
3.2160013
1.9404251
3.6465918
6.9583684
4.2953453
2.9013173
3.0658464
4.5994340
4.8690607
3.8470241
3.4888518
7.6808305
5.0046213
2.9259028
9.1966915
3.0726733
10.1059925
4.2530602
1.6725149
3.0281085
4.3482390
4.0568982
2.9624703
1.6720127
1.9188999
1.3249704
1.7269718
3.7869736
3.3287497
4.8853063
5.5246908
2.8210300
3.4221612
4.6004267
5.7587152
3.8798711
4.9885167
3.7732788
5.8679019
2.9499722
4.7680450
6.3334493
1.5640750
3.6773957
4.2189267
8.2257848
4.5360207
4.8964164
3.9481719
3.0536445
2.4810032
0.5320061
2.0426992
1.5967739
1.2060701
2.6619553
1.5016610
2.2972198
2.8268948
4.7523993
2.4176980
3.6233163
6.0656803
2.9242527
1.9907269
2.1194908
2.9779848
2.4959183
2.7188226
6.6539404
4.5089810
2.0690376
2.4781214
1.3742277
0.5577613
2.3410043
2.3557526
3.3494621
5.3265129
1.7724331
4.4035018
1.8929838
5.3738125
1.2924733
1.1795013
3.7553228
3.5355642
2.8949379
1.3289863
1.9301882
2.7405661
9.8755932
1.5865823
2.4750550
2.5185134
2.9183998
4.6236342
0.7258241
9.3030707
0.9119796
3.2829713
0.9837241
1.7043765
2.9950767
1.6448395
2.7829038
4.3327343
3.6877340
7.0324778
8.2710566
6.0846179
5.2531659
2.7876556
3.2226163
7.6733075
4.7403534
3.7351270
6.4106088
4.6908136
2.6967096
9.4915225
4.3732893
3.6344752
10.0109178
7.6162057
6.1070033
9.3496470
6.5519426
6.5385532
7.8009879
11.3405252
10.7426843
7.4666808
6.7567337
10.4312714
6.3426103
6.3011924
5.6691508
15.6875524
11.0693026
10.7689407
8.7237396
10.7585770
5.0861964
10.5348480
2.1098030
8.3866136
5.6475169
4.5401931
9.1438661
6.7868632
7.1889955
5.7387560
5.8832288
2.3899892
2.0662111
2.7096150
8.4747635
16.6815828
5.7947419
4.5857523
6.1013159
2.4885232
5.1467485
2.0473849
3.7908267
4.2133219
4.9431321
2.2409862
2.5669076
1.5139052
6.0104652
5.0466909
2.0919382
2.7153160
3.9299533
12.0728620
3.0267542
2.6452229
1.3699703
2.2543492
7.0844265
3.4271780
5.8228409
2.2312132
5.4460646
1.8837408
0.8999140
5.3916068
3.5034320
1.1156338
4.4024375
5.4548253
3.1688305
6.2882850
3.7705301
3.4185147
12.1832833
3.9617727
7.1095325
7.8045599
8.0540459
8.8041144
5.1775417
6.3149226
5.3344330
4.3626754
3.4260642
10.7157946
6.4163497
10.8200539
2.9033884
5.2162730
2.8987488
4.1135403
2.8833664
4.2684645
3.2135620
3.6689225
3.0811171
3.4734181
3.2834347
2.6631997
2.9647067
3.0900011
2.9435787
2.8450693
2.3732793
3.7891812
4.0953561
8.5109340
3.6843639
2.9798781
2.9325806
2.8705718
1.7276655
2.6530709
3.4982412
3.4195962
4.2551437
6.0012903
5.6023620
5.3456681
2.7296587
2.8627152
4.3385359
3.3669576
2.5282731
2.2906617
3.7232677
6.8447435
4.5638247
3.4529819
10.3680987
6.1869951
3.9469290
17.5326968
11.6122937
4.5226006
3.8216237
7.7307459
5.3712061
3.1233346
1.0343186
4.5985494
5.3872938
0.9465783
12.2938810
5.6571136
5.8476549
6.0815048
5.3045411
2.3384168
3.0041249
8.4716061
5.0786432
4.1482978
5.3327891
4.7499884
6.2196848
1.9493975
7.7399775
5.0516469
4.6857380
71.8925823
13.7145583
7.4239408
4.0255810
4.8310435
6.0346171
3.0312716
5.3729118
4.9170219
5.5036128
2.9891639
20.8340258
9.8876181
2.2414014
3.0693832
5.4967134
2.3701666
3.9537828
4.8231160
4.7469735
2.7960155
5.9008188
2.1740128
7.2084088
6.2142917
2.2505722
3.6183169
6.1450518
4.1423641
3.7609160
3.1472374
1.7293196
3.5900916
4.4262981
6.5955142
4.2412676
5.7243082
4.5047581
6.0481115
6.0867496
2.6692720
6.7438133
3.3593248
6.8286796
2.1405915
7.4697554
0.6628645
2.5619632
3.2043449
3.0977228
3.7563127
3.2505080
6.6806208
7.1941687
4.1039880
5.0285303
3.1056652
7.8003138
4.8886025
4.0600958
8.6857889
6.7710918
1.3483191
3.0356855
1.4307666
5.6995843
2.0754595
7.5333490
4.2137276
4.3149699
1.7983789
1.3099059
1.8103203
3.3834776
1.9093540
2.9101564
3.6548089
3.3206291
3.0654278
2.3236655
7.6522719
3.7758090
4.0938331
5.3735609
2.1597614
3.9034962
3.2295593
3.8401810
5.5250293
2.4512494
6.0853132
1.1850242
1.8779762
1.3025523
1.7188574
3.9018767
2.6041469
3.7920824
0.9461882
2.4597777
2.8054111
3.5189640
2.5848030
2.5934826
0.2066996
3.6768653
4.9747811
1.2315936
0.7213060
1.5902398
4.6728810
1.7193081
1.0437226
2.7895789
1.8926987
2.2581057
4.3855233
3.9071676
1.3554666
5.0767022
2.3904477
3.4127062
3.1417218
5.6006061
4.8279729
4.4246074
6.8865659
6.1123318
6.3742382
4.0514195
4.6248132
5.0008137
5.0020388
3.6545153
3.5073709
5.8963582
5.7917966
5.8040134
3.8022278
7.1668763
3.8377179
4.0826646
4.5221889
5.2535488
2.6079999
4.0308755
7.6205659
6.3952289
1.9343441
2.9937181
4.6150477
1.4456618
2.9737291
1.9215281
9.5061977
3.1583452
3.8158421
12.0291106
9.6219627
9.6848223
5.6209773
4.4808689
3.8173207
3.0129879
6.4191828
5.6124591
8.5725089
4.0384830
4.5102735
4.5512043
6.2803120
4.6398799
2.3898783
1.8208973
5.3171912
7.3760270
11.6460313
6.7502593
3.0899836
3.8189801
4.6918507
2.0154937
3.4294436
13.7139126
10.4993085
13.8453008
1.7005434
1.7499634
1.7457668
2.1887774
2.4359740
2.3842660
1.8442317
3.6587453
4.7678368
4.5848699
4.1838362
4.3306785
2.2211248
3.8714246
6.1390695
1.6516228
2.5272407
2.8929210
2.4003912
2.0569334
1.3476007
2.0180368
2.0503247
4.4582757
3.5015219
2.5318072
3.8377158
3.4537546
1.4416847
1.6240767
3.4263357
3.2346099
2.2004897
2.0829711
4.8123333
2.6943639
2.4503962
4.2119150
8.3856236
7.1900241
6.5162867
5.5377099
5.8747025
3.4152635
6.6396913
1.7304080
2.5029898
6.1859314
6.8010838
5.0992671
2.1974073
0.8853730
3.2834837
4.0661444
1.9001932
59.8526028
14.7553259
6.9833265
4.6246623
6.4569827
4.3219596
3.5876881
4.7037050
4.6253624
7.3151425
5.5180321
2.6589285
8.3249986
5.3773782
9.2433832
3.9616860
2.3803132
3.7111535
4.4859163
2.9539957
3.9031939
10.4723732
3.1299113
3.4222896
4.1599682
10.6170349
3.1837324
8.1843612
18.8308937
9.4424335
8.8204809
12.3722299
1.8617323
0.6291824
1.2482671
3.8781614
1.8364702
3.9111603
1.9898251
2.8261500
1.9667305
1.1384790
1.1436810
2.1305651
4.9073013
1.2995403
2.0392085
1.4967155
4.7459955
1.6001519
2.7172789
3.9374721
5.3416198
3.3784758
4.0898739
3.3051760
2.3758993
2.4405251
6.2368256
2.5160328
0.8031826
1.2160750
1.3802714
1.5312952
2.2671989
2.6515265
2.9194654
2.0596571
5.0666979
3.9181276
0.8407209
0.3593840
1.7721502
1.8990643
1.6324659
1.4193766
0.9583088
1.8776951
2.0189992
2.2098344
1.1003131
1.4916184
3.7680773
3.0042595
1.0046216
2.5623818
1.9944119
4.2714244
1.7489799
5.3394750
2.5934295
3.7223218
3.9698727
1.8260453
2.6175735
1.6433729
1.7289439
3.4024079
1.2097335
4.4323805
14.7397122
2.5598691
6.5093318
3.7266804
6.3923051
2.7455703
5.3441565
4.1482212
2.3014925
3.8175838
2.3107137
2.5203855
2.2805314
3.2292542
7.2586580
8.0220435
4.8246980
4.3265612
3.4763979
13.8891941
4.6722724
4.3459383
6.0567549
4.4464859
6.5315999
5.6382852
3.5891306
5.6906175
3.7981828
4.4475308
3.5295086
17.6965144
4.4797859
2.7502420
3.3429067
1.2141667
9.3498084
5.8044981
4.3662078
4.5851153
64.7712604
16.4532138
12.8562191
4.9239945
2.7003771
7.5009162
3.5199340
2.2708598
6.5174812
4.8680855
5.4271754
3.7007118
2.2016392
3.9611940
1.8716502
3.1318033
6.0762740
1.7897378
2.9704058
1.1401396
2.5058544
2.9833120
2.3296081
1.3790558
1.6337419
1.3347655
1.8024757
2.1916838
0.6841631
1.5719499
2.3882432
3.3361039
6.6195396
7.2165652
4.2591925
9.7665067
1.9425515
6.0145272
1.1131390
2.0963475
0.6427517
4.5559605
2.9284283
0.9604093
1.7304602
6.7165811
3.1814932
8.9052565
6.6821784
3.0798022
1.4349522
1.9115962
2.7762344
3.7317132
9.3489899
7.4944129
2.7474969
4.7580674
3.0890325
15.4176478
3.0041575
2.8801991
5.2096506
2.2045370
7.2161674
5.2809708
7.4040830
2.6033701
3.0156419
2.5995100
2.4426675
2.5932486
2.5801015
1.8582760
5.2787487
3.4005292
5.3425571
3.1891307
2.5522456
5.1522186
31.6470167
4.2910680
4.0556171
9.5188415
8.0259956
17.6108499
6.2291812
3.8518850
2.9698037
3.6457305
2.7445913
2.7813358
3.4146794
1.9985539
4.2598003
3.3961669
9.1053840
6.3116064
2.7792788
7.2152614
3.9171586
3.9472102
7.8326432
1.9292082
2.7625016
2.2425419
9.0703617
1.3172899
2.8638095
3.5563179
5.2241419
7.3918042
3.2591021
2.9218053
5.9512617
1.3188837
5.2729619
2.4032307
2.3834053
0.8924719
2.5650709
8.3655743
2.4231191
2.3103873
5.6101614
6.2656276
6.8608839
2.8423976
3.4155599
3.1754672
6.6332903
6.7033156
6.9156798
5.6864747
5.3940703
5.9474636
4.1076362
3.0640437
5.6171878
6.8630032
2.2926797
4.4159556
2.6942210
3.8935301
3.9063122
3.2328312
4.1124529
2.3821836
3.8896849
3.1601947
4.1846229
8.1743789
5.7325642
5.7687026
23.5422118
13.5116461
4.6516915
9.5695076
1.5106022
8.6074968
4.9755298
7.7328145
111.2394846
22.7726712
108.4954478
49.6487461
46.6197658
4.4000500
5.0963005
160.8597996
24.8626422
6.0484025
18.0869834
25.8492720
155.1192310
17.9039432
8.5935479
122.8681962
5.8563462
59.9650456
5.2032651
176.9807230
6.4579211
11.1861022
14.5947961
163.8968117
95.7015255
17.9173559
13.9802532
2.5817001
2.1432947
7.2122808
4.2319725
3.9066787
3.3247123
14.2396221
3.7660063
7.2877142
26.7783161
3.4841045
4.7194722
2.8278349
3.9281922
2.0268003
8.3848880
4.1194308
8.9566742
4.9915752
6.0341796
4.5601068
3.6601896
5.0426270
6.6263574
3.5884704
5.2576919
5.9990230
2.1766901
1.4710491
11.4213195
2.1509055
1.7684723
2.7400961
19.9763489
9.2095340
5.5510443
10.2166914
1.7199108
8.7011594
3.0831931
2.6736788
15.1622259
22.3491471
6.2601422
16.0523282
9.5499869
6.1248791
4.1913761
4.8135762
12.5778498
1.5421719
7.6080865
2.8380388
48.8883738
5.0021702
23.9491912
13.6951458
17.1449496
11.0730148
8.4451188
5.1905795
6.6882465
3.2827978
3.8194330
7.2101639
11.5909541
15.7476119
6.1020077
59.7647516
2.8978176
6.3700656
28.6410437
80.2233748
5.9562042
6.5089252
2.8485008
12.8736073
5.1575275
13.0822282
14.4700379
12.3982980
5.3540410
3.1220388
8.3538395
39.1474031
132.1783728
18.7803669
2.2533357
4.8809966
4.9490772
171.9572874
6.1573058
3.0923654
2.1755978
4.9020753
6.9674560
21.8113245
25.3013608
12.1174553
2.2350374
4.1048877
3.1088825
5.3787863
2.2108250
1.5965025
1.9591901
4.4104489
15.5657159
5.6752254
18.8341018
2.1817023
4.2435340
3.5967728
31.1881295
12.6607813
10.8215103
56.1408640
7.4866954
15.8017601
2.0303938
18.4097451
12.1491192
9.3588097
5.9364599
2.7128202
26.3714922
3.2261575
8.4368050
13.0639710
4.9781829
2.8204961
38.6446547
4.5692510
2.5008406
8.7446708
1.5091230
7.8239866
4.1761659
2.4709743
7.3642975
5.7824334
5.1229666
3.2206416
0.6074677
1.0028507
7.5082149
5.3664015
2.6116929
2.4560689
6.3587926
2.1573558
4.7768501
2.0486353
4.7214372
4.6865592
3.4861011
3.0362508
6.1315166
2.4335626
1.1728160
3.3516638
1.3226534
2.0917078
3.0052951
2.0642911
0.6888572
0.7961468
3.5111182
5.1102756
8.9333591
3.0870231
4.0165401
4.8876279
2.4780558
2.7907955
5.4933567
1.0506714
3.6825553
2.7954996
7.7163063
5.0135117
6.9027851
5.3155765
4.1298308
1.1793208
4.4816874
4.0387501
2.2533099
2.9159379
2.3088385
3.2079825
5.2161464
2.4824273
0.6277250
2.3141825
3.6041274
1.3865727
1.1781549
2.4154436
1.2114846
1.9562895
1.4917649
1.6329031
2.6418373
2.0251813
2.0246729
1.0036379
2.1281916
3.5765139
2.2294464
2.1977493
0.3280042
0.9344022
2.5787231
1.9482734
1.3737501
0.6503313
0.6076674
1.6520317
0.9431945
2.7983778
1.6237180
2.4197412
1.6614486
1.2364031
2.2943606
2.7100595
1.3515303
1.4891089
2.1750598
2.6288004
1.6285665
3.6027945
3.0823251
2.1241846
2.1652480
2.2639355
1.1539050
2.1586999
1.8893385
1.9520325
1.0204339
4.4664310
2.0740342
3.5468700
1.8639877
3.3386467
4.6436917
3.3400629
2.6446682
2.4210922
3.2184549
2.3895273
3.2552809
3.1917018
3.0708537
2.1580410
2.1834103
2.3345436
3.3883924
3.2352988
3.2206203
3.2089943
1.8313736
0.8695702
2.1556091
2.4477730
1.7462538
1.9553466
1.3395677
2.8475733
1.6127622
0.7333695
0.8469444
0.9034334
1.8646389
1.7851454
1.6393684
1.6324708
6.7507114
2.1530208
2.1853604
2.8025265
4.5554097
1.8494286
2.0448619
1.6881525
1.6932595
2.0953245
0.6033752
1.8422829
3.6515863
0.7158135
3.2041067
1.9808716
5.8835283
3.7852240
4.5437268
4.0930426
1.9531024
0.9943100
4.5928949
3.5158963
5.7800229
1.5113390
2.3460260
0.9092366
4.9546907
1.9700703
5.7887563
2.5258733
3.8572520
0.7071028
2.0402130
5.7606082
3.1648512
3.9523002
2.0174810
1.5920740
2.8616755
2.1346565
2.2858433
1.4601512
4.5914758
2.3214962
2.4449027
2.1290466
1.3460692
2.6170769
3.4758545
2.7038929
3.1263758
3.7290300
5.3641027
3.9354539
2.8412989
0.9439065
2.7172071
3.8616252
4.0177881
1.7997879
3.8313574
7.0108487
4.7913330
6.1612617
1.8358992
2.5909534
5.3445464
3.2569640
3.8746641
4.5109665
2.4070762
1.1079124
1.2872926
2.0111011
2.2727159
3.9973420
3.9765818
2.6166324
3.3741345
3.3292280
3.6230963
4.9954209
4.9494005
3.2335080
4.0331987
3.2261973
2.7306135
3.0078002
6.3557934
3.8737964
3.8105658
3.2689140
2.3268986
3.9370349
5.8908436
4.7619650
4.9373477
5.0633290
3.3422889
4.3425527
3.2955657
3.5996647
2.3266689
5.3382702
3.6181027
3.7171706
5.0091941
3.9033164
4.1671793
4.6451124
5.5992932
4.6942800
5.4116418
5.0488402
7.3200660
3.0305614
4.6516082
5.4007342
4.6432669
5.1536380
2.2911875
4.1885114
4.3597621
5.0766012
3.9976486
2.8557031
7.9599598
3.2855789
4.0612190
5.2720816
3.9614494
4.6828655
3.4347460
3.9058305
2.9426415
4.2283002
3.3140567
2.4593739
2.7983983
1.5682049
5.0567669
4.1873404
3.5293434
5.4257948
2.6759155
3.3492748
2.6075773
3.7914642
2.5308038
5.0706115
4.8879037
4.4816738
7.0080018
3.0267257
4.5483113
6.1087328
5.0749857
5.2003515
4.8469562
7.0989717
9.6315808
3.7257239
2.7034898
3.6904324
6.9536038
4.3357807
4.4558922
9.2217294
2.8527267
3.5089778
7.4219007
5.3020933
8.2292848
4.7998465
4.9603574
4.2253572
5.6023988
3.4602273
6.8759740
3.8182352
4.7507714
3.9859741
3.4382217
2.4845750
5.7818440
3.8464763
6.6986007
1.9384556
3.2286452
5.3580117
1.5641112
2.2176654
4.1549786
2.1928586
2.5400108
3.0286625
2.2208285
3.7543543
10.6447769
7.4522894
4.6845066
6.3739199
7.7135568
3.1785875
2.2399349
3.7732401
3.9402582
3.2908314
3.8860692
3.6080339
2.6354486
3.0226141
3.1126606
4.7217858
3.9685815
3.8973519
4.1969993
2.5279086
2.6090544
3.2462638
5.6603299
3.8414007
2.2103893
4.4971400
3.4882120
3.5803708
2.5499145
4.9825913
7.5638222
1.8760597
5.9863493
4.0298604
2.2514554
3.3541947
2.8245264
3.1731753
2.5729600
2.3958900
2.8655690
3.7265798
0.4477082
1.2804673
2.9439663
2.3551440
1.0090347
2.0471910
4.2432446
7.5947877
2.7980028
2.2795785
6.0846850
4.7741209
2.6531888
4.5315136
6.0330097
5.1910919
1.7360116
1.5414154
1.6235517
2.9334896
2.3806172
1.1059499
1.7043651
1.4755948
2.4879954
0.5797517
2.2856082
1.4212521
1.4161566
1.2315496
0.6657574
3.4266887
2.4477323
0.7729469
1.9585593
2.8425411
0.9570248
1.6266347
2.0016838
1.0297402
0.9140436
0.4725473
1.5193249
2.1696142
2.5024587
0.8028849
2.7347047
3.4016836
6.0923062
1.3340485
1.3625757
2.3164929
1.3992755
8.6236968
2.3680005
2.3171342
1.3929238
3.0548400
2.6010595
2.0592386
1.2246407
1.6278820
0.8097442
3.2052732
4.0438234
2.8064487
2.3974234
2.3069850
2.9363358
0.8415194
2.2195749
0.7670687
1.1791002
1.7718386
1.5320765
2.5086769
2.4110811
1.6146730
2.4968573
2.7323950
0.9921483
2.7165884
2.1275502
1.1749072
4.8986626
1.9297680
1.8403224
4.0795996
4.3282938
6.1036988
4.8764012
3.6656641
3.5470029
1.8148287
3.6372940
3.4568257
2.7022966
4.3607425
3.3631161
7.9207207
4.9715534
5.2833491
2.0580808
5.1497392
7.0669228
8.1816479
4.6103930
6.5873920
5.9264671
7.3901486
7.3549779
7.2839622
4.8613761
10.4605867
8.2587497
11.0145334
3.4010687
5.1319464
4.2941275
3.3795410
5.4215251
5.3563702
8.5361940
1.8946746
4.2634554
6.3668131
7.8488173
4.8514752
4.4656994
5.6933811
5.8846231
4.4366785
10.6887444
5.0891746
8.0855571
7.6378060
6.5602668
6.7881333
4.2317722
5.5892244
3.3903398
6.2995303
3.3969416
2.8613942
2.4950701
3.7512512
2.3099691
2.6188383
3.0587652
4.5160612
3.6974073
4.2891568
1.3252336
2.3259934
5.6342594
3.6293558
2.4672136
9.0879318
5.0052265
15.4434194
4.1714791
9.0717042
6.6403587
4.1822482
1.0251968
2.4229788
7.3540273
1.1073636
9.2107087
9.9356440
5.3758155
9.0045952
4.6930404
2.0863939
6.0041975
5.3686965
5.9566325
3.4630057
4.5392507
4.9918930
4.0452784
0.8924944
0.2009971
3.0784347
3.5515922
3.2338718
1.4451243
1.4002722
2.7314743
2.4170849
2.5384288
3.9973172
3.9137491
2.4132964
2.3527258
2.8987455
2.4387201
2.8338972
3.9609194
2.0752958
2.2730383
5.8485414
1.9415070
3.2624177
3.6511918
1.5465133
1.7675237
3.7893736
2.4578739
4.0934793
3.7133632
2.4236901
3.1274356
4.5428442
2.9054740
1.6588538
2.0937633
3.0785714
0.8033702
2.0432288
2.5322272
0.9737716
1.9584673
2.4062730
3.4792491
0.2769522
1.8493343
3.9797746
2.4191204
2.8559493
2.9523738
4.3625300
2.6996829
4.6048789
2.0646302
0.9736894
1.4135752
1.7592059
0.4770297
0.9360491
2.9214746
2.8269651
4.7002241
4.0769863
3.6994904
2.9894062
2.7066946
3.0713635
2.2387351
2.1505060
2.4320739
3.0727975
3.2135970
3.2542455
4.2109532
2.6000838
4.0367058
2.4635268
2.2687600
3.2389012
2.0560420
3.5564506
2.4369171
1.9534758
3.7435774
2.4659500
3.1882462
1.7560215
3.4591368
2.3232552
1.6579804
4.0906562
3.0415364
3.4148620
2.3814592
2.5825868
3.7240415
1.5090791
2.5650771
3.4080071
1.9852355
1.8269202
2.0345705
3.8934281
3.1509945
3.1172085
3.0081596
3.2900530
3.6716103
3.2524934
2.3788212
1.8852364
2.4431052
2.7275037
2.8038011
1.1785117
2.5659464
1.2315974
3.0050753
3.2667263
1.6558090
4.4237901
1.1983282
2.3918895
2.2160871
2.6855949
2.2902581
2.1169608
3.6612215
2.6118070
2.2728152
3.4509940
0.8564004
2.7073621
1.8505554
2.0456369
2.7569694
3.3432144
2.8013824
1.9587703
1.4295131
1.3553411
1.2871698
1.1039155
2.2710377
3.6200147
1.2828311
1.5424344
1.3487582
4.1676860
1.8856170
3.1720643
0.4006908
1.6135758
1.9346792
2.4026094
3.4074267
1.3896852
2.2655794
1.9912688
2.2010537
2.2730248
2.0798470
1.8864496
6.0063503
1.3095537
2.3738901
2.1812803
1.5728533
4.1393807
13.4589668
1.0312074
3.1146138
1.7748752
1.9757173
1.9673513
1.5426877
3.0466859
1.1544195
1.8418391
2.0979227
2.6387096
0.6504048
1.4614160
0.9391725
3.3762453
1.4134352
1.6155401
2.4937269
1.4638477
1.1960821
1.5049010
1.2080726
1.8018208
2.1077723
0.9632876
4.0693803
1.6063041
1.8854449
4.1521829
2.5856191
3.1416530
2.1260107
2.6782296
2.2364540
2.5441996
3.1466116
2.3073163
2.9225512
2.1407532
1.0167911
2.1074451
2.2441628
2.2320812
3.0910836
1.9895128
2.7293138
2.5473178
2.7709032
3.2365204
3.3731071
1.8979817
2.5206945
2.4675860
2.9376410
2.8029417
1.6984414
3.3157073
3.2177395
2.7660995
4.6229154
3.4002392
1.9924219
2.7951353
2.2212955
1.4689820
2.6769354
2.9760812
2.7787348
3.1750684
2.8961131
1.8077621
1.4648282
2.0900835
2.5324739
2.8659119
1.4510648
2.1150465
2.4576793
2.1625258
2.3640410
2.6572167
2.2428580
1.6892537
2.2732230
2.3051914
2.7720350
2.5139646
2.7055459
3.5324440
2.5777674
2.6829895
3.8926633
3.2054428
2.9411161
3.3478031
3.1490307
3.1475997
2.7003788
2.9473164
2.9782017
2.9223056
2.9116744
2.5997193
2.5305301
3.0855357
2.3738284
1.5905997
2.5539879
2.0267838
2.2466844
3.1493291
2.2944434
2.5798018
2.8404129
2.8402128
2.6592948
3.0456239
2.1124996
2.3515922
2.9787700
2.3336527
2.1949320
2.6674544
1.9960331
2.8000703
2.8370393
2.6027066
3.5902860
2.7911028
2.7601427
3.3422121
2.9406662
2.8572123
2.4220903
1.8227706
3.1299931
2.9271127
2.7002778
1.8053354
2.6767505
3.1179553
3.4119682
3.2169993
2.4429709
2.7626758
2.7848554
1.9158167
2.9234710
3.1512507
1.0660496
2.6453537
2.3992123
2.0831859
2.0977544
2.2042529
1.5426842
2.1421766
2.0588907
3.0837560
2.8610672
3.2502878
3.5059988
3.1341968
2.8386085
2.0601290
2.8378233
3.1750694
2.6168076
2.4818329
2.3865138
2.1333519
2.2503561
2.2774047
3.3395614
1.8548795
2.1923557
2.4229250
2.9423715
2.1373982
2.4506319
2.7512365
1.6095201
1.4719599
2.3272676
2.3115342
2.1861275
1.9260094
2.5061184
1.9353793
1.6915883
2.6325783
4.1398548
1.9273770
5.7865283
7.8670762
3.7549661
3.1076577
5.2595611
2.2302077
2.7870144
3.9248281
1.8751787
2.9290099
2.4880401
3.0942568
2.1776579
1.9551244
2.9899061
1.6782899
1.5422868
2.2177782
10.0522342
4.7921377
3.8747181
1.7472321
3.5661845
3.5747325
5.0481249
5.5935976
13.0095388
1.3689810
5.9291104
3.5130341
2.8990464
2.2447962
5.1878201
2.7031663
3.6047175
2.5306499
1.7126177
2.6277500
1.7796154
2.6546147
2.1023922
6.5622910
0.7467041
2.3295124
6.3687662
2.8928120
1.4956380
2.1255149
1.9869110
0.8882000
0.9122686
3.7312049
0.7609560
4.7534344
3.0660147
2.5007371
3.3806998
5.4849167
1.8992713
3.7228652
2.5624583
12.9199715
5.8608803
4.2895507
1.5288266
2.7238205
1.8021770
2.9824147
2.7323438
1.7304397
2.1919059
4.1301227
3.5683022
4.4464132
4.9569129
5.9617610
3.0886164
4.8341582
7.7842231
7.4352445
7.9515646
11.5092050
13.0454756
3.5057392
9.1647367
3.3636471
2.6666431
4.2793434
3.2499429
2.2341145
4.2133829
3.6203192
4.2144119
2.8126917
2.4375358
2.4470315
5.0973684
4.8623718
3.1898891
4.2026627
8.5941456
3.7127251
6.6568635
1.6511828
2.3679581
6.8011889
1.2908285
4.2127356
2.3097146
2.7642192
2.3291880
3.5854793
2.8832780
0.7901621
6.0000665
0.2684746
2.6766123
6.6640036
3.1207442
8.6927462
2.7854805
2.4374115
2.0048189
5.6132444
4.9311827
4.2701512
0.9830608
2.9617954
5.0402703
2.8535603
5.3058896
1.9102446
4.2395445
2.3398212
1.9840374
4.6241142
3.2156650
2.8070502
2.2611168
6.7858238
2.1264681
0.7420963
2.3591657
1.8339427
9.9576212
13.2026190
1.3088673
1.5512634
4.4763405
2.9985034
2.5028962
2.3328606
1.4063062
3.2845472
2.0731148
2.3682771
2.7804711
4.1363447
4.1505170
3.1477154
3.2879860
4.1877210
4.9396632
1.6549932
4.6804556
11.1168664
3.8531620
5.0801916
2.4253826
4.0800431
7.1994442
5.0976985
3.6614430
2.5274474
3.2693328
2.1193402
4.7799943
6.9499607
4.7285191
4.1746318
3.7827775
4.0267140
2.4933519
4.4959906
7.3664792
4.5579959
0.7897633
4.4922988
4.3931482
2.5069532
3.6813353
2.9215490
3.3568756
3.3398103
7.5791153
2.9557362
4.0713434
3.3940810
10.5460542
4.7858984
5.7167378
2.9142686
6.8871683
1.2768724
3.5109048
3.0145721
4.2088144
3.3381988
4.3173489
8.2874550
9.7546211
4.8538246
21.6425792
28.9244664
12.3570995
0.8740193
3.6514451
7.1217903
2.6258119
10.5587018
9.8580617
4.3866249
3.7651751
3.7689636
9.7818376
4.9831439
4.8379531
6.6463014
6.1483601
6.0970497
1.6727572
4.4998959
17.1146093
6.5540944
12.0943716
7.1646643
153.8429595
13.1004339
16.3763590
10.0840184
13.2081469
4.2805308
122.4316233
12.1178782
21.3145311
13.1207213
6.5031826
13.0039528
17.4660156
7.8471794
23.2367737
10.6167189
8.3123108
176.9148588
17.1524486
11.3171268
173.7909817
110.7167531
