9.4068345
8.4506907
4.0665663
4.0346855
7.0558620
8.7852211
5.1945269
6.3316797
7.5722783
3.2913610
7.2271185
2.7572699
3.3758942
5.6966880
5.2886318
7.1315704
5.3700459
3.7665438
2.8941896
3.6247348
5.5831276
5.4234808
6.4386838
5.5522466
3.5004989
1.6549291
6.0836223
3.1321328
4.3449249
3.8094744
4.9224932
12.9013886
7.5085803
6.0968872
7.2335026
1.0424986
2.9271393
6.0951681
1.0501076
3.0899790
0.6138510
1.8829335
7.0705043
6.0351807
5.9326996
2.8232162
4.4927082
9.3328948
2.3372231
2.6377831
1.0635877
0.8444292
3.5922349
5.2772442
4.4085455
6.4855767
6.2957825
5.2187457
0.8849942
1.1520441
3.3156909
2.1028351
3.1287094
1.8121731
5.2476602
2.7854771
2.1634408
4.8201528
7.1730714
14.3514107
1.6531251
7.2766570
14.0264437
5.5944273
2.9499610
5.9973960
2.5931100
7.2524882
7.3258452
5.0395198
11.7771469
2.7619227
5.3145235
3.5295637
15.2074943
4.4101915
5.1149290
7.5205175
8.6058695
3.8912989
2.1599145
2.9609684
8.3466323
4.7303272
3.7460554
5.6769714
3.0445534
4.9231710
3.2656211
2.7089143
1.7132129
3.6456260
3.7940707
3.8097219
2.1469152
5.0522117
2.4257858
5.6815606
7.2034051
2.2246652
2.8970503
4.7220908
1.5885218
4.1890877
6.4943783
4.5743085
4.8627298
7.2105597
3.6274124
3.5755884
5.1937796
1.0305255
3.4286986
10.4251838
3.3624095
6.3679735
4.0699022
3.7987982
6.1234804
10.7276714
5.1236654
4.9192156
4.5743155
4.5778748
3.0654818
7.2310091
6.1392339
9.1426273
2.7545679
11.4364204
3.7712901
5.8018722
2.9469696
4.1316326
3.7759369
5.2556891
6.6273736
3.5457580
3.5099016
21.7794206
13.6766928
27.5831317
9.0732330
8.7171789
5.1733486
10.8841211
1.5392743
10.7445510
1.5117633
2.5138899
1.0601966
3.6975705
3.1773966
3.7769227
5.0071259
1.7024564
4.2595995
0.4992361
0.9230872
5.2651567
2.5699659
3.0846036
2.5755351
6.1159283
5.2710557
2.4613323
4.4159034
1.7640675
4.1253648
4.4379466
1.0356819
3.5224094
9.4084696
2.5451140
5.0875002
6.8482473
1.5673504
3.9560527
88.3767383
8.7025956
5.0929424
2.9190382
3.0182109
1.6339672
5.7636763
2.3876461
2.4262410
3.3855254
2.2341462
0.5225406
11.4385932
11.4722212
5.1424599
13.1260203
3.7074353
2.0907771
2.1726489
2.3362544
4.8047241
3.3932837
8.1339553
4.1662559
5.2222694
5.8655963
2.6962832
2.9325556
6.1153660
3.0435579
6.2671443
4.6084322
3.9198165
3.6040080
7.4067606
0.8354039
2.4305522
3.7162461
5.9909618
2.6964947
3.1860845
3.5336607
4.1951109
8.6804198
8.4288997
10.5477311
8.2660177
4.9634965
2.7643769
2.8554720
6.3401522
3.6478861
9.2385057
14.9612691
42.9560798
4.0099710
35.3000646
5.4092673
10.2779765
7.2630840
7.0205573
34.7530977
7.1709554
78.1367647
27.6044008
11.4618088
11.8460986
31.3587881
6.2121412
9.1883345
7.2316278
40.0376312
10.3632953
4.3561876
4.0556971
26.6692022
2.2837647
2.6018751
9.1856395
18.4842350
8.1634892
4.2553239
5.6181438
4.7750352
7.5186148
8.1563470
17.4473069
3.1299816
2.5022262
4.2391168
7.1901600
2.0687245
1.8201540
5.6968290
5.3993696
5.1003091
2.8648994
10.6784614
4.6169406
2.5030015
6.0468214
13.0283005
3.1149197
2.8484024
3.8611377
7.9023593
12.4584676
6.3632388
1.5562268
1.8522708
4.0844481
3.0429872
1.3945553
1.6446137
2.4077429
13.1972489
4.7447298
3.9259723
14.6827527
15.9990447
32.0647136
4.8861589
7.9087894
5.3070328
12.5609708
3.0724676
1.7277640
2.8861757
4.8298577
3.0467539
4.9676009
5.6745713
4.4757989
6.2106723
2.6415929
3.9680446
5.4253523
3.1635940
1.5776105
8.2252875
2.8558960
3.8763728
14.9773393
7.6981583
2.6107741
6.8396057
5.3423561
3.4744839
4.5751349
5.0373009
4.2240432
4.7466357
3.4685907
3.4765104
4.3785386
5.4808775
5.6956914
5.0671308
3.4475430
4.4311652
2.4354458
1.6939904
2.5805489
2.1989777
2.3920452
7.4441979
0.6568541
8.2368747
4.5078482
2.6631874
6.2747692
11.7218024
6.0196748
39.9644509
7.2975105
15.8658175
2.6348017
5.1796493
11.3681961
7.0150170
8.3588430
5.5223710
14.3219318
6.8165229
25.2785630
11.1320614
84.2089039
20.1203668
5.0084836
16.0805065
21.7088808
13.7426258
4.6111414
9.1297274
10.6437296
7.4163552
27.2650888
15.1168527
9.7545398
4.6937959
6.8197675
5.0407703
3.2894980
0.4464779
9.0004815
5.7869223
3.9286876
1.7688361
8.5604483
3.2746110
3.9521039
5.6243493
4.8384264
17.2703499
5.8103654
9.5803795
7.9861312
8.5780465
6.5092574
14.0590372
9.5792947
6.9555288
5.7218262
8.9097886
2.9147951
4.8478354
9.6623126
8.6570514
4.1451566
8.1112346
4.6590772
6.4303756
4.2699317
3.2105207
4.1260394
2.6094538
6.3057956
3.9359528
4.2110762
2.3716202
2.6255673
1.0574138
5.5225349
3.9568554
5.2685633
5.2522351
4.7072391
2.2221796
7.1260229
2.7674461
2.0998394
9.0079443
1.7457334
8.9290210
2.0508243
2.2490937
9.4030585
2.3151211
6.1734336
5.7317604
2.8351068
3.6516691
10.8033935
8.2494604
4.4723787
6.6295200
7.2664449
6.1378832
3.8407220
4.7826630
5.2460471
6.0994513
10.1725754
12.0431259
3.9943570
10.0091130
16.5113373
5.0751439
4.8301120
5.7127198
2.9297495
7.5893536
1.9116729
5.1361048
3.2073990
10.5217844
4.7288259
2.6081065
4.1479834
12.8328784
7.6018293
6.6490014
11.1415295
22.5627149
12.9657613
10.3175099
11.7908218
5.5309721
2.4473355
2.5359926
5.4417196
3.7639876
2.7665072
5.1296215
8.6123560
2.3773108
2.6985743
6.0171846
3.0607400
4.7775780
2.6782297
8.6500133
3.1537903
3.0998202
5.2400877
3.0467431
5.7345765
4.7527630
8.1234287
3.9781127
12.0505644
4.5926664
9.0499748
4.2480681
3.6295024
3.7436402
6.3414729
6.7507458
7.0305639
10.7995143
5.9147088
6.2965226
8.3434553
8.0898080
8.9639324
3.8883506
3.3565628
3.9316961
6.1371198
8.5402242
9.0585217
6.7036140
16.8557608
7.3193417
9.4591676
4.7822712
9.7371174
12.9764812
14.5084236
4.6266567
6.6966953
28.0997546
11.6995904
6.9639930
9.2229370
9.8455311
12.3230339
21.3109789
9.0020926
24.7308052
29.9104559
19.2838481
28.8939285
14.4314867
12.5955222
15.4011482
26.3722869
15.1674872
16.1096195
11.0557221
20.5010436
10.7253476
24.8445042
6.1080312
24.9684263
17.9965372
14.5630247
17.8735984
1.7695755
21.2688310
8.6515143
8.8847018
21.1257585
5.9039693
10.9416902
5.9979355
8.1719994
9.5775892
5.1151949
12.9230788
10.0496418
7.3528162
14.3878424
2.6830012
15.3901106
2.4184476
9.6336853
23.3079763
10.6253745
13.9615061
11.9026438
11.8443077
7.3058408
21.6049826
9.1971776
17.9665112
21.5124532
7.7192699
11.3657517
5.7690039
6.8267543
17.1468822
8.4539185
10.0516226
23.4685536
6.7757189
5.0674809
4.9866214
4.2171251
10.1639373
14.0437420
12.9308301
13.7714776
7.9802424
6.5796536
6.9807846
5.4966404
2.8809823
10.0326040
0.6724325
7.7155925
21.9968982
14.7904595
8.1803154
8.3112718
12.6241701
13.1807954
10.9913677
12.0081027
5.5200706
5.0421239
8.3799772
4.2341714
5.5516892
4.8891076
6.9834929
5.5027982
6.6874275
4.0537321
3.0188692
10.0165267
6.4345908
6.6263718
5.1879726
3.2350831
5.2417307
1.9086339
4.6121729
3.9849071
4.9666601
3.9498800
5.0323200
4.6395808
16.3095808
4.6756942
8.6202406
5.0159565
3.6184214
5.7569723
6.2453298
15.8666633
9.0327325
20.4034025
15.0339654
8.1958568
19.5585177
5.7543599
4.8407906
18.7095246
5.7110678
5.3967508
10.0796377
5.0373863
4.0256725
9.7881231
2.6760452
3.0466827
3.2851954
1.8242713
1.8175169
2.7384302
6.6860643
7.3079467
2.9569734
4.2592371
5.9406451
14.4898854
5.2909367
3.1664140
15.6501401
7.9418880
5.3599761
2.4587461
7.2073584
5.2360497
8.7025435
6.4657058
8.0126439
2.7119759
8.5531763
7.3055981
3.8022460
8.5163273
5.1861507
15.2383379
3.2859864
4.6621250
19.6820952
5.4647543
43.5405537
70.3447840
9.5751093
35.3975887
12.3652630
10.3331954
6.3348041
4.5281511
7.6220169
10.3481055
6.4140740
13.0278120
10.5890226
93.1572070
9.5053536
25.4579069
16.5544409
5.7455985
8.2860257
10.1975361
10.4555947
12.5235643
11.7255740
9.2165614
3.5439965
3.7588092
6.6794740
6.3019843
12.2299912
18.3788888
7.7189863
5.0969102
8.0992694
5.6813146
4.2292540
3.9341443
4.7395049
5.7241497
3.0126231
3.7011850
5.8099973
9.3023523
9.0001329
8.9590903
3.4937495
8.7444249
6.3449581
2.9007396
5.6104349
4.7281619
5.7628750
5.5976382
6.5598358
4.3608141
7.5580720
1.5204164
12.2137961
177.3035881
3.5614301
6.5992842
15.6084103
1.5352643
1.8020606
1.8661334
2.9652744
6.2505825
5.3728520
4.9332006
0.7982233
1.7948190
6.4038034
4.1164590
2.2337237
2.3850231
0.8355674
5.2736820
3.6503303
2.6791496
1.4134742
2.5306321
2.8875542
5.4628540
1.1865946
3.8095960
2.3758417
3.1560202
3.3274259
3.6658810
3.7229408
2.1123642
2.9196725
2.6739251
6.0421762
4.3236727
3.8141738
3.1657481
4.7881912
4.1000773
5.8018031
4.9835899
3.6624434
3.9275144
1.6964190
2.1229448
3.9364096
5.4695815
3.0253333
5.0807186
5.2004231
3.1909696
3.0918110
5.1700692
6.4422806
17.1140717
5.7461110
3.4093557
5.3675714
3.8228481
3.9087847
186.4627499
11.9690696
4.7862040
10.4540372
1.2912387
4.8395132
5.4511780
28.9750915
7.4799635
8.2545304
13.9237636
6.9686359
72.4728771
142.9591964
140.9825078
23.4385160
10.5874022
116.4843482
8.9892241
46.5505107
13.9667674
10.7583354
18.9548925
7.0168513
7.7847368
4.2960563
3.4377459
12.1042820
6.1640201
5.3953149
6.4583026
4.0765554
3.5962094
119.1499693
7.3507008
4.5177113
6.6489474
0.7127893
27.7904627
4.6119804
2.5089048
2.9448112
1.7859069
5.8345801
9.5686890
2.0370811
2.4611760
6.9393172
1.2459546
4.6831259
4.4490117
5.0587591
6.7472688
9.1257465
34.4809554
220.3889288
109.0369992
110.5641884
188.0694712
110.5961238
153.1253164
169.8462614
143.9288313
210.9161486
33.9909077
249.4903367
138.8933760
4.4614922
6.4731079
178.6665816
24.0589098
147.8145873
3.6234227
3.1339895
10.9753251
2.3235565
7.0695995
2.6027671
3.7987478
47.4566142
2.9714627
154.4596686
5.7545709
3.0019320
2.0958603
132.1341606
8.8508594
3.5713153
35.8442454
4.1149817
4.0705833
1.3818447
2.6245977
1.6876293
1.1267818
2.3104304
4.8140087
1.5367920
5.0844349
2.7176863
3.2315686
5.3448679
15.8772589
3.3286614
149.2595771
97.6510916
111.7339907
14.1537705
9.7103951
10.4163168
9.1190414
11.8572731
9.0583085
15.1623265
8.9676856
8.5530222
5.2619461
7.0446894
5.9774576
7.8000867
8.4259196
16.4065441
11.9427869
14.0066204
13.6454991
7.4866168
6.5018607
7.5245281
30.2960372
5.3356586
26.1930934
5.1184762
5.7759913
17.8871137
5.3221334
5.9274254
7.6405137
8.2430851
10.5612715
58.0098567
9.9273099
7.5083570
4.7378120
12.9646306
4.0083620
5.5238972
7.7741981
5.9253773
7.7030581
3.1103936
12.0709683
5.8627266
15.3341499
8.5584960
8.2115818
10.6744817
4.8633697
2.3906211
6.0983391
13.5788881
8.3880667
9.1603870
2.1884125
4.2783972
4.5161849
3.3060475
3.3797197
1.6513917
5.1374892
1.7788958
3.7287997
2.8996052
3.8078296
6.5330125
3.8179869
5.4351113
1.6724109
1.8288787
6.6640376
4.7231423
2.4442457
4.6173273
5.0396233
7.4200452
4.8062031
4.4110442
5.0582066
6.2846422
10.8742832
5.2784284
3.4656445
6.4645266
2.3205574
0.8852321
1.9730531
3.7235965
4.9307149
2.0535757
8.2021354
3.0377691
4.4281545
1.5600915
1.4813010
2.7045494
3.3298505
3.7290980
2.6554495
3.3861084
3.3201221
6.9749770
6.0534820
4.4928544
3.0607324
1.6693623
3.7800728
2.5293785
1.4706144
6.0935031
2.2793038
5.0560794
4.4173763
5.3738653
0.9662273
1.8428109
5.2814214
2.9057415
1.5270559
0.6798244
2.3783892
1.0825182
2.4167354
2.4851775
6.6744772
2.5287306
1.1843434
4.7495966
3.1048921
0.9564399
5.0567734
1.1200676
2.9802315
2.1066946
3.0878733
1.9448283
3.9217456
1.4169490
1.0694801
0.4377851
2.2816132
2.7580954
1.9244190
3.0567170
1.6127574
3.8993392
0.9277715
2.6218725
1.4700544
1.0822566
2.3882772
1.9811421
1.1462001
1.1832247
3.7153767
1.0996456
2.2034446
2.0641341
0.9427630
2.7536118
5.5330352
2.8707117
2.6513197
3.1208735
3.4078713
3.6467418
1.8952509
2.2720922
2.3666161
4.4568843
3.4602213
2.7306187
3.8156120
2.6317887
2.2712356
2.0571942
4.0846786
1.7314365
1.3491079
2.2374316
1.8588882
1.9283304
2.4941590
1.6227387
1.3319683
3.6039959
2.0688489
2.6351890
2.2967957
3.7507164
3.1574390
1.7770468
1.1459010
2.5844135
2.1584869
1.6820408
1.2269466
0.3904994
1.4695063
1.3592748
1.1774500
2.1567019
1.6688545
3.5512552
1.3947945
1.0215297
1.8256959
2.0619568
3.3873401
2.5583134
3.8737985
3.0632287
3.5267690
2.3312201
1.7006823
1.2332629
1.5112829
3.7284468
14.2384670
5.3945302
3.3380000
3.0261759
0.8848272
1.0416224
4.8309565
2.9661529
2.4049231
5.4297793
2.8723557
2.5801607
3.8701103
1.4402232
8.7000200
6.3641043
10.0078431
16.0574961
3.7894767
4.2873246
2.5326642
4.0855357
2.1497674
4.8131657
2.9287113
2.3172073
1.8997975
2.7825078
2.3515476
4.1949968
3.5299400
4.3914342
4.5649902
5.2168168
2.1138481
3.8972248
1.6287914
6.2723201
3.9234634
3.3599083
2.6508729
2.5029174
4.2028325
3.3515673
2.9679931
2.7721800
2.9232113
3.5675187
6.9661310
4.2234351
12.3429602
5.1220133
111.9791100
7.0958449
114.9941646
3.2670134
6.0244489
5.0106099
5.5318869
4.8807027
25.9928247
15.2090415
6.2357793
11.1932356
9.0236016
27.7779512
5.1855573
7.3594568
6.0720883
4.1365908
3.3614002
14.1995536
3.2201706
2.6464276
2.7702693
2.4660101
4.0322176
5.5343548
5.6008162
3.7336189
3.6959427
7.5939800
4.7909703
4.1033027
5.4571049
6.0382586
2.7724038
4.1739389
3.3252648
2.0214276
4.5083078
1.2917359
6.4602450
2.1042512
2.5959742
4.1978114
3.6071379
5.6625449
5.1879901
6.0095175
7.7920055
5.5865349
4.6105150
7.7091101
13.1670266
9.2367624
11.7626711
10.0080419
7.4200507
7.9884095
6.7380171
14.7138731
7.6222619
15.6843398
18.9732140
33.4565193
25.2841420
6.4767841
12.1666132
42.0893300
8.2670567
1.3490449
9.0107919
2.0622030
6.8381614
9.0099731
3.3099484
11.8822266
6.3118701
2.7866661
8.7383074
3.7833117
5.8442977
3.9135692
2.3565706
26.9049475
4.0938613
5.9855056
7.3807525
3.8480859
3.0713292
1.5326816
5.4669305
3.9727648
3.9545348
6.8461146
3.3797825
4.3476974
13.5101366
24.3233105
6.6835880
3.3022514
1.0834290
2.6885508
7.8414009
0.9793975
1.7764927
4.6131476
1.2310016
11.0971456
6.0253960
22.6126497
20.2949683
23.5303927
115.0785187
10.8991050
5.3207687
5.8308808
5.2682832
7.5410227
9.7172779
11.4024762
2.0103240
7.4807396
24.4102395
12.0830801
15.8726400
13.9815537
2.1299268
2.5091170
1.7217161
22.9995399
2.0830071
1.7815956
5.3263871
9.9062468
1.9895465
61.7308521
17.5431232
4.8636800
47.5285805
6.6583703
5.5309542
2.9148839
1.7845471
4.0259204
2.9546837
4.1191625
6.4642788
2.6712109
5.2070694
3.1121065
4.9167295
2.7203380
2.6264580
7.0537608
2.6047444
5.9649040
3.4587402
3.9499264
4.8146416
3.5907961
3.6218755
3.1716860
4.1443251
2.7568418
2.1472244
2.5464989
3.2236034
3.6382543
4.1472268
3.9356743
1.7136714
4.7314750
2.0935546
2.6058492
2.3191425
2.9373811
5.4058670
3.0325032
1.0420169
2.1100309
1.1802980
7.3653675
2.4409648
3.1528703
2.2812594
6.8025919
2.0557275
3.8375893
4.4530978
1.4262396
2.4352339
1.2609616
2.0436095
1.1398677
1.7130275
2.0738542
0.8756205
3.1459282
2.4020287
2.7118215
3.2088382
2.0376496
3.9020724
1.6639857
2.2042989
1.3522516
1.2567993
1.5217739
1.5919999
4.1684750
2.2995201
2.3743316
1.9270802
3.2121158
2.3330661
3.7835456
3.4299580
2.7615483
3.3813749
2.1087359
3.8511083
2.8043311
3.6933741
5.5200171
3.5965263
3.6100488
4.6806728
3.9475052
2.2548673
4.1858341
1.5200003
3.3144424
5.4130821
2.9469391
5.6271455
4.1280263
2.4088059
2.6067451
3.9453491
3.4830778
2.0801938
5.9874916
4.0794720
1.6360081
0.9991465
0.9334675
6.4977901
0.6257861
1.5915656
3.4063389
5.4828094
2.4862741
2.3378749
7.6644934
1.6160248
10.4625846
4.1420261
2.2876623
3.0569506
2.3929910
3.3457704
2.5153359
0.9577222
3.1090749
0.6117903
2.0004654
1.7430292
0.5128749
9.8564995
1.2504242
3.2489378
1.3910493
9.2739352
4.8087688
6.4033827
78.3450591
33.2374251
5.8140453
10.1759244
26.3818463
20.7726980
8.4468777
5.5173038
4.9780880
6.1531282
6.2392610
5.9750284
4.9416155
7.8764970
6.4827709
12.8880695
120.2081132
34.3630186
155.9608220
14.8737587
103.5749924
9.9914904
18.4276238
9.3945032
5.8868556
4.9327341
5.3369986
22.8000754
4.9994816
3.7444260
2.6438243
3.1070801
5.8762735
8.4386989
2.5589292
7.6076737
2.7637103
1.9884179
4.0229427
2.0499870
3.3319648
4.9868242
9.0353667
4.7200819
4.0862116
10.5525563
5.5888423
5.2137479
6.5259371
3.2028167
2.0434585
1.6991031
3.2707879
7.3197196
2.8593947
6.8501755
2.0317488
9.9603916
4.7435099
1.2983034
0.7894991
4.9454064
3.2347589
12.4332195
3.7901184
2.7553091
2.4280352
6.8743122
2.0407591
4.5766314
6.2844111
6.8475012
2.5242726
2.2112294
8.8798214
3.0015084
4.8948571
2.6273161
3.2006575
5.6628960
5.9755626
5.5197445
5.7394699
3.7021341
5.6184452
5.0904458
3.6868522
6.7802214
7.6114019
4.2574173
4.7560798
6.5300689
4.2508457
3.6590807
7.7319202
8.1691956
13.0626989
1.0205164
4.2946407
1.9327792
7.3065912
5.8402141
4.0968206
7.0936039
7.9341840
4.5458687
5.5535096
11.2997800
7.8682233
9.9679872
5.5222304
8.3430892
11.3147585
4.0176711
7.8133514
3.5099963
3.8146485
14.5056107
6.8635137
12.7170416
9.7561008
3.1904824
4.5069928
3.8057362
3.6329887
22.0153665
8.9409939
26.1440517
9.7683535
9.3333436
8.6327012
11.0866458
9.8909542
15.5613108
26.1006678
13.0619785
5.9663132
4.6089847
7.3563794
5.4621723
12.4525285
2.3599893
9.4778864
8.9234470
13.4579578
1.9475405
6.7858022
2.2614912
4.4439013
3.4689575
8.9467583
5.3749076
6.7078987
3.3318484
2.0693719
2.8567007
6.0329599
3.5486677
5.0504503
5.5589628
4.5937809
2.8312746
2.7535454
13.0457468
2.8601932
4.7269355
12.2611319
8.6963915
2.6889769
9.2684981
6.4080471
9.0803271
4.2981876
1.8407542
4.6592927
5.7144409
1.3780246
5.3771916
7.6650817
3.2700850
6.5192005
3.6989832
3.3851992
4.3609471
5.8641343
7.2955300
3.7981551
6.5955074
6.1106920
9.0710416
10.2792979
3.4546352
1.5350257
2.9097935
2.8067183
1.9335175
3.1305555
7.6436273
4.5322152
2.5686661
6.9318172
5.2471176
4.1633056
2.4150760
3.7513721
6.6952227
7.3020451
5.0926796
1.9154414
7.0929100
4.8425652
1.1430277
2.8717841
1.2732782
1.3305189
2.9670234
8.0073529
6.7334488
8.0276785
2.0108187
6.1868233
3.8832134
3.5691227
11.2534557
4.8466755
2.1215823
4.5228715
4.9258805
13.2633182
5.2641841
3.7566180
3.1841760
3.2309768
6.2308979
2.9131855
3.5284935
14.9301957
5.3253936
4.3702004
4.3257951
2.9000985
4.4899991
5.9935640
5.6933867
6.8659894
3.3985140
6.6880723
3.3725074
2.1772859
5.4208390
7.6672766
4.6409484
5.9335144
6.7248934
2.9533891
2.0771622
1.8915733
5.3099424
3.5210245
1.1924268
4.5607756
15.0245528
5.8654932
5.6434344
5.3421069
6.8121442
24.1111095
15.7170816
11.4547185
12.8572286
2.3855155
6.3034160
12.4180381
33.8438094
10.8015483
58.9821686
9.4497227
1.9737600
13.0793483
8.3406163
4.2731726
5.8428335
5.4037796
9.5167587
6.9949223
2.4157347
4.9459305
3.4246910
2.3727106
6.2655486
5.5141140
5.9911775
1.1921604
11.3115785
5.3113486
15.9816400
10.6068026
12.9152605
6.8869512
4.7761662
5.1086645
4.0961199
10.5090055
5.1928497
1.2319269
3.3004812
3.1656334
2.3638111
9.4820949
8.4951057
3.2021987
1.9095624
19.4430199
10.2045580
4.4688466
6.6479098
11.9487935
15.9651204
4.5354528
7.2590464
6.7684226
2.8267623
5.1882411
5.7753541
9.8912088
5.7295252
3.6049772
1.2490371
2.2824700
8.9376780
11.0995197
8.8641596
5.5204032
4.2783427
4.9136421
5.4848168
1.5455433
1.3826679
1.4070273
4.5546940
5.1842991
4.5195501
2.0438545
2.8086607
4.6252160
4.0071360
4.0417100
3.5540256
4.1935296
1.4190361
6.7750210
4.0452185
2.8632505
4.3225657
1.2165456
4.7974587
16.9196941
3.9011783
9.3204666
34.0646296
1.0961475
4.4196663
19.5940560
6.7827697
5.3450083
3.9269613
5.9300853
12.1651472
5.7011668
8.2168987
38.6169421
7.3788304
79.0917382
21.7878382
34.3842556
3.7106705
13.1502860
2.6820593
11.8690768
16.2240360
6.8655519
15.2576625
8.3311083
13.6978120
5.7036098
7.8539768
3.8758860
1.1781521
22.7997922
11.9175470
4.3349183
6.7115783
2.6366115
4.4185597
4.9826705
2.7091992
8.6449487
6.4171939
26.3862527
5.9647911
9.0537285
3.9342341
12.8254370
5.6995154
9.1114358
8.9288474
10.4085636
4.3444103
4.2803751
2.6691779
3.7812537
1.3098344
2.1192654
4.4288043
5.7833428
4.0121463
3.9256451
0.8577977
3.8915366
3.9192778
4.4325702
3.2201935
1.5762212
0.7726785
2.6698914
4.1665685
1.4609186
1.5007535
8.6276042
7.9945987
14.9609059
4.4611385
4.9765455
5.7073965
7.0019400
4.0073347
12.4273298
10.1322681
7.4147262
3.0226777
6.5232348
6.1148203
5.9301408
2.4926232
3.6000925
7.2957285
5.5644739
6.7924893
3.8656859
5.2021869
3.8175521
9.9188450
9.7953842
3.6939816
9.3448931
3.1426500
0.9918717
4.5321601
4.0096013
10.9664235
8.9020176
1.1899044
3.8477755
4.7861352
7.5928013
8.7946420
11.7058228
8.0745222
9.3859368
10.6069943
11.6398159
12.0192973
26.5402328
3.9403147
19.5230318
5.4959912
3.0493825
4.0937126
3.0735509
6.3825176
6.1332553
7.3448792
7.1851132
2.3375155
7.0221752
3.0384805
3.9318390
4.7288454
5.7597398
11.4344388
3.1148393
1.5839617
2.4298420
2.5369889
15.5473120
10.5112543
9.4085130
6.2545358
7.6289421
6.4702763
4.1586522
1.7629669
6.6736083
6.1268939
4.1791012
6.2848761
8.7314386
7.5496467
5.9491860
8.6129365
7.9840843
15.7759962
7.9876961
13.5433793
5.9351484
13.3759124
12.4864528
7.0887623
7.7508049
10.9781696
7.5526215
6.2373992
22.4925230
31.3827176
7.6061186
24.0316998
33.7951839
5.2535261
20.2908959
29.9888568
7.1711539
13.9535641
15.5311666
14.1972591
6.6743974
3.1055845
51.4489714
30.9548769
12.2759999
70.2624848
24.9497583
13.7564434
16.8749651
4.3405525
18.0319947
9.4688918
10.9926617
44.3878656
9.5739212
13.1147300
12.6412864
2.6247374
4.1560642
7.0133063
4.2167825
8.3356388
9.1274250
9.6754984
3.9235115
3.0662634
11.3258939
15.4215135
7.1840152
3.8569502
12.2309207
18.3135550
18.8344468
14.8113039
3.7922316
4.5721221
6.0992832
17.0336960
10.4606750
2.4838410
9.8703980
7.5051618
15.7751395
6.3660088
10.6520152
13.0592984
8.0306551
12.9866276
14.9193558
5.0139597
0.6293411
7.8775149
10.9067981
1.6705068
8.4640126
2.3908433
11.0816224
8.9527183
10.2667950
11.6059294
3.9075218
12.4108959
13.0520411
9.5144457
3.9650805
6.5471955
5.2755561
3.8247674
2.4495324
6.5046789
8.3471996
4.2661061
4.9348201
4.0511932
1.7524246
1.1164129
6.1469812
4.8569906
1.6788581
5.6842437
1.8380352
12.1253348
8.8141425
23.1040285
6.0535875
15.4806690
10.5808695
14.9199463
10.5120858
17.7779348
22.5744460
9.5765917
6.0526869
3.1981489
5.9782964
2.6121035
6.3309802
5.1049834
6.2674320
4.1841265
2.8385686
1.8638262
4.6866517
3.0226847
2.0067786
3.0961641
4.3514130
3.9715964
22.4104872
11.2516419
7.5813321
8.7281521
10.3883281
2.7338212
5.0430887
3.2483335
201.2794545
168.7568570
1.2062550
176.7952112
6.3865166
12.6645081
192.1934178
4.4650940
5.6841000
6.1893272
15.7006964
3.5210760
8.2362791
5.0746470
3.0991307
14.1079103
2.4292299
10.9886330
4.2392180
6.5980484
10.2106814
14.3597401
12.1532860
164.6399867
7.9206395
12.8135528
6.9675404
5.7996407
6.7110691
4.6159971
1.6204052
2.0640660
4.3866301
3.1736098
11.0576781
2.0874285
2.3335375
8.7266648
0.9791897
11.6150420
3.1571528
2.4965307
5.5538034
5.3334943
1.2392521
2.0139794
3.6961141
3.9919254
3.4824091
2.6457030
1.6140955
1.5715288
4.3926470
2.9369698
3.1266903
4.5958013
4.5113547
2.3624155
4.0444589
4.6418386
6.2833515
1.4950380
7.2437582
0.8337110
2.3196130
6.1331044
3.3387017
8.1768539
4.2328940
5.5114944
3.2365124
3.8658383
3.7204091
1.9658660
193.2832681
4.4245683
5.9149702
3.2677164
2.7725640
3.1635634
3.3887849
1.2782004
4.7949215
3.2803954
2.1456040
2.3877173
2.7139113
2.4726648
4.4395061
18.7059935
3.9094903
5.1080184
71.5545434
30.7586046
6.6495424
10.0057844
14.5270834
5.3282439
4.3076064
3.8819018
2.3659623
3.9854101
15.5002448
1.9708162
3.7232894
9.3627364
31.6311900
7.0545265
3.9181739
146.3825136
8.0225285
9.5406267
1.8017035
1.9605172
56.9583314
27.7488729
12.8516673
13.2634058
15.8528938
2.1106012
2.8434565
12.9521192
13.6722946
4.8290891
6.4030174
3.2211860
4.5284873
3.5125167
14.9676998
181.4354208
28.6876192
5.3965609
2.2390904
6.6107262
10.3542470
1.3735541
8.1221545
14.5177432
11.3853444
144.4675820
5.6818074
2.9953419
1.0207386
2.2312122
3.3240970
1.8192929
3.7833832
1.5519351
2.1580505
1.7465512
0.8782367
26.1027768
4.6999152
8.2628603
2.2344623
2.4955404
2.2218165
4.6759583
0.9107028
5.3979522
1.9231838
244.4088806
73.7261361
5.9157104
13.6324326
35.4340520
229.6180400
76.5822499
217.2836760
5.3515654
155.1193797
152.3891847
126.6846528
25.4720792
14.2535967
54.1909957
6.4429431
228.3584880
201.1434798
3.0793403
4.3073473
4.0871727
22.7498152
7.8002610
3.1979285
4.0105655
15.0309397
2.1878611
4.4956783
8.7659313
0.8522289
137.3638113
3.4279304
7.6275518
1.7577419
3.4778430
2.1501626
2.6806553
23.4002730
7.7548745
8.5753596
17.4973413
5.2511560
1.7945955
2.2015428
2.4999912
2.4077093
2.4181841
5.7448108
1.5911035
3.9956991
44.1726447
4.5392829
7.7397567
10.5833972
25.4158929
32.4258054
154.9508376
17.7375098
9.3916773
18.9250042
31.5768551
13.0359602
4.2673376
19.5813795
11.2259720
13.0223142
259.0185619
19.6057834
1.0977896
10.0186200
149.5304636
14.5664113
7.8958647
11.6264285
11.0531918
205.8556184
107.5619361
40.9872120
112.2319934
11.7242896
6.6467112
15.0153191
8.5863988
9.7825386
2.9320885
5.9784367
7.8174869
39.1524804
15.6997424
12.9311374
5.3872838
4.1081690
4.9731470
4.3984301
5.0358088
5.1999759
15.4846108
5.2315098
13.2858921
10.2261741
12.4940419
5.0126758
10.5598184
5.6986798
8.3358150
4.5877079
1.8361101
2.4266109
2.5823099
2.4031378
3.3881590
4.4197139
2.4218015
1.9250640
3.1306095
2.8113901
7.1783027
2.7841200
1.4748933
3.8134631
2.1398033
3.0952228
3.1175658
6.9893009
7.0585451
2.7820454
4.9812504
4.3004795
3.9173180
4.0762917
2.7191538
2.4582653
4.2423764
3.3789054
4.0719836
3.1253335
5.9751052
2.6404988
5.7365763
3.7036385
5.4525219
2.2706246
4.3159967
2.3739785
2.9439217
0.8828587
2.8424759
2.3257370
4.8884515
2.0972527
3.6128760
6.3594068
4.0457810
3.4293379
4.0192119
7.0316027
6.5930754
7.0582221
3.0836254
3.5371704
4.2955649
5.4083028
5.1743558
4.8018089
3.6598699
4.7845434
1.9246188
7.5028029
10.0839405
3.1096148
2.9509447
4.7014567
4.6436970
4.4742465
2.5240533
3.3005990
3.2207628
6.9500864
2.1619619
1.1079584
3.3232760
5.2185833
6.9231504
1.7047040
4.2830151
2.7496012
4.1651183
1.0668748
1.4332842
3.0645028
0.6390353
0.5536335
1.7292572
3.2965609
5.7961754
5.6088611
4.4212182
1.8686763
2.9951407
2.6041083
1.8716864
2.6473806
4.2563596
2.5153255
2.9362752
1.5570577
1.7284500
6.4672434
3.2281728
2.5304285
0.3215054
2.0939346
1.1775444
2.5417774
1.3593723
1.6207413
1.9971308
1.4779968
1.9559134
1.4270948
1.3927248
1.7012470
1.6148311
2.0924022
1.4210364
1.7658883
2.0819576
2.6677503
2.7688587
3.6557027
4.1443591
2.7059977
1.7634681
2.1101408
3.4114600
4.4945265
4.4425189
2.6138010
2.3662294
4.2316977
2.6424852
3.2054710
3.1940298
3.1071087
3.0712511
3.5648410
1.6465446
1.3263459
2.5902616
1.6876763
2.5636519
3.3046167
2.5330654
1.2031353
1.9439101
5.0586547
2.4669121
1.8888774
7.5529612
0.2704826
3.2394563
3.4841680
3.0923499
5.3004029
0.3814168
1.6349583
1.6602476
1.6456811
1.6276060
3.0504626
1.7908582
2.2812884
3.5631515
0.6680167
3.2699216
2.6023674
1.2345073
2.6500864
2.5471330
2.8251337
3.1531363
2.2658449
1.1669982
1.6421949
2.5064443
1.1997122
4.2722638
2.8058873
9.4269246
10.5822103
4.0096889
4.2417710
4.8457151
3.6472433
7.9143098
4.4817978
5.9606585
1.7336358
0.9157217
6.3529771
4.2322540
4.2409268
1.6921925
4.4771538
3.0403138
3.4440088
4.7737379
3.8313383
3.9604912
1.7803159
2.1807642
0.8901247
2.1896922
3.5126447
4.6058503
4.4037249
4.6089091
2.7134357
1.7661084
6.5703799
3.9905081
9.8065168
4.0218352
4.8902846
2.9005710
1.6871427
4.2142896
5.7208545
4.3987936
5.7886967
6.8892147
6.3660647
4.7905511
3.2148368
3.7095231
5.1918880
7.9681790
4.8434596
53.8631888
13.1240634
7.8540559
20.6575819
15.8161587
10.2682164
12.3211080
6.9857558
9.3140625
3.9208873
7.8115721
18.0883152
1.2863037
5.6685343
2.2906239
3.4777638
15.8070684
6.0276728
3.8590790
4.3226977
5.8115890
4.9894471
2.7111935
4.9768190
4.1546837
4.2427193
5.3488838
5.1497794
5.0807279
5.1271107
5.0487065
3.5220752
4.9377405
3.9142279
3.7602805
4.1257001
6.5345899
7.2614167
6.0056289
6.6642428
11.0663566
6.0226476
5.8114427
5.8254918
8.8214480
5.3788016
5.9469009
5.2020484
13.2320363
7.8688176
8.3091662
15.6369874
6.5712250
11.7766700
6.3006471
6.6705230
6.0241639
8.9276160
12.2996892
4.3115348
6.8969269
7.6704487
21.8556377
5.1681312
4.0827762
1.3885299
7.1569771
9.1906957
4.0123588
6.9676029
4.5057922
8.1713802
3.7356024
1.5109279
5.0191938
1.7027830
3.1020423
9.4137504
6.9208671
1.4967143
15.9349075
4.2234410
5.9654550
2.6322220
0.7140068
3.5649456
4.8624594
6.7521340
2.8065306
3.7308983
5.6709307
5.5817567
2.6356093
6.9144598
1.9713802
6.9774400
6.5790898
10.3151778
1.8567164
8.7812878
0.7885650
1.9546448
4.5368963
3.3863129
10.8113095
6.5746355
5.9467270
119.3679361
12.9027830
8.8899454
2.8712804
3.9263943
7.4874422
3.3554275
2.2442277
7.2391077
1.1019045
5.9860575
19.1767415
2.4477135
4.7630221
5.1329703
6.5492721
9.2467229
8.6445668
5.2730402
3.1082032
5.6769205
1.5267291
6.0523625
3.7113249
1.9125769
3.1156299
8.4719107
2.7516228
8.2635902
8.5980676
3.3622506
5.3492718
15.3344647
4.6966986
2.5401553
6.9478823
8.5570286
2.8001253
1.1030052
3.2253677
2.5760171
1.8115334
2.3946709
2.4935659
2.9042119
6.2560114
2.9367492
1.5747357
3.4759246
6.1136657
3.3106528
2.9117566
1.0219293
2.3927134
6.4286017
4.0992784
2.3726612
4.9711544
3.8255620
3.3460374
1.3779117
3.6825137
2.0946388
1.2172311
1.4551337
1.9574746
2.3062924
2.4397093
1.7247458
1.0952946
2.4224795
1.0084146
1.1893320
1.5169186
1.3558793
1.7273616
1.2884677
1.4535565
2.2835323
4.3499758
2.6929653
2.5379672
1.2876138
2.7639854
3.3395580
3.5637884
3.8373149
2.8355971
3.7938755
3.3506233
1.3038104
2.5576971
2.1548371
4.9238785
2.8994798
1.3188761
4.0977441
4.8329900
3.2258996
6.1723680
1.0486097
2.6445431
2.3288892
3.0769554
1.9692232
1.6866311
2.9928872
2.3070138
2.5407487
5.0874051
2.8496580
2.7493811
1.9302421
2.0374020
12.0672119
2.3931574
2.2096952
1.6408023
1.7328819
1.8325500
3.9904051
8.3910065
2.0346251
2.7018152
5.9423558
1.5805185
10.3345496
7.2483746
24.6542255
10.1321860
12.5542294
5.5462131
9.8192919
11.9868194
19.5083437
8.3927344
15.0138945
17.8922385
27.2597306
9.9785538
172.7442533
14.8847282
9.1367583
22.0366766
8.9011385
5.1772878
8.2107227
9.0208282
6.3971086
5.2606402
1.9911763
7.4776471
2.5004058
8.0755142
1.6053842
2.1942244
2.2548656
5.9946114
4.5296382
1.0850777
15.0953870
2.8922311
7.0296632
5.1133578
5.8067168
7.0335471
4.3819436
2.5046058
2.9654454
6.4489345
1.8776153
4.4355328
4.9126520
3.7046460
6.1294598
5.0894832
3.5302024
3.6868332
4.4760134
3.8290268
4.1353598
3.8270652
4.4787382
11.3070713
6.4421771
7.2425446
9.1169361
4.6766734
1.1705482
3.8979827
2.6542149
6.4056786
3.2559233
0.7365219
2.6549046
10.8828110
3.7732983
9.4539863
4.0525893
1.7200319
2.9694398
2.0203802
2.1904675
5.3510895
6.1342445
10.1926230
7.0525640
7.7204079
7.9168159
10.4807358
5.7061964
9.4490155
10.7579537
6.4764043
4.6695986
6.3343069
4.6446433
6.0100814
4.0581482
6.4281075
3.7708303
2.2485873
2.5072737
1.6469919
2.8431099
2.7240452
