7.8804521
8.0045964
15.6292635
4.6540794
11.0902250
6.2396154
8.4119246
16.9614721
11.2915600
4.8609224
19.0453100
7.6586521
7.9217501
5.2525752
7.8487040
9.9769035
6.3466403
3.5662686
2.9501647
8.1827461
7.3428881
14.4411083
15.4008214
3.8698605
5.3418048
10.3704944
13.8177002
8.6636135
16.1211149
12.2857777
6.4304778
19.1861801
24.3161880
14.0833051
4.5997818
6.9971182
15.2968020
22.3483442
2.9268180
5.6776545
5.4812855
2.9777177
12.1078339
7.9611580
8.4068524
5.6922785
7.9546454
17.4247478
5.4016387
8.1880243
3.0035828
5.4787916
2.3375571
3.4098007
6.4172357
6.9627610
8.9907738
6.3150624
4.6736994
5.4716828
5.8334924
12.1027005
6.2045074
5.7152898
6.3804288
7.4593058
5.8842543
9.9459867
8.1717321
28.2272053
2.3652611
5.1510492
13.4381621
10.7658328
11.7700838
11.0845343
9.3112662
9.3354667
12.6644699
5.4129043
12.7376331
15.0844888
4.3786802
6.1076745
11.4317449
8.3396501
8.0652118
10.8038206
11.6770105
13.5123882
3.7880152
4.8835940
8.8904744
5.3380608
4.9843780
5.3254399
5.2260439
5.7901632
1.6695781
4.5402245
7.3707065
3.5837710
2.4257136
1.4503455
11.3527814
3.3685616
4.7125319
9.3400976
9.9025741
4.8923511
10.2837155
7.0818398
2.6871436
5.4781487
7.8930855
5.5329073
1.9325007
11.2787303
7.9371751
6.0456388
2.1964362
4.1358277
4.2683529
9.2764952
2.5734625
10.2081317
9.1775904
9.0427298
8.7957686
17.0079976
7.5803919
6.5727174
6.3369608
2.3225029
5.8496793
10.0336066
10.6791798
15.2995388
11.2519237
13.5544007
7.3951284
4.8929822
7.8660374
0.8310221
6.3381693
8.3301296
7.9905690
6.5383103
6.6529964
17.5514988
13.9848237
18.2329826
11.0140390
13.5980279
9.3874976
13.8503334
1.8234374
13.6503559
1.6216886
4.1152859
6.2548347
3.7351294
5.7209034
7.3522550
4.5335998
3.0049508
7.0670455
2.7472995
3.2533579
6.6119968
2.4370070
3.6313114
4.6147278
5.0641901
9.6433234
4.2850227
7.9083008
1.5123696
1.7469195
6.7343011
2.2670536
6.6940548
16.8987309
1.8956318
4.3824022
7.5493973
4.9543915
2.4228911
171.4957255
7.2788068
8.1031736
4.8545883
1.3012121
2.3805728
12.6739950
7.5197378
3.8232792
6.7364424
6.1499046
2.5739115
18.3814011
15.4739657
9.8381333
6.2060171
8.9999172
7.3391662
9.4204044
8.4957877
6.6752373
12.1687525
19.1851641
3.2076469
8.8648359
0.8211812
7.8200841
7.2527525
8.9967075
6.7548045
11.1375303
9.2553362
6.5145201
11.2250885
15.2063801
3.3506825
5.9895071
5.3776323
5.0833362
8.0447482
1.3677008
5.4573732
2.0386249
17.4661585
3.4123247
20.8581956
5.9006413
22.1792932
7.8257924
10.9782786
23.5594959
8.0640179
14.9579840
16.9695009
66.1309032
6.2591584
52.2661343
6.3871136
4.5438666
1.7548793
23.1015298
60.5259190
17.4896469
165.5648707
179.0042565
14.7959756
23.5356193
179.6969558
6.1253184
23.6236142
10.0415647
59.0887822
13.5715291
7.9275400
6.9299854
42.6085122
4.7810909
4.8913480
9.8437004
31.6577232
2.0350392
8.7457029
4.9896485
4.0285242
9.7757273
7.9964827
32.6112985
17.4227910
12.0704022
1.1586000
20.1060146
12.6944794
5.4863131
4.2876406
1.6222497
6.9250546
0.6984128
33.0685266
20.2162252
10.2921716
13.3061830
28.2621595
11.1380083
4.9805305
7.0086701
17.0969365
22.4038479
12.2027424
4.4588289
13.9729567
9.4721643
8.8904557
5.6123574
3.8753222
7.6117457
27.3477224
1.9729960
10.3062434
21.9174493
31.2301963
49.2462794
10.6215130
7.6951823
9.0882142
31.0382235
4.1362908
3.6641947
5.2685077
15.5564943
7.3086806
16.4307580
8.2713780
7.8384614
22.7211089
6.4362804
12.2332133
4.8386979
2.2818232
7.3801489
9.3462392
2.0854974
1.4799226
28.5092862
17.2976842
15.2365172
9.7560726
8.4142206
7.5373222
23.5521528
2.8644841
8.8880426
8.8228891
1.4447255
24.9767609
17.6590358
7.4069875
6.1747723
14.7060805
7.5750676
11.3393846
11.5758911
3.0545692
1.2902180
2.2020987
7.9071107
11.6853820
8.0307779
17.8842069
7.2979301
4.8582392
19.9945668
5.5794846
3.6272216
21.2070312
5.1261022
11.9389163
5.8413666
7.1726426
10.1137453
9.7941198
6.8454389
23.6531855
11.7678061
12.5920423
22.3384062
12.9569729
21.0551645
20.2051869
7.1295725
15.6520166
8.2358113
8.0841119
11.8599070
2.1019857
4.0272435
1.7059249
15.1097539
7.5767165
9.9445297
10.5304088
9.2395320
7.0991782
8.0884464
5.8497565
2.6341256
4.2199035
7.9348816
5.4283405
5.5962039
10.3408661
5.0211394
2.1585528
4.7140934
16.4710106
7.8634384
16.8429098
8.7696836
11.2245636
3.2892926
12.2344850
11.1819219
13.6451215
9.4550932
10.6442645
4.0729528
2.4972559
7.7012716
9.9898451
3.7869428
9.9590718
7.8780034
8.5564088
5.7280469
8.4442078
10.6963683
6.4558033
8.3477956
14.7553143
5.3066086
6.1648517
6.3915938
2.8394234
8.0076004
5.1002648
5.4430741
5.0768783
3.2250813
2.6924517
4.8957346
2.8873982
3.0728662
2.8642092
3.2877905
17.6565773
3.1428331
5.4315547
11.7378037
3.0447173
8.1396183
6.0214564
2.5791199
17.3069029
4.5416326
6.3948186
6.2402957
5.8022474
12.5367469
8.3439141
7.2666580
6.9904564
5.1594471
8.8366539
3.4326856
11.7627204
10.0394993
3.4223561
15.1426071
11.9045536
8.2799099
30.8060057
5.8663182
12.7549928
3.7208382
8.2338244
7.1345478
4.3806274
8.2849726
7.7290601
11.4150163
9.8968690
11.1655759
11.7318675
5.7553648
36.5564013
41.9351190
15.3212641
12.0862590
24.8267671
6.6423104
6.5964661
11.3654977
5.1150722
1.6746453
8.9431522
14.2944392
7.9178380
16.8942720
9.9524139
10.6390439
4.8244149
4.6965092
9.7549166
8.9046277
9.6301152
6.9415437
17.0862143
9.6871891
3.5939083
3.7924976
0.5098521
26.1988072
8.6374626
12.5210461
12.3535280
5.8809845
9.0323184
3.5241000
8.7117892
2.5277047
20.1419278
3.9851172
9.7025524
13.9114595
7.0289637
2.7672935
5.7479253
1.7237311
5.9562600
1.8646702
5.9128543
6.8632431
6.2620103
11.9889491
5.9980967
1.1698591
7.4306452
4.9040027
12.5733175
14.7745969
12.4454787
5.0430673
20.7573290
16.6760649
1.8538922
7.1838814
10.4395234
15.5352112
18.4417698
7.0281237
16.8526647
39.9470737
15.2365689
22.1057306
6.2045282
14.8523740
13.0712003
28.0289018
23.7093943
27.2204640
13.0221320
19.5630692
15.6034865
8.2257523
6.2986813
23.5034632
17.8789398
11.6045715
12.4815961
2.2762072
20.6769615
9.7863812
7.2713718
19.4692501
6.5992959
8.1004631
4.2312114
7.7841143
4.6446966
2.4278042
7.5539095
3.6924950
4.7996207
11.3313041
9.1444837
13.4909424
6.9177248
2.1439051
23.6069186
12.8625205
5.1883673
1.6620555
2.1274690
15.1921356
17.0870943
8.3641015
6.1763791
3.2214169
9.0974799
3.4490846
19.7053191
17.4317036
10.8216755
15.0026195
4.1124802
7.4401677
1.5897502
12.2535690
4.7146036
5.0706467
3.0951812
7.9585911
5.3563725
8.6575986
3.7240080
0.8877687
0.5276304
2.6114708
8.0422665
7.9440062
4.7915937
4.4325289
19.4142370
11.6088264
7.0245990
3.8822199
9.0853424
10.0866111
6.3502849
10.5674269
4.4722246
3.7808339
10.4023829
2.5537345
6.5347800
6.8654711
7.5885469
10.2096371
1.5767905
10.4296426
8.8868551
17.4575909
7.4999232
9.0761968
1.3810420
25.1252223
4.9025541
9.3104250
5.1521652
13.7836944
15.8982120
13.0837241
6.7105859
11.2013903
11.9744542
11.0003540
4.6828967
5.3231173
3.6473883
24.7023244
11.6886330
32.0167405
11.8177622
13.0462324
10.1361423
5.8572117
18.0104591
7.7031929
3.9189422
24.4437310
5.7929166
18.0654214
11.7948092
1.7599832
3.9420401
4.9814254
11.3324774
4.2594848
2.8150814
3.9124514
2.7056369
4.2176624
1.4110468
4.9064277
5.0081141
3.1501854
4.7558445
14.0559701
0.5212555
4.4026824
11.0111320
8.8285087
5.1113028
28.0648669
5.7606474
12.4713906
8.3459287
4.4982407
5.0089720
2.2733363
15.1720711
3.7324626
2.6998746
5.7564811
1.1826627
12.7209385
2.7108186
2.6472845
18.6074529
2.7675148
31.9965472
68.7790582
8.8525821
37.7847688
13.2614911
6.7735428
6.0088019
2.2587593
7.2351592
2.6017931
3.7829491
12.2530148
9.7498282
104.4592895
9.9106815
33.3411738
17.1483000
7.8420636
8.1709609
12.0907336
11.5176550
13.3179829
14.1729444
13.4291659
4.9413413
4.6758100
9.3714691
9.1844371
17.9597234
25.1561767
6.2127268
9.8504641
6.3524284
6.2910169
5.2366591
5.2826427
3.7818343
5.8752359
4.8577428
5.2633997
5.8463965
8.0430570
8.9097564
13.7855781
6.0256517
9.1770309
8.6812106
0.7724118
5.1415624
5.0047512
6.0653194
10.2990946
8.0388749
2.0712084
8.9581071
6.9550754
12.6481739
65.3307804
1.5609454
9.5922248
14.1948840
2.0555160
4.9413208
2.6354480
6.9493228
19.2452604
3.4363427
9.8129162
5.2149267
3.5407975
10.9182865
6.5426316
10.8364644
8.0061207
3.8572050
11.2472708
10.7768251
6.1355957
4.4065193
5.9513069
15.5421140
9.1099051
7.8754975
5.3487890
3.3294461
14.4941411
4.2210407
3.6188993
13.6127547
2.8887156
2.5185167
11.2051225
5.1937862
3.1001339
6.5454841
8.0387809
6.3365077
3.3454067
3.8834000
6.9140700
5.8439245
7.9063522
2.3847249
2.1649758
4.0235214
3.9024032
3.8899379
3.2187270
10.0959492
2.8293555
6.0438306
2.1356826
5.9413309
10.1024035
2.5151358
2.9932496
5.8700334
4.0311125
4.1206887
74.7784823
8.2200447
8.9499860
10.8961840
6.1440489
6.9185348
12.1800780
18.0184893
9.0091663
6.7711274
9.0119923
2.9786578
49.2670554
108.9280834
131.2461896
16.0266414
12.7866436
91.1183785
4.2453681
152.1823361
11.2050380
11.9262249
29.1683482
3.6801170
18.0787771
5.3536479
11.3775894
2.8988181
9.4681606
5.3147807
8.3033475
4.9939850
3.3148315
21.3986676
23.1881019
9.8668160
24.3324572
11.1493815
23.6925765
12.3129379
13.2161268
14.0483306
14.4926353
26.7873135
27.1844849
13.2490029
7.2566414
11.9155603
8.3269366
20.0345001
12.0157797
30.4141673
8.7228230
46.3696687
9.3104829
117.7807412
177.4383593
34.2683691
85.6632652
29.1248197
156.6358959
131.6079827
167.1105506
83.7701201
95.6654014
121.8874922
68.8242396
5.6011079
5.1868415
169.8277291
62.4200596
132.8502055
4.5408104
3.9347188
55.7087938
3.4239153
10.8763336
6.3140971
4.8041357
158.8959789
10.8621755
177.0963660
4.9458811
3.2096949
5.5430329
176.9549592
17.2129590
5.1171100
94.8454417
8.6680707
8.4385859
8.3008819
1.3353127
21.1128798
13.2296877
9.3579119
7.1734741
4.9589651
10.4386546
7.2068694
3.5446179
53.7073046
43.5182122
5.0935686
115.0868458
118.0409184
157.8871549
8.2356395
13.1806801
14.8184926
10.5684173
60.0627523
4.0589201
13.8900547
26.3958263
8.2232863
13.7086236
6.3900246
12.8708339
3.2231455
7.2559616
28.2141972
3.9080107
17.6393570
10.4748331
12.0868675
2.2122586
5.8832794
10.4696891
12.0192945
17.5825284
7.9488767
5.2457681
14.8640731
3.4305886
3.0422220
5.6854504
10.0141684
7.2049388
29.9903909
3.3309658
5.9850422
3.5498348
9.3082535
4.2121845
3.6672227
4.4441511
3.6454272
6.0830950
3.8658264
11.3956255
7.5181102
8.5826523
9.9567398
2.7339604
8.3007052
1.6646098
5.5564641
4.5196260
6.8889709
5.0658867
6.2957632
1.1417876
1.4421368
3.6674610
1.5540517
2.8215133
1.2896839
3.3449681
2.0095720
2.4168060
1.8730295
3.6801831
9.2534392
2.5176550
4.1002074
1.4676222
2.5114534
5.2572074
5.1639892
0.8781733
2.6447194
4.6673559
7.4039442
4.0529841
4.1589341
4.0920460
5.7535069
8.5493099
7.5429284
3.8353327
7.7391155
3.7291804
1.8791424
2.7770911
3.6158495
5.6804152
2.4965956
8.5502251
1.8338029
5.1236203
2.0872366
3.6180449
3.0768382
1.1460628
4.0043745
1.4040815
3.5664729
5.8663455
6.1950979
6.0062862
1.6559985
5.5448788
1.7920232
3.9913921
2.3161753
3.1960164
7.0577884
3.3345284
10.5098090
5.6931029
6.6943420
1.8637235
3.8994320
7.4079828
1.9335354
3.6966328
1.3054586
1.5462049
2.0283302
3.1559658
1.5750594
7.9094931
5.2005203
2.5289613
6.1562117
5.1600153
4.0539791
5.7454362
1.9722545
3.4213938
2.4676867
7.8412103
6.4263492
5.2848138
4.3457836
3.5448450
4.9071419
5.5200620
5.1428478
3.5908675
2.5247778
3.9308673
7.5443461
3.9523289
3.3411808
3.2312899
4.3061103
5.4665144
6.3387553
3.3388950
5.0885889
6.8610416
2.7701835
5.1125911
3.0224707
3.2128358
2.8757099
8.7298396
5.6933719
3.6831355
4.6964086
7.5859278
9.6840746
7.7069755
3.3753674
1.4092187
2.1757054
6.2793827
4.6893755
6.5612073
3.2601446
9.2822325
1.4819521
2.1961065
4.1355694
3.1569539
4.6383631
3.9834933
6.3394249
4.6060182
3.8100219
3.3072533
3.4694473
4.3485362
9.3010902
4.5094034
9.5165847
10.2953758
6.1408136
5.9250435
9.7015533
5.6403187
5.0053658
3.8624208
4.0299440
6.1656340
4.0131085
3.9619422
4.8210443
4.8979707
4.9488663
2.4973744
4.7898191
3.5165277
5.4297784
4.3250711
1.6898739
3.2934602
2.6764231
1.6176309
3.6646493
5.8122463
3.9549715
4.0152269
3.0930402
5.8406969
3.3541179
7.1377411
4.8675845
3.7535018
6.0938237
3.8804753
3.7975748
2.7974694
2.3482685
5.4153180
3.1591552
3.4321331
4.2079329
7.9658636
6.0777768
11.5436749
14.7876827
0.7554208
0.8152343
3.2279088
3.4783546
1.0003264
3.0202568
1.1752447
6.0520120
1.6818747
1.8021431
2.1045773
4.7775746
4.2674069
2.5019796
2.8629409
10.7025076
3.3970850
8.9565589
3.6040507
6.6084621
5.1054475
3.7207830
4.4146962
5.0183734
1.6018877
4.1975777
2.6504650
5.0238773
4.5183151
6.5423177
13.2425384
4.3215699
12.0310284
7.1787839
151.3581907
13.1935879
131.5767379
4.3439489
3.8480797
13.7366614
11.3454048
10.8649274
16.9261931
5.6251798
15.6253508
8.4566147
22.7805816
43.2298546
3.5845903
15.4361448
16.8817753
4.7147672
9.3099037
37.0634554
2.9076552
4.1702638
3.4594811
4.7890366
2.6777689
10.1700332
4.7883760
2.3347394
4.3167225
7.8609473
3.7038974
5.5687906
5.1043538
4.6711887
3.0677150
2.1497884
3.2473679
3.5559724
3.8439224
1.5412299
8.0434481
3.4023686
1.1562555
6.4983571
3.4011744
9.3055588
11.3123938
9.5596056
2.1696111
5.6083735
5.6723857
3.1198070
8.2505770
4.6880386
4.2173996
3.8472508
1.0333276
5.0267168
5.1098295
4.9966441
3.1364385
2.7222321
2.1722244
2.4922697
8.3953555
1.3714680
4.6655698
29.7799574
5.8585203
3.5913788
2.2185772
2.6140035
3.4213734
3.5734638
5.2785260
10.3909934
5.3540812
11.6788892
8.8268265
9.1023570
5.5563071
2.8806190
2.8972952
1.7124982
3.8541040
2.6926765
5.8978621
3.7926857
2.3346121
1.7283067
2.6733757
10.5702994
2.6760086
1.1999869
2.1213747
1.3864810
11.1466360
30.1061419
1.0936140
1.4663892
1.4627241
3.9642139
8.5431766
1.4577248
1.4552071
1.7568647
0.9930120
1.2846080
2.5596451
29.2056226
20.4654773
21.2814796
73.2002854
7.4241272
1.7512535
2.0025870
2.0498175
2.1957785
7.0967920
2.8411182
1.5033416
2.7996913
7.0775880
2.8085534
8.3194965
7.5318518
1.9291720
2.2665890
2.0312845
1.8855189
2.6788963
2.7555244
3.9620302
5.4540724
3.5624693
43.6463094
33.8633921
5.9505479
25.5624655
4.9728419
6.4478643
3.5108652
3.4924450
7.1968341
3.9263412
3.8435764
4.9800631
5.8177682
7.1330174
5.1481998
9.3633334
5.1374394
5.0640336
3.9066387
3.9984596
6.0512838
4.2178810
4.1850390
3.8195509
4.7355932
5.6028000
4.5951033
5.5158356
4.8161765
3.9799874
3.1904009
3.9125758
3.4435332
4.1404526
3.6168769
2.0400906
4.9804320
3.1803936
4.0536402
2.9967913
2.9102514
3.6025681
2.7343870
2.7571784
3.0698878
2.6894760
3.0271682
3.7931945
3.1539767
2.8512246
3.5066233
2.2994638
3.7860561
5.0017736
3.0192165
3.2673682
3.1758396
1.4185528
1.8820601
2.0370382
1.9657084
1.8620603
4.7959217
2.9844194
0.8970252
2.2297582
1.6438412
1.4303707
1.4007800
2.5453377
1.8956284
1.2271466
1.5601310
2.3929506
5.4015914
2.1791535
2.3420588
2.8185795
2.2332349
2.7418142
3.3178914
2.4828137
3.7338680
2.1078887
2.8470418
2.0028065
1.5304310
2.8676400
2.4390195
0.9330138
2.2100286
3.2009420
3.9018143
1.6661747
2.6477880
2.3762841
3.8416486
6.1760927
2.8872232
7.0035687
6.2281473
3.7053788
5.2657437
5.6557688
7.0836703
5.1345363
14.7702407
9.4463119
7.3829907
3.8053151
5.3067316
7.2858406
3.1762969
3.9219337
5.9926098
7.4784409
8.4356558
4.9440314
15.6859691
6.5492270
6.6337179
9.2428910
1.4890732
3.2057599
8.1413481
11.5986284
1.7504965
1.7237396
14.5439047
2.5482780
2.7553948
7.4016013
4.4459266
31.0443160
6.0972755
11.7002726
4.2688938
23.8160261
5.7477343
17.7990946
64.8298834
17.8893369
12.3367826
2.6088949
11.3690326
8.1139820
5.6552089
11.9161294
11.4152612
7.9709891
2.6572096
9.6558373
2.0601621
27.5125532
4.8192617
29.1866505
49.2774909
67.8255354
112.7393594
11.7364178
154.9903242
26.1200990
21.2583179
7.3946460
3.3893381
9.8656052
13.3898728
14.4271859
3.3128524
4.5563105
8.4304655
11.0156035
8.1611424
20.2371311
4.4168768
11.0436024
6.6188338
9.8286688
11.2889562
5.7712416
6.8728303
13.7918862
5.8298850
10.2406006
5.8579032
18.0642424
5.0083525
7.5508733
19.7227271
7.4190119
4.7155678
4.5571337
7.2132786
16.1556011
3.3191500
7.6861046
4.5467706
30.1223046
4.7729313
2.0384400
8.4984009
4.6318625
5.8827967
8.8722830
3.2171126
6.1714460
4.0638929
5.8724246
3.9441970
6.2222833
6.4918790
5.4619839
5.5562585
9.5488995
14.9361030
3.4885483
5.2763779
5.4880461
2.1258449
31.4731469
5.1715436
4.9544630
5.9473377
6.7659414
7.9303408
6.3121078
6.7427600
11.6909061
7.7291980
14.9626598
2.5951914
3.5409341
4.5156186
11.6822444
29.4189203
13.7615351
8.7605937
2.8102170
21.5301603
5.8799964
8.6352187
4.1998472
6.2848417
12.8883881
5.3604047
7.3894469
11.5071141
11.0210038
8.5252428
9.4398324
5.3465007
8.5025876
3.2331725
4.7092009
9.4562079
3.1292720
9.3228666
27.2671831
13.0626143
18.3610745
11.2301211
11.3949625
5.0195501
12.6870088
5.0712989
19.9471988
11.2124406
6.2330381
15.2059489
14.0819513
19.8780899
11.6624700
10.4458289
14.9193537
5.7353379
30.8621420
10.0156463
6.9703605
7.3102352
7.4045591
11.3322012
7.0474516
8.9639058
9.6573275
14.8394990
4.6486378
8.8977913
15.5898020
8.6258754
3.3418412
14.9494195
10.1642478
6.9045538
14.7572014
2.8819354
5.0266443
4.3784571
7.8197570
3.7264388
6.7664493
11.3919319
3.8631165
2.9866342
1.9970761
1.9347547
14.0716328
13.1651466
11.1241965
1.1456646
5.2517148
4.6783539
7.9915580
4.7020161
5.6967093
6.2089141
4.5211289
16.6595584
10.9127833
5.7146091
6.6163228
6.7564033
4.7301669
3.5382960
5.0396578
6.2366217
7.9102092
2.7480052
6.6292707
7.5917228
7.3502630
9.9930183
4.0280078
1.0812957
2.6569915
3.6798815
3.1120225
4.5965125
8.5738110
6.4452702
4.5658402
11.1269279
5.8252836
2.5771919
3.4373932
5.6554470
8.0206492
11.4525141
9.2482818
3.5685201
9.9973320
7.9585124
0.8345788
3.1946014
1.6765418
2.3150558
6.1146183
9.8027677
7.5047105
8.3949265
2.3182070
5.0132422
4.4049169
3.0831082
9.2999283
3.8251936
1.4017396
8.4953851
7.9039911
14.5008833
4.2322473
7.1336556
7.0093475
5.8598673
2.2824450
3.2969155
3.9434936
11.8696435
3.2759870
7.1667669
6.8998477
5.4191981
3.1305641
5.2024086
5.4006827
11.3329140
7.4903550
9.2529164
5.6451828
2.0268259
8.3501131
15.0762270
6.7893219
12.0382878
1.7913349
3.7301827
3.9752110
6.0696746
12.6185398
6.0885188
2.9668537
7.6816037
9.7060639
17.6475268
2.3410338
8.7869557
7.3465288
173.4218830
29.4306128
18.7301887
14.8229725
5.6241347
2.2273458
22.7518062
49.8550254
12.4432959
150.1666124
19.5410377
4.1732817
18.0419564
13.4278406
8.1489568
7.3971036
7.1676673
1.1543161
15.9421388
5.5209075
6.3389074
6.7734625
13.0828306
6.1259230
1.8762423
3.8332931
8.8512205
18.1951526
1.8572204
25.3656827
18.6617682
26.4030616
14.1462337
7.0177650
8.1698285
9.7017219
13.8607115
7.3812377
2.1121653
13.6754116
7.0123267
7.8033410
12.0554003
9.8460202
6.0912407
2.1256759
35.1918711
15.1705212
2.3165906
11.8248574
33.4015962
9.6621309
20.2832187
16.2086851
8.1219436
2.6056730
5.2681188
6.0638178
29.0029038
8.4336547
16.1088880
4.5693371
4.9649398
5.9089848
24.0099082
21.7913710
7.8608503
7.3912971
10.2316990
8.3953401
5.5532330
9.1245278
2.2725272
6.5926109
10.4947392
13.2412931
4.9903477
4.8186679
9.5431723
4.2808523
5.1670231
3.3201814
2.0467843
18.2038979
1.6739545
5.2960882
3.2351176
3.8656210
8.0767919
5.6661601
8.3494496
3.5028175
5.2866231
18.4326507
9.6812892
8.8216372
13.8582779
8.4756344
5.1345972
3.9720051
5.1967467
6.4652902
3.2550111
11.5507498
25.0742826
4.9251006
46.3842058
20.2359491
23.0077084
8.8594961
5.9774639
4.2064197
4.5050622
5.3292077
7.1983385
7.3111463
5.1127944
5.1665854
6.6165065
5.5710676
6.6905290
4.8000052
11.5020864
11.8766554
9.3741153
7.2591481
3.4767221
5.7406454
17.1704565
7.3372612
8.4871822
18.2707505
14.7631621
8.3133404
8.5061035
2.0742944
5.7191441
2.6871925
10.9645568
8.9688607
9.3085337
5.8207955
13.1409362
3.2690740
10.1267988
5.3950747
4.0532516
5.2035939
4.0886319
11.0619768
8.0754483
8.6794215
2.6643477
2.5479225
2.2534643
4.4625332
4.3971023
4.2699169
2.9562402
3.6531878
5.2919666
8.2033071
8.6934052
10.0480905
15.2997296
12.4216320
2.3128430
3.2686157
6.9397752
1.8768984
16.4927729
1.0990275
4.1202964
2.5679712
5.3685182
7.0497866
7.0271048
4.6109846
4.0116041
2.5053721
5.9639896
6.7688239
11.8667188
7.2408767
6.3774802
10.2860717
2.4375621
8.3398851
10.8845049
6.7296101
2.8768356
13.8856136
6.0915972
2.2406973
8.5948895
4.7437158
3.6617819
4.3779429
13.6341310
11.3423784
15.7517588
18.3569494
8.7695980
15.7722374
18.0045612
17.6864521
40.2837537
8.7406462
25.4983435
6.6331068
5.2007895
8.7948042
6.2779009
10.4029477
10.1144311
12.2528129
9.6079409
2.3308774
36.0833966
2.8177672
2.4484950
3.9112230
8.3305090
12.2318336
8.2595946
2.8346543
1.8829025
3.1245755
24.8610339
7.6262910
24.8036005
7.8551031
6.7493108
5.1442539
5.0042383
5.5535941
2.4471519
5.1264235
6.9214887
1.6317037
5.3243190
5.0702748
1.0238688
5.6827828
6.0880206
20.5639857
3.3971143
6.9192768
5.0042213
15.2389641
15.3161734
5.8228291
4.5023743
7.3238089
5.7557946
1.9253998
29.9883753
22.1709554
8.5411104
20.3329924
27.4254022
5.8658806
5.9162880
17.2901145
9.4872634
6.1110616
17.4094391
18.5172107
14.8486906
6.3575596
86.1328910
48.2069897
7.6706504
172.9611619
18.1181853
13.1387398
17.2273482
7.5034626
18.2081549
10.7284725
4.1035332
56.1036105
4.7920706
9.5856215
8.7864097
17.2839985
9.3350645
3.9388662
4.7209761
3.2901267
9.1006204
12.8999408
7.8869576
13.7068128
11.8134874
3.1356105
3.9271302
9.9743425
3.3960045
7.3487902
6.8946710
4.4849509
12.2872953
8.0533678
26.8523970
11.4574269
10.7124626
3.9176638
1.9324944
9.0821580
8.5980606
1.3562354
5.9364552
7.3406374
3.2908154
9.3655219
3.9812335
2.2201391
2.6674882
6.4859237
3.2939873
7.5119537
3.3936262
4.8352135
6.9864064
4.2906046
2.8245398
4.9133304
1.1239947
3.6326225
9.7040701
3.2305233
2.6533515
3.2368372
10.8468686
6.6998023
5.8017468
1.1789249
2.5305292
6.0067800
10.7542158
5.0053708
5.5069690
13.6532689
8.1865449
19.1504698
12.0970088
6.1206448
15.0135940
10.0287071
10.2577484
23.8177836
3.5635912
12.3060937
12.0360338
14.9515532
9.2384086
16.0343525
20.7195882
7.6790043
4.8437520
5.2068194
5.2679191
2.2358787
9.9165105
2.7945919
7.5917089
2.5665008
3.4798878
3.6021867
6.1744673
3.7961065
4.3403703
5.0900481
5.5931056
2.3853197
30.3293524
14.9941713
8.4067818
14.0778318
16.7312144
4.0578152
7.2061256
3.9947302
132.2006775
73.1688015
2.1147421
85.2104322
9.2090475
1.7420289
96.9721940
3.8360959
12.0062147
9.4405648
62.3523689
2.8870995
4.5808110
3.8274371
2.9515796
11.7593479
3.7842661
14.4402361
4.6276350
8.4891531
10.4398578
17.7050742
12.6383922
63.6672950
4.7960826
16.4330180
5.0101829
5.3692004
4.1635826
6.3592902
2.3660365
4.8811568
3.2764989
1.1551340
12.1174999
6.0917554
0.5616365
8.1570405
2.9412222
11.7429153
2.5583978
3.0118706
5.2253463
5.5758880
2.9915413
4.2524888
8.0722929
1.8210584
3.1495287
1.5441847
2.8408798
3.8547327
2.9486285
3.1633411
1.6754144
4.2598872
3.5510230
5.3280944
4.8430815
3.5040851
12.2294373
7.6104338
6.0826170
1.0798145
5.1061269
17.0641987
4.5445782
23.8577056
16.8863103
12.7075582
13.0081686
7.6668116
4.5350483
8.9766077
103.3088332
26.4878884
8.8290728
4.3837183
7.1243196
3.8645513
8.4978254
7.0337826
7.1801060
3.7246453
4.0185813
3.3107356
2.3928625
2.4235534
2.6017697
12.5605917
5.0192193
4.6940217
44.6561360
13.8931503
9.6604486
8.1592562
10.1780593
7.0418453
3.9968274
9.9428910
2.8505971
7.0991121
11.6266301
7.1638108
0.5458865
6.0990312
25.9747801
6.8624354
9.7556604
96.1748326
4.7619122
6.9788299
3.4800324
5.8080946
18.9027027
11.3931191
13.7683156
6.1788515
10.0000787
10.6736742
6.8588086
4.9616119
8.4996945
7.9612579
6.8334986
6.3193541
2.6823065
9.1476052
9.8920100
175.8962926
21.1890317
11.5610502
10.5012557
4.6021624
11.3728412
22.4560752
6.8892212
11.6475274
5.6242630
22.4410565
2.0582222
4.2939023
4.1141869
4.6664107
13.4679587
12.3794827
14.9311702
3.6133766
6.0944076
5.6438926
3.5502670
176.1247699
17.4405366
22.8361881
10.2142990
7.5102821
4.8334486
11.8689048
14.2225889
16.8613492
4.3805059
169.4124802
130.7954291
52.9858324
22.5170898
6.8233617
131.7239513
169.9491940
140.1913961
5.3078970
124.2968897
169.9130409
15.8648365
174.3884019
177.5173469
178.8574223
5.2628047
80.4705319
154.0300173
9.4366315
7.0795091
8.4749705
59.2572585
11.0251898
6.1046990
7.9885456
55.5133897
6.6237549
11.3177636
72.0173230
6.4882147
169.0000780
12.6608568
22.8541305
6.2084655
13.9201635
1.3765347
19.0325693
78.2696475
13.3758507
11.4639254
52.7286541
10.6078635
9.6618106
5.1539194
6.8158230
10.4971239
11.3160032
17.7700475
1.8201654
6.2819532
18.6644102
174.9410159
6.8052834
3.4747600
65.9799610
63.4514420
61.3784360
148.7474782
8.0563414
169.4865955
80.1863208
11.1792670
18.7591311
125.8521234
4.2975328
19.9731150
140.5873125
20.6168933
1.8913193
13.2441405
154.3276092
4.4311774
12.4542969
13.2628047
26.2604580
168.4788791
65.0316383
22.3293401
58.7855926
5.5659550
5.1339809
8.3548999
3.4149412
5.1184929
8.5548227
5.4421991
2.6643299
10.1574191
10.6549187
12.8113766
2.2824458
10.3146273
1.4032147
1.4601978
6.2256467
5.2220118
11.6087332
5.5287087
8.7822418
3.8929252
7.7841776
4.2545101
9.6921697
3.8652770
5.1155518
3.9700452
2.1489506
0.8451804
3.1783131
2.4407035
3.5362962
2.4313071
2.6229991
1.8127311
2.7279198
1.3881445
5.9637866
2.4664765
1.1311273
1.3987628
0.8748034
1.8171349
6.8689210
3.9945706
7.5635235
2.2598108
4.2801282
1.4340991
1.2545815
5.3199872
1.2841844
0.8658589
2.2141915
1.7841862
4.7887304
2.2693826
3.6438362
1.5118821
4.8388711
0.7288906
5.2810034
1.9711390
2.6513342
1.5504053
1.4815380
1.3416272
2.9479355
0.7923598
0.8997525
1.4959423
0.9635415
3.8161785
1.4369274
2.1951353
1.3617674
7.2384465
7.4263390
4.1993332
3.0041237
5.0817090
3.5288460
3.4814097
3.4650978
3.2489451
0.8746980
4.9365062
2.1219184
4.9566393
10.2946477
3.1380548
3.9570755
11.1958886
5.5312488
3.9217282
0.7438565
2.6348046
3.2646530
7.7906693
1.4006029
2.4392953
4.2663103
5.7221342
9.3446546
3.0320969
5.0199397
3.2633792
5.0637442
1.8645377
2.9561913
3.7382160
1.9303821
1.7300840
1.5568011
1.9705692
5.9071253
6.4652735
7.4785496
5.6319055
4.2532568
3.8445841
3.0317527
4.3581743
6.6521654
6.9070968
8.1724980
4.6416881
4.9427063
9.2319422
6.2894825
4.6258310
3.3719877
1.4800285
3.2067700
2.3366300
4.8558032
5.3407196
3.1313454
2.4297152
7.4978497
4.5280795
2.6354487
4.4455727
0.9919848
5.3603696
6.2447203
5.2251219
4.2200400
6.6880840
3.6182888
6.9755627
7.4800792
9.1688005
2.8758704
1.8598954
7.3390496
11.2536035
2.1162451
1.7517256
4.9812865
6.0732022
4.2325644
9.0190203
7.9428235
6.4441981
6.6685145
0.4131187
2.3270845
1.3911436
2.2083590
2.8629018
2.9637598
4.0067267
2.8509080
3.5278391
1.1165828
5.1024740
3.3470535
1.7408504
5.7883155
2.9811790
8.6465446
2.0958102
6.3116583
6.7483558
3.8873207
7.8405901
8.8558587
5.4571570
5.0149673
10.8338534
2.2190980
1.6567109
11.8133925
4.3198873
6.4470900
6.1275302
3.3768141
4.7458633
4.7889766
4.1653146
6.2078072
0.5485985
2.4983897
3.0720442
1.0720117
3.3108229
11.1937492
2.3864466
4.5149214
4.3479341
8.3036771
1.6370592
2.8959524
3.7468101
5.8133015
4.6799166
6.0366189
2.0764479
2.7005376
4.4106868
4.2505810
5.2822345
1.5964551
3.3489259
3.7482198
5.2950202
2.9964956
6.9727047
3.4023292
1.7188819
1.5675777
0.9362062
4.7386748
2.8960249
5.3602820
7.3061060
8.7669933
8.7651793
5.2097728
5.6929563
5.1582177
8.5696897
6.2576042
2.6803977
3.1970317
3.5011769
8.0155981
5.2973849
6.7667214
11.3027913
5.4817341
12.4697726
2.8679554
9.1866291
4.9033467
3.0647831
5.2735229
14.4072582
31.6585547
13.2210020
10.2294420
8.5738261
6.3767846
16.1450633
20.0924274
12.5070788
15.7853978
9.5714897
16.7496573
39.7812530
17.0934393
10.4439431
7.4773029
2.7411658
45.7149335
4.4346130
10.3225123
4.5380705
5.6981249
5.2780109
4.1647728
5.6113242
10.3230019
7.3026749
4.2656675
7.3948921
2.4923212
3.3507502
2.9122606
5.3664194
4.3802713
2.2261969
22.6481037
8.6504159
0.7459578
4.9963791
0.5309136
2.7368248
7.3076544
5.8111939
3.9010885
5.0432800
1.4675344
2.6963739
2.9460019
4.1860543
0.7567713
0.5802954
1.7777043
3.8375020
5.2965795
2.8007731
1.5198015
3.9039878
2.3887993
7.1387137
1.6654288
4.8480106
3.5961985
2.0352410
17.0074218
3.5349492
4.1271798
4.0005420
2.7987931
3.0080865
2.9814891
2.0051885
1.9920291
0.8755608
2.2538141
4.7111652
3.9402940
1.2996484
3.5186027
5.1286435
4.1249591
3.8170967
11.3042545
3.5549800
1.9933627
0.9599793
2.2858679
1.0266649
2.7693904
3.3010914
3.3906854
5.5309294
2.7089643
2.8219768
1.4229918
2.0264442
1.8217485
2.1920450
3.2336474
4.6222861
2.3830759
5.4365411
1.7977191
2.5432921
5.4004928
3.0005092
3.1441654
5.1665093
2.5327654
179.1328598
7.9257488
10.6905126
2.4565585
2.9404244
2.9820222
2.2180443
2.6272194
1.0906690
1.0181490
5.0583381
5.5155619
1.3578929
3.1509331
4.2366307
2.7474725
5.2908614
4.2140391
4.7246240
3.4859385
3.8087656
2.9540864
2.4362694
3.8735882
1.9679807
4.3421447
5.2647422
2.7530167
5.1325551
4.9374326
4.6164119
3.4262083
6.4495484
4.7697466
3.1062344
5.5556501
8.6089935
4.5283178
2.2551367
2.4118094
2.6457919
2.4072678
3.4573385
3.3268121
5.3375158
4.0151293
4.3157166
3.6417819
3.6542177
2.9750507
3.1805775
3.4972079
3.3041150
3.7404122
2.5258537
4.1573546
3.2757199
1.7823454
5.6951258
5.4268979
2.3409299
4.7685151
2.2199768
2.6473301
3.3779678
2.7062066
3.1211815
2.0718126
2.2790551
2.9716796
3.3678749
2.3308877
2.2362788
1.8143110
1.6717418
3.1267177
2.4850872
3.0827993
1.2595454
1.7641272
1.3749712
5.1466704
4.7386952
2.3203127
3.5206042
2.0375651
0.9300755
2.6447585
3.2478617
2.7354900
2.4078586
3.1459924
4.2369458
6.9407078
4.3676081
5.4680254
4.9827250
9.1196296
6.4952231
15.5701518
5.4659599
1.7922099
11.1797134
10.9943917
0.6499572
3.8674378
12.6294471
5.1677513
4.5637553
2.0200179
7.7650433
7.4693643
2.7289601
3.3023359
8.5812438
9.8030827
8.3905756
4.0993864
1.8486213
6.7473956
13.4045867
32.0713993
8.6081419
6.7962105
6.9322466
2.8079029
28.8173579
11.0565778
65.0686549
8.1575957
66.2196392
2.3736995
10.7890100
10.7875479
19.5514184
23.4763844
7.1135782
26.2820124
7.3028159
5.6408839
101.8486910
15.9079400
9.6170423
24.7873394
9.6704137
3.9798238
11.0760903
10.8080535
6.8654845
6.1743983
6.3594238
6.7879598
13.5739213
12.3021396
7.7972700
2.5383816
3.2389566
3.4042958
5.1206260
2.4714464
10.3257720
8.6930172
5.5241050
7.3818807
8.0017545
10.4704591
7.3916285
18.1322619
13.1518265
13.8723733
1.1950571
4.9215032
7.5170039
1.1547332
5.2732790
3.4191778
4.8002114
3.2582982
6.3881795
4.9624002
5.2707075
4.6375696
1.6352380
16.8915602
3.1419133
5.7381303
16.4400060
10.2828316
3.9256933
4.4616161
3.5181432
6.0558601
9.5276818
3.8480536
5.7987352
12.7008020
3.3666263
7.8178877
7.2569069
2.9866778
11.1910072
5.1364419
2.9930152
15.4221854
19.6471432
20.6255451
15.7238353
5.0901725
11.4257592
13.5960716
9.2885677
15.1144641
13.5425464
16.3657784
4.2620958
8.5417558
24.6793433
8.1004170
2.6375157
16.3720961
5.6822366
3.0042348
3.5771926
4.4911057
4.2629262
2.6792595
