73.4730301 -78.6982651 2.5486512
73.4729614 -78.6982803 2.5483429
73.4729919 -78.6980209 2.5481799
73.4729767 -78.6981354 2.5479460
73.4729538 -78.6979523 2.5477431
73.4728699 -78.6979904 2.5475590
73.4728470 -78.6979980 2.5473757
73.4729385 -78.6980362 2.5471199
73.4729156 -78.6981049 2.5469511
73.4728928 -78.6983261 2.5466957
73.4728775 -78.6984253 2.5464809
73.4729080 -78.6986847 2.5465295
73.4728928 -78.6988297 2.5463696
73.4729691 -78.6990738 2.5464246
73.4729462 -78.6993942 2.5463493
73.4728928 -78.6995926 2.5462327
73.4728622 -78.6999283 2.5462162
73.4729233 -78.7006454 2.5460205
73.4718323 -78.7003555 2.5452697
73.4676666 -78.6916275 2.5409834
73.4607086 -78.6773529 2.5377533
73.4470215 -78.6473923 2.5347412
73.4315796 -78.6131668 2.5326922
73.4073410 -78.5589218 2.5290961
73.3868790 -78.5132980 2.5254037
73.3545303 -78.4416885 2.5194578
73.3215942 -78.3694839 2.5135021
73.2808762 -78.2794037 2.5060472
73.2375412 -78.1839523 2.4977336
73.1991577 -78.1001816 2.4903882
73.1419144 -77.9745331 2.4793994
73.0976868 -77.8752823 2.4709165
73.0416794 -77.7482986 2.4603901
72.9708557 -77.5879364 2.4468889
72.9083710 -77.4495010 2.4356420
72.8461761 -77.3133774 2.4247582
72.7596817 -77.1265411 2.4096167
72.6883850 -76.9705734 2.3962207
72.6116028 -76.8003235 2.3821487
72.5420303 -76.6465073 2.3700051
72.4505310 -76.4449844 2.3541470
72.3531570 -76.2281723 2.3378739
72.2490234 -75.9966812 2.3197415
72.1520538 -75.7812195 2.3045080
72.0525284 -75.5624313 2.2904806
71.9438858 -75.3238602 2.2737937
71.8244934 -75.0631638 2.2552288
71.7118073 -74.8175125 2.2390690
71.5770416 -74.5220642 2.2193701
71.4718628 -74.2913666 2.2037261
71.3508148 -74.0284042 2.1860073
71.2159271 -73.7302780 2.1671042
71.0866013 -73.4444275 2.1487255
70.9540024 -73.1491013 2.1292403
70.8393402 -72.8940887 2.1126928
70.7124634 -72.6142120 2.0949047
70.5595093 -72.2817459 2.0724981
70.4184113 -71.9762726 2.0524070
70.2673340 -71.6450958 2.0299258
70.1313171 -71.3499527 2.0099461
69.9977875 -71.0595245 1.9896010
69.8544693 -70.7394562 1.9670612
69.7366638 -70.4782944 1.9479964
69.5900421 -70.1547699 1.9253422
69.4160080 -69.7762451 1.8983731
69.2953339 -69.5153122 1.8792590
69.1528549 -69.2041321 1.8550047
68.9889450 -68.8446274 1.8270640
68.8271255 -68.4965591 1.8018905
68.6750183 -68.1714401 1.7782155
68.5257645 -67.8523254 1.7527374
68.3603287 -67.4911880 1.7234349
68.1913605 -67.1163712 1.6950952
68.0443497 -66.7968826 1.6712888
67.8618011 -66.4006729 1.6399312
67.7062836 -66.0653915 1.6135292
67.5424347 -65.7158051 1.5860424
67.3675385 -65.3355331 1.5559238
67.1583023 -64.8852921 1.5217826
67.0214844 -64.5933838 1.4990224
66.8691940 -64.2676773 1.4748566
66.6840439 -63.8607483 1.4452246
66.5160980 -63.4938812 1.4191531
66.3211823 -63.0671539 1.3902355
66.1475143 -62.6872101 1.3652254
66.0025711 -62.3712654 1.3444972
65.8156357 -61.9655838 1.3190727
65.6504745 -61.6035194 1.2986732
65.4309082 -61.1225624 1.2701216
65.2831039 -60.7981071 1.2522233
65.1293411 -60.4594307 1.2326311
64.9557037 -60.0650406 1.2107365
64.7699051 -59.6473312 1.1901222
64.6009293 -59.2721901 1.1717120
64.4225845 -58.8726234 1.1537397
64.2358551 -58.4495773 1.1330564
64.0452194 -58.0196114 1.1139383
63.8971291 -57.6798325 1.0990303
63.6768074 -57.1742592 1.0775634
63.5291367 -56.8341293 1.0628133
63.3420296 -56.3962784 1.0434278
63.1897697 -56.0401878 1.0277368
63.0024681 -55.6029053 1.0096718
62.8379059 -55.2102051 0.9954429
62.6368980 -54.7247429 0.9761842
62.4851608 -54.3572083 0.9614340
62.3199997 -53.9549980 0.9453704
62.1467438 -53.5368195 0.9296817
61.9623604 -53.0813026 0.9118042
61.8080292 -52.6971855 0.8974913
61.6369896 -52.2692604 0.8817186
61.4591026 -51.8162842 0.8661093
61.2933578 -51.3901100 0.8510772
61.1452141 -51.0101089 0.8383145
60.9841843 -50.5902519 0.8246702
60.8255234 -50.1799202 0.8125651
60.6487465 -49.7129860 0.7988520
60.5108566 -49.3357620 0.7880852
60.3313637 -48.8549767 0.7753198
60.1936111 -48.4860573 0.7664347
60.0290108 -48.0401230 0.7586505
59.8767509 -47.6234741 0.7489929
59.7238731 -47.1954079 0.7415237
59.5710678 -46.7595711 0.7332926
59.4188843 -46.3309021 0.7259537
59.2769241 -45.9283257 0.7180543
59.1433678 -45.5448685 0.7119866
58.9851608 -45.0930595 0.7054319
58.8355103 -44.6588669 0.6988493
58.6928444 -44.2402344 0.6918260
58.5501976 -43.8205986 0.6866633
58.4291878 -43.4612389 0.6827494
58.2865562 -43.0360413 0.6786168
58.1314125 -42.5670586 0.6738375
57.9995308 -42.1685524 0.6704103
57.8691902 -41.7701111 0.6663121
57.7336121 -41.3601723 0.6627712
57.6087532 -40.9772263 0.6612607
57.4518318 -40.4873505 0.6575810
57.3498726 -40.1598320 0.6555960
57.2179604 -39.7334061 0.6535961
57.0983543 -39.3448601 0.6511511
56.9701576 -38.9222488 0.6491991
56.8343697 -38.4631958 0.6476303
56.7279854 -38.1046295 0.6482721
56.6177444 -37.7245712 0.6490903
56.5120850 -37.3529663 0.6493497
56.4117432 -36.9877281 0.6479825
56.3019562 -36.5707169 0.6471124
56.1937141 -36.1557732 0.6469818
56.1067085 -35.8193016 0.6460680
55.9998589 -35.3994675 0.6479675
55.9311104 -35.1236839 0.6489871
55.8239479 -34.6734581 0.6499169
55.7517891 -34.3533401 0.6502805
55.6686096 -33.9742737 0.6506069
55.5979500 -33.6357880 0.6517215
55.5200043 -33.2422447 0.6525356
55.4473381 -32.8580742 0.6514494
55.3906784 -32.5402107 0.6521587
55.3270378 -32.1749496 0.6526251
55.2631073 -31.7883015 0.6542055
55.2072067 -31.4144211 0.6549106
55.1587105 -31.0386047 0.6547001
55.1106415 -30.6247749 0.6519039
55.0748444 -30.2940426 0.6518805
55.0416718 -29.9653244 0.6517614
55.0087891 -29.6070118 0.6505758
54.9761581 -29.1631660 0.6480815
54.9604721 -28.8876019 0.6450571
54.9437408 -28.5099812 0.6423222
54.9317741 -28.0317650 0.6435018
54.9278297 -27.7375870 0.6433111
54.9256630 -27.4584351 0.6414840
54.9265747 -27.1429081 0.6391715
54.9310913 -26.7855644 0.6354601
54.9386597 -26.4604149 0.6352851
54.9509239 -26.0837078 0.6359572
54.9636841 -25.7650604 0.6357235
54.9813690 -25.3892326 0.6355587
54.9958992 -25.1089497 0.6339679
55.0146904 -24.7743683 0.6311620
55.0347099 -24.4319229 0.6307971
55.0552750 -24.1002369 0.6306586
55.0786819 -23.7162895 0.6285039
55.0964966 -23.4242077 0.6265379
55.1118431 -23.1480408 0.6248930
55.1273689 -22.8434448 0.6229047
55.1437378 -22.4972916 0.6221499
55.1572571 -22.2022800 0.6214673
55.1668701 -21.8874969 0.6205912
55.1707077 -21.5716610 0.6200337
55.1692924 -21.2711563 0.6190811
55.1636734 -20.9582825 0.6175227
55.1535645 -20.6644745 0.6183218
55.1376381 -20.3617611 0.6197698
55.1230850 -20.0934353 0.6196181
55.1071548 -19.8080273 0.6181487
55.0850754 -19.4695053 0.6178275
55.0621834 -19.1992054 0.6166210
55.0325851 -18.9343853 0.6165664
54.9876709 -18.6426945 0.6187218
54.9413414 -18.3636284 0.6180012
54.8980331 -18.1123180 0.6147978
54.8429985 -17.8123436 0.6088237
54.7878418 -17.5488281 0.6067825
54.7220993 -17.2544670 0.6060222
54.6557655 -16.9702492 0.6066200
54.5822792 -16.6687508 0.6072545
54.5227165 -16.4389477 0.6076544
54.4490738 -16.1708374 0.6083702
54.3597870 -15.8861465 0.6090250
54.2638130 -15.6008921 0.6105707
54.1703987 -15.3343821 0.6124346
54.0676422 -15.0556355 0.6158735
53.9676933 -14.7878151 0.6176910
53.8648796 -14.5138454 0.6192036
53.7645187 -14.2536421 0.6197937
53.6346741 -13.9392643 0.6227859
53.5248337 -13.6888247 0.6259294
53.4043350 -13.4147129 0.6301131
53.2749863 -13.1234035 0.6313009
53.1429443 -12.8250360 0.6304052
53.0186844 -12.5442743 0.6303923
52.9091988 -12.2880497 0.6310370
52.7614212 -11.9549065 0.6341603
52.6513023 -11.7147017 0.6347253
52.5106049 -11.4040823 0.6314232
52.3594971 -11.0747700 0.6293938
52.2525635 -10.8342476 0.6309775
52.1198235 -10.5369749 0.6335139
51.9802475 -10.2317114 0.6353127
51.8488693 -9.9470959 0.6342166
51.7117004 -9.6607075 0.6336123
51.5686836 -9.3571177 0.6344920
51.4187050 -9.0304441 0.6328855
51.2823944 -8.7359819 0.6315202
51.1231270 -8.3965778 0.6301543
50.9660759 -8.0682545 0.6304669
50.8407021 -7.8023844 0.6302699
50.7009506 -7.5030279 0.6324430
50.5495415 -7.1715617 0.6354117
50.3985214 -6.8382697 0.6352237
50.2410736 -6.4966693 0.6351017
50.0917892 -6.1691670 0.6349129
49.9573784 -5.8800473 0.6374575
49.8064957 -5.5475206 0.6393694
49.6650581 -5.2276568 0.6366516
49.4910698 -4.8266048 0.6362218
49.3499641 -4.5027924 0.6355953
49.2069054 -4.1798744 0.6411839
49.0666275 -3.8387966 0.6422469
48.9259605 -3.4835122 0.6427699
48.7700310 -3.0936241 0.6447317
48.6419487 -2.7605202 0.6437886
48.5293045 -2.4528642 0.6445237
48.4174728 -2.1180289 0.6401603
48.3117447 -1.7882795 0.6401195
48.1976318 -1.3833081 0.6302550
48.1117058 -1.1064297 0.6255581
48.0113182 -0.7573742 0.6192732
47.9219971 -0.3964701 0.6723554
47.8547974 -0.0493806 0.7313894
47.8025208 0.3247530 0.7944010
47.7696533 0.7060799 0.8569700
47.7431602 1.0639302 0.9188641
47.7166061 1.4276363 0.9900243
47.6880875 1.8068192 1.0807829
47.6786003 2.1850989 1.1663342
47.6929932 2.5188577 1.2276331
47.7181473 2.8461854 1.2878462
47.7789001 3.1976690 1.3122081
47.8566132 3.5806754 1.3265792
47.9309845 3.8893306 1.3417876
48.0230713 4.2349863 1.3605061
48.1296616 4.5924883 1.3807414
48.2343025 4.9114757 1.4004894
48.3534927 5.2471652 1.4197468
48.4931488 5.6167679 1.4373559
48.6151123 5.9120107 1.4505341
48.7675858 6.2591014 1.4665992
48.9596291 6.6077433 1.4876186
49.1298294 6.8947935 1.5101589
49.3183823 7.2167702 1.5370699
49.4983292 7.5202312 1.5602834
49.6825943 7.8250961 1.5802765
49.8937035 8.1647253 1.6005414
50.1057243 8.4814243 1.6221224
50.3153458 8.7966566 1.6463468
50.4912682 9.0571814 1.6669533
50.6988754 9.3626413 1.6888438
50.9040871 9.6517687 1.7059110
51.1541786 10.0080023 1.7251017
51.3534889 10.2983351 1.7434305
51.5398407 10.5716314 1.7657887
51.7517853 10.8760157 1.7925012
51.9556923 11.1623688 1.8145756
52.1746635 11.4710627 1.8338605
52.4170456 11.8103247 1.8530291
52.6064224 12.0801792 1.8718346
52.8222351 12.4033651 1.9002388
53.0106964 12.7044582 1.9241165
53.1963196 13.0102863 1.9466484
53.4181480 13.3560066 1.9712197
53.6138077 13.6586790 1.9946674
53.7955933 13.9471045 2.0177834
54.0128174 14.2972727 2.0423961
54.2150002 14.6303282 2.0659425
54.4209137 14.9641657 2.0901041
54.6182861 15.2848396 2.1123650
54.8297806 15.6228704 2.1356986
55.0176544 15.9415703 2.1510315
55.2278862 16.3175716 2.1676338
55.4056206 16.6415920 2.1811254
55.5938110 16.9825420 2.1935725
55.8031349 17.3571281 2.2015905
55.9915123 17.6849422 2.2059059
56.1907082 18.0326920 2.2094560
56.4068375 18.4213829 2.2170150
56.5732956 18.7346478 2.2239881
56.7676353 19.1064701 2.2363248
56.9578743 19.4684086 2.2513506
57.1512871 19.8215599 2.2677977
57.3516541 20.1734543 2.2844620
57.5497437 20.5327473 2.3021688
57.7327805 20.8793888 2.3191364
57.9155655 21.2372417 2.3317127
58.1112556 21.6177902 2.3427296
58.3229446 22.0251598 2.3544955
58.5151443 22.4017582 2.3684914
58.6518021 22.6818867 2.3788764
58.8191681 23.0289040 2.3909252
58.9867325 23.3865147 2.4013731
59.1487160 23.7381630 2.4110744
59.3111267 24.0952492 2.4228828
59.4800949 24.4810123 2.4350722
59.6450539 24.8861904 2.4509947
59.7871857 25.2647362 2.4659510
59.9214592 25.6479187 2.4788406
60.0138779 25.9264259 2.4874892
60.1228180 26.2954178 2.5037260
60.2158928 26.6403542 2.5179667
60.3109207 27.0160065 2.5291045
60.3937645 27.3882103 2.5396378
60.4693642 27.7968273 2.5522087
60.5300446 28.1885490 2.5715604
60.5830193 28.5600357 2.5855999
60.6377563 28.9621658 2.5916073
60.6819763 29.3751602 2.5987840
60.7079353 29.7227917 2.6136577
60.7264709 30.0596695 2.6286118
60.7294197 30.4523602 2.6393712
60.7217445 30.8303089 2.6484268
60.7004585 31.2291622 2.6614442
60.6701431 31.6335831 2.6788759
60.6362305 32.0349426 2.6995273
60.5970497 32.4197998 2.7116127
60.5415001 32.8249626 2.7216887
60.4671631 33.2564087 2.7318261
60.3907852 33.6365013 2.7376616
60.2949371 34.0628700 2.7456157
60.2103691 34.4135323 2.7433360
60.0961914 34.8465652 2.7414544
59.9856224 35.2125397 2.7392876
59.8564949 35.5976524 2.7369702
59.6810112 36.0835838 2.7364988
59.5551834 36.4185791 2.7336085
59.3981667 36.8165894 2.7299502
59.1847763 37.3352203 2.7278068
59.0485077 37.6643143 2.7267666
58.8816757 38.0644341 2.7226892
58.7113876 38.4672394 2.7203646
58.5377922 38.8667984 2.7180939
58.3522415 39.2833672 2.7158279
58.1479034 39.7398453 2.7109632
57.9622231 40.1558342 2.7063789
57.7752762 40.5772476 2.7054536
57.5892296 41.0013885 2.7055128
57.3760033 41.4806595 2.7051082
57.2134552 41.8375511 2.7040114
57.0059280 42.2903709 2.7014661
56.8174553 42.7395782 2.6966836
56.6402817 43.1650925 2.6897960
56.4719925 43.5661316 2.6838214
56.2799339 44.0202599 2.6803749
56.0951958 44.4505844 2.6800907
55.9077301 44.8884735 2.6780751
55.7101288 45.3471413 2.6758702
55.4931908 45.8503647 2.6722393
55.2885399 46.3262177 2.6678371
55.1366043 46.6795692 2.6623747
54.9373550 47.1637459 2.6527362
54.7467918 47.6118889 2.6425457
54.5511475 48.0694046 2.6327860
54.3530579 48.5343208 2.6247973
54.1594963 48.9934578 2.6197782
53.9726715 49.4280205 2.6155171
53.7761803 49.8902016 2.6087077
53.5634995 50.3843155 2.5996222
53.3672485 50.8233986 2.5938275
53.1601982 51.2906227 2.5893505
52.9636078 51.7628021 2.5861039
52.7864342 52.1855698 2.5814254
52.5972862 52.6364021 2.5759294
52.3950310 53.1106949 2.5688469
52.1932755 53.5824051 2.5620480
51.9740601 54.0954704 2.5545635
51.8076820 54.4794273 2.5533173
51.5783882 55.0189934 2.5491722
51.4165382 55.4109077 2.5391557
51.2383652 55.8486366 2.5259833
51.0558205 56.3136978 2.5196912
50.8645287 56.7861290 2.5179157
50.6546974 57.2667389 2.5199847
50.4787025 57.6512489 2.5263660
50.3010216 58.0599098 2.5376394
50.1418037 58.4490738 2.5503891
49.9733200 58.9326324 2.5555789
49.8249359 59.3211098 2.5704591
49.6473198 59.7121658 2.6055527
49.4369659 60.1573792 2.6570106
49.2552567 60.5754929 2.7184575
49.1101570 60.9331856 2.7575483
48.9479370 61.3709602 2.8029768
48.7621155 61.8566055 2.8827364
48.6049805 62.2305984 2.9432003
48.4303322 62.6263809 2.9629717
48.2685280 62.9925804 2.9525471
48.0859680 63.4311905 2.9387503
47.9405479 63.8103638 2.9354239
47.7949562 64.1961365 2.9036417
47.6264534 64.6405716 2.8618851
47.4127274 65.1238937 2.8634729
47.2659073 65.4490128 2.8803730
47.0835152 65.8798599 2.8929684
46.8999710 66.3334885 2.8864121
46.7231674 66.7708130 2.8695982
46.5424652 67.2129288 2.8542817
46.3554459 67.6635361 2.8423662
46.1880608 68.0698166 2.8314171
45.9903870 68.5436096 2.8269100
45.8276520 68.9223785 2.8271346
45.6448059 69.3525391 2.8254642
45.4366302 69.8567963 2.8174210
45.2821198 70.2341309 2.8155231
45.0873070 70.7097397 2.8171015
44.8865089 71.1865616 2.8294249
44.6829529 71.6693115 2.8452682
44.4608879 72.2054520 2.8560982
44.2903328 72.6277924 2.8594301
44.1292992 73.0316315 2.8613327
43.9418716 73.4935379 2.8666677
43.7491379 73.9587021 2.8746984
43.5572128 74.4215698 2.8830841
43.3569374 74.9169464 2.8868189
43.1569862 75.4210052 2.8838711
42.9610901 75.9096146 2.8813908
42.7799225 76.3533783 2.8831904
42.5189667 76.9945908 2.8861387
42.3639336 77.3718719 2.8873293
42.1571503 77.8778915 2.8879204
41.9513931 78.3843002 2.8883605
41.7525406 78.8800735 2.8889029
41.5280418 79.4374619 2.8899453
41.3225441 79.9437866 2.8927224
41.1050415 80.4719925 2.8923638
40.8956146 80.9738235 2.8901813
40.7001915 81.4436874 2.8837028
40.4476433 82.0608215 2.8715444
40.2649155 82.5070114 2.8653715
40.0608978 83.0040054 2.8598256
39.8333969 83.5421753 2.8574483
39.6264496 84.0350723 2.8517745
39.4068069 84.5541306 2.8494112
39.1635017 85.1316833 2.8487906
38.9663963 85.6066666 2.8496673
38.7416382 86.1491699 2.8497081
38.5233955 86.6580811 2.8523874
38.2511177 87.2856674 2.8560140
38.0684547 87.7099152 2.8565419
37.8292236 88.2611847 2.8579679
37.6126633 88.7717514 2.8566546
37.3762512 89.3134460 2.8639717
37.1524506 89.8184662 2.8716969
36.9129906 90.3482971 2.8749197
36.6647377 90.9058075 2.8723130
36.4388695 91.4187317 2.8701739
36.2076759 91.9353943 2.8700428
35.9323845 92.5451202 2.8731222
35.7074509 93.0291214 2.8779325
35.4937019 93.4845047 2.8807456
35.2268219 94.0590439 2.8756404
34.9658852 94.6233978 2.8684070
34.7283173 95.1310654 2.8652778
34.4565620 95.6944199 2.8676701
34.2298241 96.1637115 2.8664846
33.9746132 96.6942673 2.8631654
33.7029190 97.2571564 2.8610363
33.4172134 97.8494720 2.8596039
33.1983490 98.2977829 2.8579581
32.9284859 98.8444824 2.8582127
32.6738319 99.3547897 2.8568048
32.3506165 99.9991226 2.8534055
32.1054878 100.4809723 2.8526037
31.8612576 100.9596100 2.8529105
31.6004105 101.4707642 2.8516085
31.3381119 101.9816895 2.8525176
31.0761662 102.4901581 2.8541832
30.7562370 103.1091766 2.8547955
30.5384235 103.5254211 2.8552811
30.2630787 104.0517578 2.8559589
29.9973259 104.5610886 2.8570180
29.7299557 105.0775146 2.8568134
29.4617863 105.5874557 2.8603189
29.1788864 106.1189346 2.8635204
28.9164200 106.6150665 2.8640940
28.6582947 107.0983429 2.8654735
28.4115372 107.5607758 2.8660750
28.1323280 108.0780716 2.8685324
27.8812962 108.5356064 2.8716991
27.6518517 108.9419708 2.8746574
27.3825932 109.4091034 2.8802049
27.1187611 109.8579788 2.8863614
26.8612385 110.2864304 2.8921723
26.5959988 110.7238922 2.8992264
26.3228073 111.1533051 2.9099579
26.0234032 111.5954056 2.9215126
25.7668629 111.9546127 2.9323242
25.4103241 112.4468307 2.9441710
25.1738415 112.7747726 2.9447899
24.8959084 113.1520157 2.9461648
24.6034622 113.5214996 2.9502046
24.2722549 113.9129868 2.9610891
23.9794559 114.2334061 2.9706693
23.7106056 114.5105972 2.9781291
23.3725319 114.8458481 2.9826560
23.0247955 115.1709747 2.9838488
22.6979389 115.4582367 2.9798961
22.3074951 115.7837524 2.9710777
22.0054665 116.0213394 2.9668753
21.6566658 116.2842484 2.9559257
21.3359299 116.5123367 2.9374270
20.9270802 116.7776718 2.9115927
20.5217648 117.0139389 2.8896177
20.1718826 117.2030258 2.8719323
19.8143864 117.3835144 2.8505652
19.4224510 117.5698013 2.8227954
19.0296421 117.7422867 2.7962575
18.6283550 117.9044495 2.7719350
18.2399311 118.0475464 2.7494204
17.8256874 118.1861496 2.7239723
17.4220581 118.3046188 2.7006969
17.0175877 118.4072113 2.6789505
16.5844059 118.5033798 2.6558721
16.1543503 118.5870590 2.6294241
15.7534647 118.6552734 2.6021016
15.3107214 118.7194138 2.5746460
14.9116449 118.7701950 2.5517259
14.4431887 118.8206558 2.5251491
14.0926247 118.8553085 2.5032227
13.6607866 118.8953476 2.4762952
13.1692791 118.9410553 2.4461019
12.8129339 118.9730453 2.4248521
12.3610430 119.0076599 2.3948958
11.9816360 119.0308304 2.3755300
11.5366373 119.0569229 2.3633299
11.1466455 119.0854187 2.3551610
10.7395926 119.1174011 2.3442409
10.2868824 119.1514359 2.3302577
9.9037800 119.1778336 2.3198771
9.5177631 119.2045212 2.3116593
9.0654020 119.2478790 2.3009820
8.6532698 119.2898788 2.2935715
8.1984835 119.3466339 2.2869093
7.8255091 119.4009552 2.2790296
7.4553666 119.4610214 2.2697895
7.0200896 119.5375137 2.2560651
6.6548910 119.6055756 2.2455692
6.2112427 119.6954880 2.2344930
5.8135247 119.7882233 2.2208617
5.4244399 119.8904877 2.2042289
5.0715842 119.9964905 2.1905501
4.6597695 120.1263046 2.1785007
4.2772727 120.2544632 2.1674135
3.8819160 120.3929138 2.1556168
3.5421231 120.5183487 2.1438844
3.1428196 120.6726608 2.1319082
2.8300223 120.8007126 2.1254337
2.4237108 120.9773102 2.1179147
2.1293278 121.1129990 2.1119435
1.7619417 121.2914505 2.0998464
1.3984587 121.4719772 2.0872846
1.0839753 121.6326675 2.0774944
0.7002520 121.8377075 2.0679960
0.4013895 122.0065460 2.0616760
0.0688884 122.1977692 2.0538068
-0.2790966 122.3995285 2.0474832
-0.6055922 122.5920639 2.0422556
-1.0322387 122.8518143 2.0363226
-1.2958910 123.0173721 2.0322936
-1.5684292 123.1921310 2.0279305
-1.9407623 123.3527527 2.0267277
-2.4073906 123.5277252 2.0278821
-2.8183606 123.6887360 2.0281670
-3.3000183 123.8777161 2.0267990
-3.6949055 124.0318680 2.0236757
-4.1235509 124.2093201 2.0191863
-4.5559301 124.3811493 2.0166597
-5.0160208 124.5679626 2.0157707
-5.4083705 124.7252579 2.0151207
-5.8541770 124.9051971 2.0125010
-6.1700344 125.0891190 2.0102546
-6.4618649 125.2632065 2.0092106
-6.7892690 125.4542618 2.0063238
-7.1484694 125.6583481 2.0026827
-7.4646630 125.8310623 2.0018995
-7.7703700 125.9904175 2.0020213
-8.1117105 126.1615143 2.0027955
-8.4948158 126.3432159 2.0046446
-8.8176107 126.4917679 2.0058992
-9.1604757 126.6453018 2.0065546
-9.4694643 126.7767105 2.0060132
-9.8586140 126.9318161 2.0068092
-10.1504383 127.0446320 2.0071075
-10.5372257 127.1844864 2.0071380
-10.8541832 127.2920227 2.0062642
-11.1740236 127.3912354 2.0048330
-11.5684757 127.5023193 2.0048487
-11.9318380 127.5923309 2.0058405
-12.2517319 127.6676102 2.0072846
-12.5628757 127.7351074 2.0080056
-12.9127817 127.8011627 2.0063941
-13.2714367 127.8570938 2.0045383
-13.6272240 127.8994141 2.0051148
-13.9776869 127.9345551 2.0047233
-14.3433647 127.9603958 2.0014405
-14.6968384 127.9775162 1.9961761
-15.0507603 127.9859695 1.9933934
-15.4237146 127.9858017 1.9881961
-15.7195158 127.9784470 1.9857595
-16.0674438 127.9645996 1.9853672
-16.4324875 127.9350662 1.9832829
-16.7912846 127.8976059 1.9767448
-17.1216202 127.8528519 1.9714131
-17.5047817 127.7893143 1.9677088
-17.8291702 127.7257462 1.9646174
-18.1737652 127.6520309 1.9604003
-18.5169926 127.5727081 1.9549314
-18.9233456 127.4656677 1.9489872
-19.2164879 127.3782501 1.9471390
-19.5328884 127.2736053 1.9485216
-19.8877411 127.1439514 1.9496449
-20.2042484 127.0183105 1.9489167
-20.5562611 126.8679504 1.9510906
-20.9278469 126.7019958 1.9562485
-21.2269669 126.5593338 1.9603790
-21.5664635 126.3870773 1.9635531
-21.9011993 126.2080231 1.9664185
-22.2715149 125.9971619 1.9692358
-22.5673237 125.8164825 1.9740816
-22.8578281 125.6345749 1.9785001
-23.1962261 125.3935699 1.9866720
-23.5202084 125.1551208 1.9937510
-23.8576031 124.8965530 2.0012224
-24.2129669 124.6098328 2.0109532
-24.5025730 124.3688049 2.0198972
-24.8326797 124.0863953 2.0332952
-25.1670513 123.8023911 2.0431371
-25.5657043 123.4544449 2.0535822
-25.9007645 123.1568069 2.0644598
-26.2171211 122.8699646 2.0768652
-26.4385071 122.6821518 2.0795972
-26.7380505 122.4277344 2.0791862
-27.0424557 122.1725006 2.0797632
-27.3492966 121.9172745 2.0843539
-27.6443424 121.6679611 2.0916898
-27.9555988 121.4002762 2.0956428
-28.2140923 121.1768112 2.0956898
-28.5685940 120.8703156 2.0971844
-28.8264790 120.6465378 2.0990145
-29.1291294 120.3856354 2.1006417
-29.4145813 120.1503754 2.1006632
-29.6985283 119.9138718 2.0994806
-30.0265255 119.6415710 2.0979207
-30.2780113 119.4349747 2.0956519
-30.5591831 119.2019424 2.0936549
-30.8407764 118.9662628 2.0916414
-31.1691761 118.6880188 2.0876911
-31.5007820 118.4026489 2.0853980
-31.7347183 118.2015762 2.0830884
-32.0158501 117.9649200 2.0797265
-32.3414268 117.7012253 2.0760965
-32.6124458 117.4781189 2.0746469
-32.8971786 117.2375259 2.0749242
-33.2459984 116.9407959 2.0786297
-33.5487518 116.6847229 2.0800138
-33.8011551 116.4742508 2.0782948
-34.0873833 116.2355347 2.0760384
-34.4126282 115.9635239 2.0754943
-34.6793709 115.7350845 2.0774858
-34.9785500 115.4769135 2.0786319
-35.2722969 115.2288742 2.0777159
-35.5653725 114.9820175 2.0761890
-35.8949776 114.7058868 2.0777347
-36.1909370 114.4584885 2.0803690
-36.5048294 114.1940308 2.0812378
-36.7825623 113.9581223 2.0804954
-37.0882225 113.6962662 2.0794730
-37.4525261 113.3787384 2.0786903
-37.6709366 113.1892929 2.0777388
-37.9712753 112.9346542 2.0758421
-38.2902145 112.6616211 2.0707963
-38.6130829 112.3822021 2.0643077
-38.8836937 112.1462708 2.0569830
-39.1929398 111.8769836 2.0470047
-39.5047226 111.6050873 2.0382493
-39.8170319 111.3336945 2.0314708
-40.0799713 111.1048584 2.0248721
-40.4431038 110.7901535 2.0157423
-40.7369766 110.5367279 2.0063269
-41.0149612 110.2981567 1.9959887
-41.3123055 110.0421295 1.9855943
-41.6275978 109.7674942 1.9787467
-41.9229736 109.5074387 1.9751694
-42.2146072 109.2571335 1.9687108
-42.5437088 108.9830856 1.9621952
-42.8788872 108.7054749 1.9590340
-43.1588974 108.4697189 1.9586130
-43.5403061 108.1402817 1.9540670
-43.7886658 107.9245987 1.9416664
-44.0701790 107.6796570 1.9346153
-44.3885422 107.4074402 1.9383740
-44.7244034 107.1283722 1.9432728
-45.0261192 106.8763657 1.9385406
-45.3604164 106.5917130 1.9287969
-45.6551285 106.3349838 1.9209611
-46.0013542 106.0324173 1.9135094
-46.3030281 105.7725067 1.9121443
-46.6248856 105.5003891 1.9124688
-46.9533539 105.2199707 1.9069582
-47.2038155 105.0020294 1.8960011
-47.5334473 104.7118149 1.8819067
-47.8492661 104.4343414 1.8765786
-48.1509781 104.1756210 1.8751975
-48.4722939 103.9002457 1.8752247
-48.8033104 103.6112289 1.8734407
-49.1440735 103.3057785 1.8753557
-49.4515953 103.0323181 1.8763900
-49.7822609 102.7444458 1.8758544
-50.0961571 102.4664841 1.8759978
-50.4013481 102.1908417 1.8757530
-50.7008095 101.9108505 1.8788393
-51.0462227 101.5905151 1.8827516
-51.3037987 101.3530960 1.8838395
-51.6246758 101.0589828 1.8828605
-51.8614769 100.8370438 1.8835937
-52.1527672 100.5633087 1.8840810
-52.4624176 100.2678528 1.8891521
-52.8544693 99.8918991 1.8974060
-53.0693283 99.6862717 1.8990728
-53.3530998 99.4115143 1.9012280
-53.6635551 99.1059189 1.8998392
-53.9327278 98.8466415 1.8955497
-54.2903786 98.5104370 1.8829914
-54.5680008 98.2446060 1.8745625
-54.9008141 97.9235458 1.8699950
-55.1631317 97.6747284 1.8683738
-55.4725380 97.3871765 1.8615599
-55.8425980 97.0434189 1.8501295
-56.1107864 96.8035049 1.8416831
-56.4746208 96.4981079 1.8296921
-56.7613182 96.2660828 1.8186201
-57.1121559 95.9825439 1.8047152
-57.3940125 95.7565384 1.7974973
-57.7435989 95.4753265 1.7854092
-58.0666122 95.2189560 1.7629902
-58.4076576 94.9670334 1.7542751
-58.7535400 94.7270813 1.7570530
-59.1581230 94.4451828 1.7588407
-59.4680557 94.2351074 1.7520176
-59.7992249 94.0170212 1.7437218
-60.1628799 93.7893906 1.7370048
-60.5506134 93.5536423 1.7314522
-60.8852692 93.3532104 1.7278496
-61.2206230 93.1567688 1.7258166
-61.5702553 92.9596786 1.7205127
-61.9511147 92.7543640 1.7056890
-62.3747597 92.5296478 1.6887822
-62.7667580 92.3228073 1.6774434
-63.0863571 92.1548309 1.6709989
-63.4912834 91.9474869 1.6550590
-63.8676491 91.7612915 1.6330568
-64.2681808 91.5661850 1.6056014
-64.6703644 91.3686600 1.5790974
-65.0450287 91.1859131 1.5543190
-65.4162979 91.0093613 1.5264102
-65.8150482 90.8239822 1.4944865
-66.1902542 90.6498260 1.4658201
-66.6569977 90.4342270 1.4269422
-66.9936829 90.2805939 1.3955986
-67.4277802 90.0862732 1.3551775
-67.8387985 89.9056625 1.3188851
-68.2371674 89.7309189 1.2861378
-68.6560211 89.5473938 1.2517926
-69.0843506 89.3598328 1.2197354
-69.5061798 89.1797409 1.1856912
-69.9460602 88.9957657 1.1522560
-70.3362579 88.8341217 1.1198025
-70.7863693 88.6464615 1.0806237
-71.1848221 88.4805145 1.0443190
-71.5199814 88.3398285 1.0149416
-71.9467392 88.1611252 0.9780171
-72.3193054 88.0091095 0.9436012
-72.7297211 87.8447037 0.9067890
-73.0769958 87.7045898 0.8756856
-73.4360962 87.5576324 0.8449557
-73.8287125 87.3977661 0.8120596
-74.2567444 87.2262039 0.7752303
-74.6443329 87.0755157 0.7387691
-74.9494247 86.9581299 0.7101221
-75.2811890 86.8313828 0.6789069
-75.6456146 86.6878586 0.6443658
-76.0018082 86.5458450 0.6095235
-76.3493500 86.4091034 0.5736273
-76.6930313 86.2764893 0.5357432
-76.9917908 86.1625519 0.5050203
-77.3429565 86.0283508 0.4682554
-77.6608658 85.9062500 0.4325124
-77.9877625 85.7808533 0.3945099
-78.3371658 85.6481400 0.3508117
-78.6282883 85.5365524 0.3155400
-78.9423065 85.4111023 0.2772068
-79.1597595 85.3254700 0.2485906
-79.4737473 85.2041626 0.2032623
-79.8089981 85.0729599 0.1542930
-80.0664825 84.9695282 0.1170912
-80.2936401 84.8752365 0.0843169
-80.5946350 84.7498474 0.0418719
-80.9672775 84.5961533 -0.0107744
-81.1955566 84.5042343 -0.0428946
-81.4332581 84.4069519 -0.0770984
-81.7340393 84.2819519 -0.1191907
-81.9942703 84.1715622 -0.1554633
-82.2590027 84.0566864 -0.1918576
-82.5369110 83.9327316 -0.2310677
-82.8086014 83.8062210 -0.2723070
-83.0795135 83.6772308 -0.3118734
-83.3230362 83.5603790 -0.3454508
-83.6292038 83.4112625 -0.3864976
-83.8574982 83.2982788 -0.4180350
-84.0908051 83.1771393 -0.4512931
-84.3824081 83.0147476 -0.4916654
-84.6284027 82.8712616 -0.5259116
-84.8554230 82.7332001 -0.5582170
-85.1110306 82.5718231 -0.5935367
-85.3708649 82.4021225 -0.6266627
-85.6488342 82.2128372 -0.6592574
-85.9408264 82.0041275 -0.6927672
-86.1871643 81.8184357 -0.7212324
-86.4111862 81.6392746 -0.7497206
-86.7033005 81.3906403 -0.7926564
-86.9450760 81.1651993 -0.8312764
-87.1874313 80.9222946 -0.8677720
-87.4475555 80.6553192 -0.9050043
-87.6888351 80.3918457 -0.9428487
-87.9401093 80.0915146 -0.9882963
-88.1437607 79.8268051 -1.0281236
-88.3719940 79.5069580 -1.0724105
-88.6086273 79.1440353 -1.1200237
-88.8032303 78.8219528 -1.1602733
-88.9879379 78.4939423 -1.2001702
-89.1593704 78.1293488 -1.2325462
-89.3156738 77.7426910 -1.2576071
-89.4590683 77.3292694 -1.2817297
-89.5665436 76.9710388 -1.3044769
-89.6742783 76.5439377 -1.3331666
-89.7545395 76.1571732 -1.3587339
-89.8246613 75.7566452 -1.3831656
-89.8834686 75.2888565 -1.4083381
-89.9064484 74.8624191 -1.4304461
-89.9021378 74.3901978 -1.4563848
-89.8678818 73.9505997 -1.4842513
-89.8287125 73.5739288 -1.5079514
-89.7824936 73.1811829 -1.5345981
-89.7130356 72.7498550 -1.5622810
-89.6103363 72.2699203 -1.5934919
-89.5028000 71.8405457 -1.6166401
-89.3833389 71.4087372 -1.6398771
-89.2456055 70.9281921 -1.6692228
-89.1407089 70.5630798 -1.6937908
-89.0156784 70.1342850 -1.7251419
-88.8646545 69.6884460 -1.7619324
-88.7125702 69.2724380 -1.7920556
-88.5307388 68.8084030 -1.8255939
-88.3441391 68.3351746 -1.8675045
-88.1445389 67.8304367 -1.9102914
-87.9754715 67.4176407 -1.9433799
-87.8050156 67.0286255 -1.9735709
-87.5215530 66.4287643 -2.0098531
-87.3669586 66.1073532 -2.0277011
-87.1324463 65.6065216 -2.0588336
-86.9129028 65.1099014 -2.0938120
-86.6988754 64.6410980 -2.1258395
-86.4716492 64.1715317 -2.1595507
-86.2121811 63.6631279 -2.1920493
-85.9794006 63.2018929 -2.2228880
-85.7180023 62.6716080 -2.2588058
-85.4623108 62.1632042 -2.2919445
-85.1482391 61.5484581 -2.3322732
-84.9312439 61.1213608 -2.3598366
-84.6464157 60.5597000 -2.3998954
-84.3809662 60.0029793 -2.4387100
-84.1215363 59.4776688 -2.4742055
-83.8627548 58.9514160 -2.5093346
-83.6151886 58.4449348 -2.5437949
-83.3185883 57.8446083 -2.5821006
-83.0338287 57.2707672 -2.6172967
-82.7095108 56.6181984 -2.6589031
-82.4326019 56.0647125 -2.6992636
-82.2131577 55.6240616 -2.7303226
-81.9220734 55.0384521 -2.7728541
-81.6549454 54.4646530 -2.8112464
-81.3198471 53.7607727 -2.8525136
-81.0571747 53.2097130 -2.8857572
-80.8055954 52.6795387 -2.9175496
-80.5062256 52.0300407 -2.9661150
-80.2576065 51.4914742 -3.0000274
-79.9977875 50.9203720 -3.0374453
-79.6701355 50.2151489 -3.0773678
-79.4199905 49.6722374 -3.1095836
-79.1368484 49.0456352 -3.1447160
-78.8918381 48.4562225 -3.1799030
-78.6406479 47.8703728 -3.2118812
-78.3915253 47.2818031 -3.2407243
-78.1233292 46.6484146 -3.2719076
-77.8837967 46.0780907 -3.3022084
-77.5941772 45.4036980 -3.3380630
-77.3618774 44.8480873 -3.3763535
-77.0505905 44.1093254 -3.4242315
-76.8153610 43.5430984 -3.4623048
-76.5841751 42.9817238 -3.4963138
-76.2966385 42.2780266 -3.5320110
-76.0412140 41.6512642 -3.5590243
-75.7866364 41.0251465 -3.5884719
-75.5008163 40.3198853 -3.6242921
-75.2164001 39.6135788 -3.6633384
-74.9887848 39.0459442 -3.6931293
-74.6910706 38.3005524 -3.7310529
-74.3974380 37.5554619 -3.7686779
-74.1988220 37.0636292 -3.7931240
-73.9436722 36.4207306 -3.8241799
-73.6379089 35.6609879 -3.8696444
-73.3843460 35.0280914 -3.9086342
-73.1168594 34.3619690 -3.9491899
-72.8735123 33.7576637 -3.9855464
-72.5538101 32.9613609 -4.0333886
-72.3224945 32.3791122 -4.0662265
-72.0677948 31.7367706 -4.1040888
-71.7398605 30.9147358 -4.1472535
-71.4936600 30.2953529 -4.1787214
-71.2192688 29.6122684 -4.2139053
-70.9977493 29.0505924 -4.2461290
-70.7153168 28.3276749 -4.2888269
-70.4597321 27.6775322 -4.3261642
-70.1751785 26.9505978 -4.3702631
-69.8944702 26.2336769 -4.4168100
-69.6904144 25.7113914 -4.4557729
-69.4071884 24.9819145 -4.5125442
-69.1126480 24.2276497 -4.5615711
-68.8595734 23.5773106 -4.5858669
-68.6233749 22.9799538 -4.5976324
-68.3619843 22.3215179 -4.6195145
-68.1001968 21.6546154 -4.6618695
-67.8289871 20.9621239 -4.7177444
-67.5682297 20.2947235 -4.7677922
-67.3102036 19.6189327 -4.8073063
-67.0645447 18.9828873 -4.8331647
-66.7397003 18.1758442 -4.8588619
-66.4730148 17.5096188 -4.8825769
-66.2485733 16.9010220 -4.9072456
-65.9935455 16.2455959 -4.9238968
-65.6729736 15.4829884 -4.9235034
-65.4668961 14.9857578 -4.9204030
-65.1933594 14.2753811 -4.9215965
-64.9304123 13.6126833 -4.9154224
-64.6626282 12.9457512 -4.9095755
-64.4413376 12.3974304 -4.9077334
-64.1690979 11.7229462 -4.9093227
-63.8702888 10.9615164 -4.9080591
-63.6498299 10.4066267 -4.8977818
-63.3903084 9.7567120 -4.8851347
-63.1129494 9.0693769 -4.8795176
-62.8898315 8.5030184 -4.8813977
-62.6290169 7.8498573 -4.8824558
-62.3757401 7.2179174 -4.8923674
-62.1312561 6.6253843 -4.8851376
-61.8711967 5.9859114 -4.8737135
-61.6122017 5.3458247 -4.8629441
-61.3508492 4.6975865 -4.8589220
-61.1055641 4.0967622 -4.8562498
-60.7882614 3.3315475 -4.8546448
-60.5297699 2.7150719 -4.8569260
-60.2826080 2.1201372 -4.8605833
-60.0463066 1.5515404 -4.8631110
-59.8134995 0.9907250 -4.8654633
-59.5496445 0.3554958 -4.8678184
-59.2945328 -0.2558099 -4.8672657
-59.0239258 -0.8987886 -4.8647423
-58.7401772 -1.5790392 -4.8686848
-58.5032425 -2.1505976 -4.8744502
-58.2437286 -2.7758780 -4.8787727
-57.9680214 -3.4294145 -4.8793702
-57.6938019 -4.0765462 -4.8765888
-57.4145050 -4.7341428 -4.8743377
-57.1403236 -5.3814383 -4.8753438
-56.8637733 -6.0383587 -4.8763518
-56.5828857 -6.7046585 -4.8785028
-56.2873154 -7.4014320 -4.8794165
-56.0162201 -8.0362530 -4.8799949
-55.7458687 -8.6749887 -4.8845100
-55.4608002 -9.3463001 -4.8873453
-55.2037697 -9.9473209 -4.8908663
-54.9019966 -10.6585407 -4.8930030
-54.6334534 -11.2936764 -4.8944039
-54.3280945 -12.0078611 -4.8960381
-54.0328407 -12.7002363 -4.8995800
-53.7726212 -13.3127565 -4.9027119
-53.4857483 -13.9970093 -4.9049482
-53.1501465 -14.8093510 -4.9009719
-52.9172974 -15.3533039 -4.8945589
-52.6040764 -16.0653133 -4.8919272
-52.3077698 -16.7611523 -4.8993864
-52.0098495 -17.4869709 -4.9161291
-51.7345467 -18.1359177 -4.9148879
-51.4735451 -18.7429028 -4.9071116
-51.1645470 -19.4709091 -4.9002008
-50.8576660 -20.2066765 -4.8928075
-50.5667915 -20.9082947 -4.8888640
-50.2738686 -21.6185436 -4.8861690
-50.0321770 -22.2072754 -4.8856969
-49.7347450 -22.9298687 -4.8868527
-49.4310875 -23.6754417 -4.8893151
-49.1757698 -24.3074131 -4.8927355
-48.9047737 -24.9744244 -4.8954229
-48.6195259 -25.6747494 -4.8981829
-48.3557129 -26.3282394 -4.9023967
-48.0600204 -27.0650406 -4.9082584
-47.7705650 -27.7928925 -4.9151435
-47.4896774 -28.4986782 -4.9229016
-47.2396431 -29.1278515 -4.9273591
-46.9889679 -29.7606468 -4.9302969
-46.7105141 -30.4707031 -4.9320889
-46.4731407 -31.0742149 -4.9301505
-46.1757736 -31.8378754 -4.9328351
-45.9220619 -32.4937820 -4.9328628
-45.6571960 -33.1833992 -4.9312000
-45.3813972 -33.9085579 -4.9303441
-45.1766052 -34.4512825 -4.9294767
-44.8686409 -35.2766762 -4.9314313
-44.6563454 -35.8493996 -4.9338965
-44.4419937 -36.4351196 -4.9372377
-44.2021561 -37.0965004 -4.9398427
-43.9468689 -37.7952919 -4.9377542
-43.7053261 -38.4506912 -4.9330235
-43.4591446 -39.1399155 -4.9315357
-43.2711563 -39.6731529 -4.9304423
-43.0238037 -40.3788986 -4.9287672
-42.8100052 -40.9796143 -4.9291320
-42.5578918 -41.7003365 -4.9309874
-42.3778572 -42.2252350 -4.9323983
-42.1653328 -42.8508530 -4.9292979
-41.9662819 -43.4283333 -4.9263453
-41.7554550 -44.0367050 -4.9261565
-41.5007324 -44.7716866 -4.9264660
-41.2719154 -45.4387970 -4.9266586
-41.1058464 -45.9393501 -4.9307671
-40.8812561 -46.6128426 -4.9360828
-40.6915970 -47.1739426 -4.9370856
-40.4532547 -47.8813782 -4.9349375
-40.2738762 -48.4254417 -4.9311800
-40.0662842 -49.0585747 -4.9235644
-39.8681831 -49.6641541 -4.9159198
-39.6366310 -50.3644600 -4.9089332
-39.4362564 -50.9620476 -4.9005713
-39.2248459 -51.5941048 -4.8903856
-39.0543022 -52.1116371 -4.8810558
-38.8509483 -52.7330780 -4.8665767
-38.6556473 -53.3240166 -4.8514338
-38.4144592 -54.0546150 -4.8300667
-38.2387505 -54.5908508 -4.8105021
-38.0531197 -55.1716728 -4.7899818
-37.8426895 -55.8230286 -4.7676687
-37.6584091 -56.3936996 -4.7483892
-37.4427872 -57.0705948 -4.7263298
-37.2823143 -57.5863304 -4.7095232
-37.0989761 -58.1803207 -4.6898122
-36.9165382 -58.7798386 -4.6727033
-36.7396202 -59.3740692 -4.6543612
-36.5544052 -59.9986763 -4.6276679
-36.4114494 -60.5072784 -4.6061215
-36.2495346 -61.0894737 -4.5792937
-36.0871162 -61.6841049 -4.5585809
-35.9284210 -62.2667656 -4.5444374
-35.7790337 -62.8379745 -4.5313220
-35.6279793 -63.4398117 -4.5066228
-35.4979668 -63.9563293 -4.4750214
-35.3501320 -64.5587082 -4.4367609
-35.2243958 -65.0860291 -4.4059343
-35.0853844 -65.6934662 -4.3735728
-34.9698601 -66.1971588 -4.3452864
-34.8376808 -66.7810059 -4.3204036
-34.7322273 -67.2816391 -4.2959709
-34.6276779 -67.8119049 -4.2671604
-34.5185394 -68.3692932 -4.2326961
-34.4114799 -68.8991776 -4.1952162
-34.3044281 -69.4374313 -4.1641426
-34.2050400 -69.9632416 -4.1366501
-34.1132164 -70.4898071 -4.1100054
-33.9848709 -71.2468185 -4.0598030
-33.9156380 -71.6727219 -4.0299873
-33.8507271 -72.0911713 -4.0035348
-33.7733765 -72.6280289 -3.9674683
-33.7090225 -73.1345673 -3.9376469
-33.6458321 -73.6892700 -3.9081764
-33.5947647 -74.1839676 -3.8832786
-33.5456810 -74.6979370 -3.8528016
-33.5065880 -75.1550903 -3.8240073
-33.4719543 -75.6673279 -3.7920403
-33.4380455 -76.3483276 -3.7540243
-33.4209938 -76.7234116 -3.7336156
-33.3978653 -77.2957840 -3.7044845
-33.3849411 -77.7950745 -3.6776397
-33.3796692 -78.2942657 -3.6509020
-33.3805084 -78.8212967 -3.6259363
-33.3870468 -79.3194275 -3.6022012
-33.3947296 -79.8458099 -3.5750313
-33.4074249 -80.3516617 -3.5475373
-33.4298744 -80.8758011 -3.5156021
-33.4655457 -81.4952164 -3.4757457
-33.4938545 -81.9179230 -3.4505277
-33.5302849 -82.4431992 -3.4194703
-33.5655670 -82.9857254 -3.3881752
-33.6078262 -83.5675201 -3.3571668
-33.6515846 -84.0909576 -3.3321860
-33.6946831 -84.5847397 -3.3077426
-33.7428894 -85.0854263 -3.2868128
-33.8142586 -85.7358170 -3.2516642
-33.8704147 -86.2308426 -3.2154760
-33.9317360 -86.7626419 -3.1758642
-33.9877129 -87.2332230 -3.1445916
-34.0554848 -87.7552567 -3.1123054
-34.1357079 -88.2772293 -3.0806313
-34.2034149 -88.7020950 -3.0543160
-34.2961235 -89.2693405 -3.0194774
-34.3849907 -89.7715683 -2.9854004
-34.4764328 -90.2690201 -2.9481108
-34.5753975 -90.7997437 -2.9071362
-34.6650620 -91.2767944 -2.8690410
-34.7677689 -91.8069000 -2.8254781
-34.8521843 -92.2247391 -2.7947929
-34.9599838 -92.7147675 -2.7640135
-35.0426292 -93.1764297 -2.7392333
-35.1271591 -93.6844864 -2.7116930
-35.2004509 -94.1634598 -2.6835570
-35.2883339 -94.7483597 -2.6519001
-35.3509483 -95.1146393 -2.6331992
-35.4503059 -95.6495361 -2.6125193
-35.5225410 -96.0208206 -2.6037970
-35.6210175 -96.5354996 -2.5900879
-35.6842003 -96.8690491 -2.5787601
-35.7479820 -97.1941757 -2.5663421
-35.8564415 -97.6050415 -2.5440676
-35.9663200 -97.9884109 -2.5218968
-36.0856094 -98.4011383 -2.5015931
-36.1848259 -98.7454681 -2.4843154
-36.3020897 -99.1468658 -2.4607818
-36.4073334 -99.4943008 -2.4388311
-36.5110397 -99.8306885 -2.4155233
-36.6363678 -100.2351990 -2.3890800
-36.7383461 -100.5582123 -2.3684900
-36.8417244 -100.8826904 -2.3474073
-36.9375534 -101.1704865 -2.3298805
-37.0398331 -101.4773102 -2.3114543
-37.1356239 -101.7569962 -2.2977588
-37.2319221 -102.0348587 -2.2853501
-37.3256493 -102.3008728 -2.2743931
-37.4151192 -102.5532990 -2.2641177
-37.5018616 -102.7960739 -2.2540035
-37.6011772 -103.0645142 -2.2446096
-37.6690636 -103.2470169 -2.2387254
-37.7581978 -103.4860764 -2.2333927
-37.8211479 -103.6568985 -2.2286444
-37.8905792 -103.8446045 -2.2221451
-37.9561424 -104.0192566 -2.2146747
-38.0362816 -104.2241135 -2.2083218
-38.1179771 -104.4350433 -2.2037501
-38.1743431 -104.5921936 -2.1998703
-38.2371063 -104.7782593 -2.1961312
-38.3006630 -104.9765930 -2.1945591
-38.3553123 -105.1471329 -2.1954103
-38.4126587 -105.3287048 -2.1958630
-38.4753342 -105.5489197 -2.1966147
-38.5303268 -105.7603683 -2.1968782
-38.5817261 -105.9807053 -2.1979101
-38.6265602 -106.1940002 -2.2003632
-38.6689453 -106.4157028 -2.2069848
-38.7115021 -106.6592102 -2.2169394
-38.7540932 -106.9359131 -2.2303834
-38.7860565 -107.1981735 -2.2414987
-38.8045807 -107.4270630 -2.2493119
-38.8159981 -107.7214432 -2.2604175
-38.8111191 -107.9667969 -2.2689731
-38.7966194 -108.2443085 -2.2773149
-38.7718735 -108.5391159 -2.2857265
-38.7373085 -108.8461838 -2.2969763
-38.6944695 -109.1396484 -2.3092916
-38.6419945 -109.4149017 -2.3195534
-38.5705719 -109.6928253 -2.3297319
-38.4617004 -110.0413971 -2.3445842
-38.3636322 -110.3255997 -2.3554416
-38.2613945 -110.6160965 -2.3691537
-38.1362114 -110.9160156 -2.3811638
-37.9659958 -111.2667999 -2.3970878
-37.8205910 -111.5372238 -2.4076390
-37.6082458 -111.8922195 -2.4115002
-37.3858223 -112.2226257 -2.4023302
-37.2028046 -112.4820938 -2.3996220
-36.9831429 -112.7776871 -2.4060497
-36.6874847 -113.1391373 -2.4182642
-36.4318771 -113.4155731 -2.4266996
-36.1240387 -113.7188339 -2.4347212
-35.8790932 -113.9309540 -2.4393423
-35.5624657 -114.1965714 -2.4466569
-35.2190475 -114.4739532 -2.4570220
-34.9011726 -114.7124481 -2.4631960
-34.5745926 -114.9383469 -2.4654498
-34.1823769 -115.1822739 -2.4637101
-33.7943192 -115.4022446 -2.4593999
-33.3391342 -115.6464386 -2.4552557
-33.0307541 -115.8023376 -2.4533732
-32.6685371 -115.9760895 -2.4501009
-32.2217560 -116.1585693 -2.4426253
-31.8242989 -116.3043976 -2.4357612
-31.4426575 -116.4289627 -2.4297304
-30.9878731 -116.5591049 -2.4253011
-30.5444832 -116.6687927 -2.4191968
-30.0764637 -116.7663803 -2.4066300
-29.6515789 -116.8414917 -2.3915262
-29.1408653 -116.9095383 -2.3732951
-28.7059574 -116.9596710 -2.3589187
-28.2172890 -117.0048828 -2.3393900
-27.8255405 -117.0278549 -2.3177032
-27.2881393 -117.0522385 -2.2871647
-26.8691349 -117.0608139 -2.2615688
-26.4258385 -117.0611343 -2.2336235
-25.9622707 -117.0597687 -2.2139883
-25.5142498 -117.0564117 -2.2004199
-25.0400238 -117.0522232 -2.1887934
-24.5563812 -117.0399399 -2.1750937
-24.0917130 -117.0227432 -2.1601758
-23.5980034 -116.9915466 -2.1410136
-23.1215134 -116.9588165 -2.1231043
-22.6209908 -116.9300003 -2.1055021
-22.0768986 -116.9028625 -2.0879750
-21.5544281 -116.8732910 -2.0731032
-21.0198116 -116.8357162 -2.0637608
-20.5372829 -116.7985992 -2.0615814
-19.8865223 -116.7512207 -2.0584743
-19.4047241 -116.7189636 -2.0606556
-18.9086647 -116.6863251 -2.0667257
-18.3581028 -116.6447983 -2.0703309
-17.8174133 -116.6150894 -2.0687039
-17.2388496 -116.5859604 -2.0677695
-16.5835094 -116.5573730 -2.0568557
-16.0483513 -116.5347137 -2.0372686
-15.4481764 -116.5061722 -2.0114686
-14.8167257 -116.4748001 -1.9903497
-14.2785769 -116.4499054 -1.9748636
-13.5039196 -116.4152908 -1.9509107
-13.0073528 -116.3938904 -1.9349430
-12.3757992 -116.3660736 -1.9137833
-11.7994289 -116.3555832 -1.8905299
-11.1277571 -116.3414841 -1.8599697
-10.4898338 -116.3295822 -1.8371301
-9.8838873 -116.3201218 -1.8208443
-9.2760782 -116.3114700 -1.8040786
-8.6330967 -116.3009644 -1.7818491
-7.9826274 -116.2862778 -1.7552502
-7.1500282 -116.2721710 -1.7241834
-6.6068363 -116.2648544 -1.7070851
-5.9990416 -116.2568588 -1.6880639
-5.3101840 -116.2568283 -1.6658721
-4.6736732 -116.2560272 -1.6435446
-3.9896121 -116.2549515 -1.6176703
-3.3118558 -116.2564850 -1.5952791
-2.6035182 -116.2614517 -1.5745518
-1.9698448 -116.2616119 -1.5515077
-1.3389269 -116.2626266 -1.5292841
-0.5220317 -116.2658157 -1.4928143
0.0467610 -116.2724991 -1.4674188
0.7427098 -116.2736816 -1.4396645
1.4241076 -116.2780762 -1.4241606
2.0698442 -116.2782593 -1.4021094
2.7915683 -116.2839279 -1.3725069
3.3984451 -116.2806625 -1.3386635
4.0746174 -116.2777634 -1.3103085
4.7776957 -116.2733917 -1.2843063
5.4112849 -116.2672501 -1.2606391
6.2195187 -116.2599182 -1.2269193
6.6804037 -116.2571793 -1.2073752
7.4536147 -116.2549057 -1.1737387
8.0920496 -116.2547684 -1.1454315
8.8662729 -116.2486038 -1.1067060
9.5129213 -116.2407227 -1.0762111
10.0853348 -116.2353745 -1.0544132
10.7568398 -116.2316742 -1.0310537
11.5076389 -116.2273560 -1.0054199
12.0790100 -116.2226028 -0.9850705
12.9120474 -116.2138977 -0.9524135
13.5568113 -116.2062454 -0.9295231
14.1231747 -116.1981125 -0.9091644
14.7717247 -116.1859818 -0.8854775
15.3819046 -116.1739120 -0.8619051
16.1384296 -116.1597061 -0.8328892
16.8146992 -116.1406555 -0.8046772
17.3856487 -116.1221542 -0.7818181
18.0989437 -116.0982208 -0.7566779
18.7406216 -116.0751038 -0.7351817
19.5547504 -116.0466461 -0.7086130
20.1860447 -116.0234528 -0.6855818
20.7503853 -115.9996185 -0.6667534
21.3910980 -115.9602432 -0.6377545
22.1124802 -115.9204407 -0.6077485
22.6797142 -115.8883591 -0.5838178
23.3742485 -115.8458786 -0.5603549
23.9317150 -115.8036499 -0.5399749
24.4781475 -115.7588120 -0.5186532
25.1203938 -115.7049408 -0.4907870
25.7702122 -115.6485672 -0.4635382
26.3274727 -115.5930023 -0.4410194
26.8492317 -115.5322495 -0.4183923
27.4396687 -115.4561234 -0.3957398
28.0018044 -115.3805008 -0.3723328
28.5281620 -115.3092194 -0.3523639
29.1889839 -115.2158203 -0.3260530
29.7852020 -115.1253433 -0.2977968
30.3470383 -115.0360489 -0.2688110
30.8313713 -114.9584503 -0.2452768
31.4714508 -114.8589325 -0.2173290
31.9862041 -114.7736206 -0.1911017
32.6245384 -114.6689453 -0.1616856
33.1867714 -114.5708008 -0.1361315
33.7138939 -114.4747162 -0.1101536
34.3941269 -114.3496399 -0.0745564
34.9108429 -114.2553864 -0.0474195
35.4953651 -114.1497955 -0.0157347
36.0561485 -114.0479355 0.0151262
36.6856461 -113.9333267 0.0498026
37.3185768 -113.8152542 0.0860563
37.9116745 -113.7051163 0.1227433
38.4403076 -113.6062622 0.1600687
39.0764580 -113.4883728 0.2065066
39.6406288 -113.3837662 0.2473918
40.2594109 -113.2676544 0.2901302
40.8207245 -113.1610794 0.3294680
41.4145508 -113.0432510 0.3749549
41.9802361 -112.9318237 0.4217246
42.5037804 -112.8302078 0.4695680
43.2030678 -112.6969147 0.5305707
43.6166801 -112.6171036 0.5663239
44.2062263 -112.5019913 0.6160691
44.7818031 -112.3836365 0.6656885
45.3691025 -112.2659836 0.7160832
45.9452324 -112.1581573 0.7611154
46.3709259 -112.0807877 0.7931075
47.0045280 -111.9585114 0.8418256
47.5006714 -111.8614807 0.8787221
47.9376335 -111.7767258 0.9134888
48.5338631 -111.6677933 0.9627514
48.9773407 -111.5864868 1.0001243
49.4006462 -111.5087280 1.0336694
49.9391708 -111.4068527 1.0745140
50.3741798 -111.3210297 1.1093150
50.8267250 -111.2330170 1.1463232
51.3789062 -111.1294327 1.1949313
51.7978630 -111.0519638 1.2297595
52.2417259 -110.9668732 1.2672343
52.7303391 -110.8716202 1.3088841
53.1769104 -110.7852707 1.3459491
53.6158333 -110.7032242 1.3790300
54.0029297 -110.6312256 1.4093349
54.4231911 -110.5507278 1.4458326
54.8794937 -110.4626312 1.4882489
55.3084869 -110.3809052 1.5284126
55.7355309 -110.3000793 1.5706373
56.1701584 -110.2172394 1.6130774
56.6290474 -110.1297073 1.6547190
57.0154953 -110.0559387 1.6890851
57.5386276 -109.9558640 1.7371149
57.8762627 -109.8924332 1.7698523
58.2764511 -109.8167114 1.8083464
58.6982422 -109.7358475 1.8450537
59.0901375 -109.6600723 1.8782042
59.4686661 -109.5881119 1.9116482
59.9097633 -109.5022278 1.9559860
60.2545204 -109.4345932 1.9873811
60.6834259 -109.3515320 2.0196764
61.0264091 -109.2863235 2.0467901
61.4724083 -109.2026215 2.0920036
61.7985039 -109.1380844 2.1305563
62.1471672 -109.0714645 2.1703990
62.5332947 -108.9958115 2.2129593
62.9104424 -108.9220581 2.2563212
63.2805405 -108.8504944 2.3068650
63.6117401 -108.7859955 2.3567331
64.0397034 -108.7045822 2.4250603
64.3439713 -108.6457901 2.4661462
64.7248535 -108.5735016 2.5012200
65.1051254 -108.5015030 2.5302565
65.4050674 -108.4423752 2.5566556
65.7573929 -108.3731537 2.5904100
66.1165543 -108.3045044 2.6209002
66.4847641 -108.2350693 2.6471896
66.8180771 -108.1708145 2.6691525
67.1664352 -108.1005096 2.6896436
67.4916840 -108.0328674 2.7064366
67.8505020 -107.9552765 2.7136409
68.1554413 -107.8923874 2.7201653
68.5398254 -107.8134689 2.7476299
68.8120956 -107.7581177 2.7776618
69.1620331 -107.6830750 2.8158190
69.5261993 -107.5945587 2.8494079
69.7784119 -107.5291595 2.8710077
70.1219330 -107.4360809 2.9006183
70.4466171 -107.3432236 2.9305308
70.7510910 -107.2510071 2.9618402
71.0706787 -107.1486282 2.9979215
71.3729401 -107.0470505 3.0333557
71.7459335 -106.9180679 3.0753455
72.0462494 -106.8098450 3.1094589
72.3090515 -106.7117844 3.1361487
72.5899277 -106.5997086 3.1633606
72.9192810 -106.4583817 3.1955163
73.2387848 -106.3097000 3.2261152
73.5106888 -106.1752472 3.2523844
73.7930450 -106.0277710 3.2790971
74.0714035 -105.8756866 3.3040369
74.3943863 -105.6909866 3.3341703
74.7270813 -105.4926224 3.3664773
74.9736938 -105.3390350 3.3892028
75.2455368 -105.1606674 3.4146295
75.5266647 -104.9589005 3.4418862
75.7870483 -104.7623978 3.4688883
76.0601349 -104.5429993 3.5008328
76.3322525 -104.3074799 3.5343606
76.6118698 -104.0491333 3.5686328
76.8867340 -103.7884598 3.6015143
77.0994492 -103.5775146 3.6272490
77.3606415 -103.3018417 3.6593285
77.5840149 -103.0503616 3.6856034
77.8098297 -102.7807159 3.7146933
78.0294647 -102.4924088 3.7454484
78.2459030 -102.1898117 3.7663138
78.4447403 -101.8805847 3.7940412
78.6363907 -101.5632858 3.8256178
78.8110199 -101.2621078 3.8527946
78.9918594 -100.9382248 3.8734641
79.1512299 -100.6405563 3.8847277
79.3427505 -100.2439499 3.8992469
79.4833908 -99.9142303 3.9133379
79.6094513 -99.5766602 3.9302754
79.7387009 -99.1815186 3.9462183
79.8570251 -98.8095322 3.9571764
79.9568558 -98.4846191 3.9667132
80.0549164 -98.1159668 3.9779160
80.1383362 -97.7296982 3.9884098
80.1983719 -97.3835602 3.9962399
80.2470093 -97.0164032 3.9998465
80.2883835 -96.5913315 4.0008249
80.3166351 -96.2256088 4.0011363
80.3348923 -95.9318771 4.0020456
80.3488007 -95.5431290 3.9957795
80.3510056 -95.1783676 3.9905138
80.3478470 -94.8085251 3.9829934
80.3310699 -94.4556122 3.9761572
80.3037872 -94.0941162 3.9643402
80.2620316 -93.7315750 3.9501283
80.2081528 -93.3656921 3.9302189
80.1364975 -92.9332962 3.9099274
80.0698624 -92.5506439 3.8996406
80.0195923 -92.2593536 3.8889430
79.9409027 -91.8893509 3.8708270
79.8582764 -91.5422745 3.8477774
79.7445831 -91.1373367 3.8202093
79.6451187 -90.8097992 3.7972407
79.5303268 -90.4443054 3.7702382
79.4117661 -90.0824356 3.7414796
79.2687378 -89.6755753 3.7029707
79.1360855 -89.3222275 3.6694980
78.9972992 -88.9652328 3.6371131
78.8224030 -88.5278397 3.5956171
78.6942368 -88.2058258 3.5650244
78.5755310 -87.9119949 3.5353706
78.4290009 -87.5575104 3.4971492
78.2665787 -87.1754379 3.4541600
78.1078873 -86.8130875 3.4145403
77.9375229 -86.4260788 3.3714013
77.7785492 -86.0576096 3.3275244
77.5752411 -85.5947571 3.2737308
77.4132538 -85.2390289 3.2319314
77.2514420 -84.8988571 3.1948886
77.0603256 -84.4985046 3.1515834
76.8623428 -84.0866394 3.1072433
76.6888428 -83.7279358 3.0665705
76.5060654 -83.3504028 3.0225680
76.3178558 -82.9593124 2.9764605
76.1401367 -82.5911026 2.9336603
75.9701920 -82.2444839 2.8951435
75.7726212 -81.8459244 2.8535638
75.6131897 -81.5257721 2.8210783
75.4623718 -81.2194519 2.7913127
75.2992554 -80.8729935 2.7589023
75.1322479 -80.5166550 2.7239416
74.9826660 -80.2031097 2.6944523
74.8374863 -79.8999863 2.6654284
74.6582184 -79.5273972 2.6311481
74.5377884 -79.2770996 2.6086197
74.4029846 -78.9949951 2.5824296
74.2530441 -78.6838074 2.5552022
74.1280289 -78.4286499 2.5351367
73.9655685 -78.0965118 2.5081489
73.8651810 -77.8839340 2.4893682
73.7496872 -77.6349716 2.4653306
73.6350479 -77.3866196 2.4425874
73.5042725 -77.1071854 2.4186544
73.4082794 -76.9068985 2.4025373
73.3008194 -76.6828308 2.3825727
73.1836090 -76.4348679 2.3591001
73.0686874 -76.1893845 2.3384449
72.9674454 -75.9731445 2.3213189
72.8690109 -75.7629089 2.3044269
72.7705994 -75.5451965 2.2865071
72.6849976 -75.3571548 2.2723336
72.5859375 -75.1381226 2.2564867
72.4874344 -74.9217758 2.2402442
72.3970184 -74.7201538 2.2259250
72.3043442 -74.5130463 2.2122133
72.2324677 -74.3502960 2.1992583
72.1361465 -74.1303101 2.1803122
72.0703201 -73.9812546 2.1680951
71.9865952 -73.7929535 2.1537211
71.8959885 -73.5970840 2.1416185
71.8013000 -73.3932495 2.1306968
71.7097092 -73.1929932 2.1199298
71.6121521 -72.9782562 2.1081426
71.5064316 -72.7437592 2.0945590
71.4039536 -72.5162125 2.0819495
71.3222351 -72.3345642 2.0718739
71.2140503 -72.0930862 2.0582278
71.1313019 -71.9067841 2.0479710
71.0428696 -71.7082214 2.0370712
70.9440842 -71.4846115 2.0245142
70.8498459 -71.2699814 2.0123196
70.7573929 -71.0581284 1.9999372
70.6742859 -70.8643417 1.9889743
70.5843582 -70.6512070 1.9766791
70.5034409 -70.4597931 1.9649936
70.4194717 -70.2629318 1.9536457
70.3211823 -70.0346832 1.9403825
70.2513580 -69.8734589 1.9319999
70.1696854 -69.6846313 1.9213945
70.1017914 -69.5289383 1.9120632
70.0309219 -69.3620377 1.9018627
69.9520111 -69.1746140 1.8908820
69.8875351 -69.0218582 1.8811997
69.8281708 -68.8840103 1.8734418
69.7688751 -68.7487946 1.8662074
69.7092285 -68.6126480 1.8588840
69.6406250 -68.4526291 1.8501092
69.5921631 -68.3402176 1.8442433
69.5336761 -68.2103882 1.8364501
69.4824829 -68.0590591 1.8287334
69.4279022 -67.8921738 1.8219171
69.3689423 -67.7102127 1.8136952
69.3140640 -67.5413437 1.8052150
69.2586060 -67.3696060 1.7970262
69.1983643 -67.1820221 1.7889909
69.1365891 -66.9890900 1.7804708
69.0579987 -66.7420425 1.7674564
69.0088654 -66.5887299 1.7589357
68.9405670 -66.3810883 1.7485002
68.8677368 -66.1682281 1.7402526
68.7999039 -65.9652863 1.7329024
68.7304764 -65.7572632 1.7250496
68.6493225 -65.5098038 1.7155389
68.5776215 -65.2921371 1.7070380
68.4995575 -65.0586548 1.6976447
68.4274673 -64.8474197 1.6890862
68.3284836 -64.5635529 1.6776589
68.2559891 -64.3569641 1.6693432
68.1695099 -64.1106644 1.6592746
68.0844498 -63.8721046 1.6476680
67.9892197 -63.6063347 1.6346577
67.8945923 -63.3467712 1.6207639
67.7963028 -63.0811195 1.6081043
67.7033081 -62.8299866 1.5963401
67.5833893 -62.5088272 1.5806707
67.4937439 -62.2705345 1.5698566
67.3592148 -61.9198494 1.5548606
67.2673569 -61.6871262 1.5445256
67.1535721 -61.3959122 1.5312701
67.0459366 -61.1264229 1.5174233
66.9224319 -60.8217659 1.5037344
66.7922592 -60.5074272 1.4893379
66.6488037 -60.1665535 1.4734460
66.5270615 -59.8755112 1.4593999
66.3754730 -59.5188332 1.4430343
66.2419815 -59.2124290 1.4295864
66.0539017 -58.7925606 1.4124610
65.9358902 -58.5333710 1.4023294
65.7581711 -58.1441116 1.3870530
65.6190109 -57.8387184 1.3744203
65.4427414 -57.4555626 1.3604161
65.2787247 -57.1069069 1.3490026
65.1011581 -56.7336502 1.3389323
64.9457474 -56.4030113 1.3301787
64.7658691 -56.0168037 1.3184670
64.5733566 -55.6058197 1.3047144
64.3665314 -55.1671333 1.2908177
64.2112808 -54.8394432 1.2818850
64.0345230 -54.4629478 1.2704878
63.8498459 -54.0755844 1.2591711
63.6430016 -53.6398239 1.2463826
63.4424515 -53.2133827 1.2336273
63.2522430 -52.8004570 1.2200841
63.0544243 -52.3706589 1.2077659
62.8558922 -51.9407005 1.1968869
62.6432724 -51.4811554 1.1860608
62.4164391 -50.9786911 1.1720231
62.2471085 -50.5978928 1.1619676
62.0477257 -50.1482697 1.1507680
61.8562126 -49.7128067 1.1410664
61.6575089 -49.2542534 1.1317670
61.4570618 -48.7890930 1.1243471
61.2534065 -48.3134003 1.1172401
61.0466118 -47.8238640 1.1122746
60.8354530 -47.3083649 1.1058135
60.6679268 -46.8943062 1.1021616
60.4555855 -46.3644066 1.0978352
60.2650414 -45.8824768 1.0949392
60.0814209 -45.4072380 1.0912181
59.9004555 -44.9298630 1.0889292
59.7052917 -44.4042206 1.0865619
59.5064697 -43.8550034 1.0848995
59.3286972 -43.3549194 1.0849681
59.1158981 -42.7442856 1.0849713
58.9631844 -42.2927856 1.0853437
58.7970276 -41.7816963 1.0842085
58.6186714 -41.2261467 1.0852711
58.4685249 -40.7537079 1.0877818
58.3205490 -40.2713737 1.0897573
58.1604042 -39.7354012 1.0905925
58.0158501 -39.2402153 1.0917636
57.8578987 -38.6881981 1.0940051
57.7320480 -38.2368584 1.0964336
57.5922623 -37.7233162 1.1012348
57.4415703 -37.1519127 1.1068788
57.3412476 -36.7523766 1.1099676
57.2100906 -36.2037315 1.1138002
57.1270676 -35.8453217 1.1159049
57.0081787 -35.3174095 1.1209631
56.9039879 -34.8312035 1.1275796
56.8226814 -34.4230461 1.1324192
56.7319870 -33.9480515 1.1385927
56.6469612 -33.4686890 1.1447819
56.5685844 -32.9949036 1.1503412
56.5004997 -32.5504265 1.1544724
56.4307137 -32.0655632 1.1587327
56.3661690 -31.5738869 1.1652511
56.3157997 -31.1414680 1.1700531
56.2783928 -30.7699146 1.1724539
56.2340164 -30.2755680 1.1735995
56.1945229 -29.8137321 1.1772652
56.1591110 -29.3314266 1.1799564
56.1367722 -28.9221992 1.1810071
56.1190262 -28.4916058 1.1819676
56.1036148 -28.0622272 1.1866368
56.0912743 -27.6134090 1.1888790
56.0825729 -27.1475716 1.1891102
56.0803909 -26.7243881 1.1915516
56.0813789 -26.3335552 1.1953748
56.0753899 -25.8458500 1.2030710
56.0675087 -25.4334373 1.2088588
56.0596771 -25.0022259 1.2133578
56.0527687 -24.5901546 1.2179236
56.0445023 -24.1845455 1.2241096
56.0340385 -23.7264271 1.2300968
56.0213280 -23.3339787 1.2358881
56.0025749 -22.8443279 1.2405790
55.9860611 -22.4889202 1.2459279
55.9586906 -22.0172482 1.2532483
55.9234467 -21.6383762 1.2610205
55.8807945 -21.2157116 1.2690927
55.8323669 -20.7931461 1.2780889
55.7795296 -20.3875942 1.2877160
55.7121735 -19.8896618 1.2998332
55.6617317 -19.5200253 1.3055427
55.5866814 -19.0269718 1.3157895
55.5168762 -18.6219692 1.3235179
55.4288864 -18.1570721 1.3313962
55.3622932 -17.8305435 1.3364110
55.2685318 -17.3978596 1.3400731
55.1740341 -16.9865246 1.3445303
55.0686836 -16.5618248 1.3534764
54.9651833 -16.1639881 1.3627563
54.8440666 -15.7258635 1.3731632
54.7183266 -15.2990227 1.3817116
54.5685883 -14.8093796 1.3923858
54.4393272 -14.4035215 1.4023641
54.3208313 -14.0573339 1.4128320
54.1640205 -13.6187153 1.4237632
54.0026474 -13.2021246 1.4305451
53.8554344 -12.8317661 1.4347227
53.6727142 -12.3753204 1.4418635
53.5272102 -12.0130100 1.4497455
53.3600464 -11.6138420 1.4533741
53.1857491 -11.2119656 1.4551014
53.0048828 -10.8041592 1.4630674
52.8199081 -10.3786697 1.4737537
52.6428375 -9.9638443 1.4796009
52.4721107 -9.5737648 1.4862522
52.2889786 -9.1684036 1.4950244
52.1248817 -8.8115339 1.5031509
51.9272728 -8.3811598 1.5113684
51.7467690 -7.9934611 1.5222821
51.5456009 -7.5562625 1.5354459
51.3234482 -7.0753465 1.5502527
51.1724205 -6.7517076 1.5586814
50.9717331 -6.3127489 1.5693785
50.7553673 -5.8507705 1.5849409
50.6180382 -5.5461397 1.5926493
50.4154091 -5.1249857 1.5974406
50.2187271 -4.6972451 1.5974288
50.0180664 -4.2687597 1.6053138
49.8312263 -3.8591461 1.6101036
49.6517067 -3.4503853 1.6158159
49.4798660 -3.0420299 1.6178378
49.3088951 -2.6399002 1.6218717
49.1206932 -2.1426094 1.6261967
48.9923325 -1.7625474 1.6211088
48.8455734 -1.3469585 1.6202270
48.7509460 -0.9224041 1.6138501
48.6693764 -0.4865476 1.6252984
48.6147499 -0.0663541 1.6383655
48.5890579 0.3792668 1.6496575
48.5832100 0.7976020 1.6617198
48.5804977 1.2093722 1.6855774
48.5734520 1.6325303 1.7236911
48.5864525 2.1233528 1.7600566
48.6153374 2.4676547 1.7788829
48.6649475 2.8247359 1.7920047
48.7510262 3.2634587 1.8033957
48.8554192 3.7126589 1.8199167
48.9579582 4.1209760 1.8405794
49.0635147 4.5088243 1.8645560
49.1752052 4.8762484 1.8866185
49.3141861 5.2815042 1.9071337
49.4685555 5.6782045 1.9231359
49.6694374 6.1458325 1.9427793
49.8168678 6.4554205 1.9594951
49.9992943 6.8181067 1.9846492
50.1128197 7.2264285 1.9750944
50.2078590 7.5911808 1.9576430
50.3320885 8.0169077 1.9332472
50.4496193 8.3850107 1.9102572
50.5801353 8.7687922 1.8880886
50.7346153 9.1956768 1.8672045
50.8693085 9.5386753 1.8479447
51.0527267 9.9902401 1.8191196
51.1833344 10.3167562 1.7998184
51.3463783 10.7213907 1.7837015
51.5524673 11.0234604 1.8034772
51.8419609 11.4185295 1.8302333
52.1065979 11.7650604 1.8466058
52.4049072 12.1514969 1.8621635
52.6469841 12.4803524 1.8835566
52.8979454 12.8391333 1.9099908
53.1393700 13.1791296 1.9375421
53.4426842 13.5951576 1.9694310
53.6693268 13.9066925 1.9929916
53.9374466 14.2833004 2.0184815
54.2087440 14.6796894 2.0482271
54.4588585 15.0604305 2.0775673
54.7152252 15.4575548 2.1071229
54.9900475 15.8770084 2.1373160
55.2268715 16.2411461 2.1647735
55.4420853 16.5706425 2.1890733
55.7433815 17.0375214 2.2195024
56.0039558 17.4461193 2.2382300
56.2459641 17.8261623 2.2508793
56.4410362 18.1342068 2.2632077
56.6878433 18.5375366 2.2799654
56.9212074 18.9382553 2.3017819
57.1628647 19.3619614 2.3217130
57.3891563 19.7575893 2.3389659
57.6373138 20.1792812 2.3538671
57.8532028 20.5550690 2.3723817
58.0621033 20.9334297 2.3887155
58.2997360 21.3923340 2.4045651
58.5088463 21.8077106 2.4175148
58.6934967 22.1757717 2.4299388
58.8847237 22.5703773 2.4452541
59.0733833 22.9855576 2.4598460
59.2512856 23.4071484 2.4726825
59.3988914 23.7830563 2.4835896
59.5561676 24.2015514 2.4970245
59.7172852 24.6470871 2.5115585
59.8656197 25.0857639 2.5295467
60.0009804 25.5290661 2.5456297
60.0987473 25.8800220 2.5569921
60.1968765 26.2705421 2.5723410
60.3011208 26.7478924 2.5925648
60.3769531 27.1289310 2.6053584
60.4534073 27.5927525 2.6225202
60.5049820 27.9740181 2.6385596
60.5518074 28.3844490 2.6590195
60.5924644 28.7846012 2.6703422
60.6335640 29.2681828 2.6765115
60.6560402 29.6939182 2.6931741
60.6698074 30.0496407 2.7096727
60.6728287 30.4733238 2.7232111
60.6580429 30.8606930 2.7323732
60.6191368 31.3650341 2.7474885
60.5904541 31.6927071 2.7596889
60.5493546 32.1299095 2.7793922
60.5022507 32.5595856 2.7944705
60.4407043 32.9961090 2.8069911
60.3635178 33.4259148 2.8153234
60.2637253 33.9071960 2.8223681
60.1687889 34.3201332 2.8261261
60.0561180 34.7766991 2.8302159
59.9377060 35.2067337 2.8318384
59.7854462 35.7276459 2.8317416
59.6628189 36.1225891 2.8323400
59.5079155 36.6008682 2.8304691
59.3510780 37.0526733 2.8310935
59.2013893 37.4625931 2.8325934
59.0284882 37.9300385 2.8334475
58.8181572 38.4800835 2.8309608
58.6690788 38.8548851 2.8282845
58.4553871 39.3724060 2.8255017
58.2865982 39.7708740 2.8223760
58.0846558 40.2419739 2.8186460
57.8360176 40.8162956 2.8202195
57.6502953 41.2474937 2.8220537
57.4635582 41.6757889 2.8228137
57.2441673 42.1672592 2.8225396
57.0221558 42.6586609 2.8203895
56.7388878 43.2839165 2.8156383
56.5761681 43.6447372 2.8120584
56.3645363 44.1052513 2.8118827
56.1402740 44.6099701 2.8111660
55.9050102 45.1392822 2.8083019
55.6767464 45.6532402 2.8047693
55.4500351 46.1647797 2.7996833
55.2197189 46.6850929 2.7912560
54.9584274 47.2657661 2.7808309
54.7134666 47.7987785 2.7718651
54.4632301 48.3388481 2.7649472
54.2574577 48.7847862 2.7608626
54.0140266 49.3181877 2.7592938
53.7739906 49.8716888 2.7562933
53.5719872 50.3335915 2.7514582
53.3296471 50.8761253 2.7447796
53.0830956 51.4218483 2.7410800
52.8414917 51.9672050 2.7358558
52.6010971 52.5113182 2.7276320
52.3640976 53.0473061 2.7186100
52.0814400 53.6824379 2.7066493
51.8699989 54.1550713 2.6972017
51.6204224 54.7037697 2.6924379
51.3698769 55.2910347 2.6907392
51.1639366 55.7864037 2.6837208
50.9492607 56.3152084 2.6771784
50.7160378 56.8807983 2.6737633
50.4939079 57.3758087 2.6782024
50.2689857 57.8588905 2.6881888
50.0512733 58.3422356 2.7074814
49.7953377 59.0045929 2.7249997
49.6282310 59.4254799 2.7481039
49.4174614 59.8985901 2.7910202
49.1775169 60.4176521 2.8572006
48.9430389 60.9448891 2.9168508
48.7269478 61.4846420 2.9681852
48.5241165 62.0145035 3.0459251
48.3241081 62.5280113 3.0873754
48.1064110 63.0421791 3.0781627
47.9120750 63.4876022 3.0469203
47.6930923 64.0323792 2.9992182
47.5436211 64.4390945 2.9557297
47.3501511 64.9470978 2.9416056
47.1131859 65.5116882 2.9644399
46.9114227 65.9907684 2.9860299
46.7075653 66.4807816 2.9857981
46.4962234 67.0150223 2.9680901
46.2813225 67.5678711 2.9485321
46.0946198 68.0460358 2.9319758
45.9151573 68.4899368 2.9243474
45.6812096 69.0453796 2.9227653
45.4845581 69.5218887 2.9186344
45.3048401 69.9749451 2.9121683
45.0828362 70.5439987 2.9100211
44.9032288 70.9973679 2.9150155
44.6991959 71.4939880 2.9292536
44.5026131 71.9739761 2.9425409
44.2856827 72.5159454 2.9502673
44.0950661 73.0066757 2.9536066
43.9174881 73.4679031 2.9572952
43.6959915 74.0283279 2.9645419
43.5073586 74.5036469 2.9716294
43.3184395 74.9879684 2.9748371
43.1176949 75.5044479 2.9700966
42.9250107 75.9946976 2.9662995
42.7139091 76.5235291 2.9660757
42.4686623 77.1315155 2.9664931
42.3076668 77.5242386 2.9663887
42.0840378 78.0720367 2.9650431
41.8730812 78.5958862 2.9636347
41.6312141 79.2016449 2.9616704
41.4590034 79.6299896 2.9608660
41.2157593 80.2275772 2.9602032
41.0221214 80.6934586 2.9566803
40.8050461 81.2141266 2.9499791
40.5655785 81.7973480 2.9367354
40.3370476 82.3576584 2.9244909
40.0585365 83.0357742 2.9150608
39.8438873 83.5491180 2.9103780
39.6130142 84.1025009 2.9016502
39.3890533 84.6395264 2.8961115
39.1799545 85.1465225 2.8923049
38.9764442 85.6439362 2.8916187
38.7350502 86.2367935 2.8934393
38.5011787 86.7916565 2.8984685
38.2641258 87.3539352 2.9032018
38.0140419 87.9448090 2.9047272
37.7558975 88.5657806 2.9065378
37.5056305 89.1638031 2.9120004
37.3006783 89.6481934 2.9198301
37.0247803 90.2901840 2.9277313
36.8106728 90.7913589 2.9269495
36.5648041 91.3674088 2.9262056
36.3121490 91.9545975 2.9203374
36.0686340 92.5074692 2.9201190
35.8211021 93.0595627 2.9217021
35.5431633 93.6721497 2.9219806
35.2924919 94.2267838 2.9155226
35.0245285 94.8172684 2.9082334
34.7532959 95.4075775 2.9034624
34.4475174 96.0592728 2.9026661
34.2108727 96.5641708 2.8992071
33.8712006 97.2837067 2.8943551
33.5990219 97.8597260 2.8949721
33.3479233 98.3883667 2.8928671
33.0504990 99.0113068 2.8916864
32.7780533 99.5805359 2.8888643
32.5018463 100.1517715 2.8853176
32.2169266 100.7317123 2.8831725
31.9170399 101.3374405 2.8820271
31.5555019 102.0685196 2.8821294
31.3037815 102.5759506 2.8846054
30.9570160 103.2650681 2.8873510
30.6475487 103.8714828 2.8876569
30.3755245 104.3975449 2.8890610
30.0776730 104.9731369 2.8884697
29.7494869 105.6040649 2.8865333
29.5018387 106.0753937 2.8870964
29.1730289 106.6960983 2.8884540
28.8726826 107.2564011 2.8903985
28.5228596 107.9036713 2.8918254
28.2861271 108.3383179 2.8932784
28.0015392 108.8435898 2.8970492
27.7056885 109.3512344 2.9005778
27.3551617 109.9312057 2.9056697
27.0906925 110.3564224 2.9085383
26.7833710 110.8459854 2.9132960
26.4489880 111.3564377 2.9227633
26.1144161 111.8357239 2.9309368
25.7870731 112.2743301 2.9407477
25.4044800 112.7645493 2.9483705
25.0828266 113.1605606 2.9489126
24.7262096 113.5714035 2.9529569
24.3493176 113.9769669 2.9626753
23.9428577 114.3817596 2.9737661
23.6114197 114.6926498 2.9817860
23.1625862 115.0918808 2.9865637
22.7533951 115.4309311 2.9861364
22.3869953 115.7243271 2.9753306
21.8744583 116.1036682 2.9655249
21.4128227 116.4236908 2.9482586
21.0121403 116.6800842 2.9256532
20.6208172 116.9116898 2.9020844
20.1748867 117.1553345 2.8775048
19.7455673 117.3725357 2.8533218
19.3181343 117.5718536 2.8263283
18.8622341 117.7702026 2.7964647
18.4203758 117.9487305 2.7699082
17.9700623 118.1156006 2.7438550
17.4410801 118.2919312 2.7125509
16.9085579 118.4450378 2.6840556
16.5088844 118.5492554 2.6632669
16.0798111 118.6523819 2.6395478
15.5505486 118.7720795 2.6063523
15.1534510 118.8563461 2.5827951
14.6665468 118.9531174 2.5550466
14.2030020 119.0346069 2.5293953
13.7656431 119.1063309 2.5030148
13.3220940 119.1763000 2.4769974
12.8418560 119.2524185 2.4491391
12.3839550 119.3244781 2.4213767
11.9647388 119.3864059 2.3954363
11.5454540 119.4449234 2.3792827
11.0893002 119.5096893 2.3693931
10.6405067 119.5770950 2.3595195
10.1704435 119.6480179 2.3453507
9.7573986 119.7075500 2.3343210
9.3182392 119.7660828 2.3248618
8.9006577 119.8166046 2.3187551
8.4615335 119.8713684 2.3123448
8.0048008 119.9341125 2.3075829
7.5551219 120.0035172 2.3014724
7.2169437 120.0596085 2.2949517
6.7776012 120.1337051 2.2864516
6.3085833 120.2130737 2.2764258
5.8966398 120.2875290 2.2677968
5.4169645 120.3901672 2.2550125
4.9406033 120.5036774 2.2386334
4.5519423 120.6032639 2.2235124
4.2155828 120.6931152 2.2124512
3.7312708 120.8281250 2.1985064
3.3296943 120.9468613 2.1878145
2.9171836 121.0781021 2.1773818
2.4373186 121.2425537 2.1680589
2.0567849 121.3782959 2.1608894
1.6335777 121.5384064 2.1510539
1.1787075 121.7205887 2.1377807
0.7519534 121.9012680 2.1249518
0.3050595 122.0997314 2.1146851
-0.0701539 122.2732391 2.1088624
-0.5844014 122.5176315 2.1018078
-0.9510500 122.6965561 2.0984166
-1.3523467 122.9023132 2.0948417
-1.7807142 123.0913620 2.0809109
-2.2284791 123.2915955 2.0637555
-2.6500661 123.4849548 2.0495687
-3.1184244 123.7007980 2.0351889
-3.5088289 123.8859329 2.0205569
-3.9499531 124.1005783 2.0007493
-4.3863726 124.3182678 1.9804157
-4.8991423 124.5728912 1.9601467
-5.2471299 124.7451553 1.9472289
-5.6756039 124.9569244 1.9293441
-6.0430923 125.1543274 1.9210861
-6.4614744 125.3843002 1.9151242
-6.8758988 125.6148605 1.9082104
-7.2815809 125.8370895 1.9015473
-7.6660991 126.0455475 1.8929464
-8.1073456 126.2770462 1.8880951
-8.5018063 126.4788971 1.8838291
-8.9444704 126.6995239 1.8793513
-9.3651114 126.9049606 1.8727983
-9.7094049 127.0692444 1.8678193
-10.1664934 127.2822723 1.8654119
-10.4931087 127.4269638 1.8637295
-10.9234886 127.6058350 1.8604881
-11.3569975 127.7713165 1.8563193
-11.7241774 127.9008560 1.8560426
-12.1165791 128.0275879 1.8569218
-12.5319977 128.1479340 1.8555211
-13.0396881 128.2693024 1.8516395
-13.3925896 128.3344879 1.8511877
-13.9204769 128.4084473 1.8509992
-14.3676405 128.4308014 1.8596528
-14.8230095 128.4451599 1.8694088
-15.2037430 128.4503632 1.8756597
-15.7107372 128.4430389 1.8857244
-16.1472416 128.4232635 1.8957076
-16.6480808 128.3843994 1.9089688
-17.1468983 128.3326111 1.9222034
-17.7216663 128.2598877 1.9343010
-18.1399326 128.1947937 1.9420081
-18.6207409 128.1044006 1.9517292
-19.0457783 128.0102844 1.9472106
-19.5236015 127.8855286 1.9417864
-19.9101124 127.7735977 1.9372497
-20.3413525 127.6365128 1.9343728
-20.7944431 127.4729996 1.9381678
-21.2296104 127.2954407 1.9468843
-21.6309471 127.1176910 1.9508864
-22.1083260 126.8917694 1.9488460
-22.4840508 126.7006836 1.9489913
-22.8878422 126.4800949 1.9550184
-23.2911472 126.2306137 1.9689453
-23.6704807 125.9798660 1.9804529
-24.0620422 125.7096176 1.9880366
-24.4687386 125.4161453 1.9916254
-24.8314838 125.1392441 1.9964377
-25.2763958 124.7814102 2.0047224
-25.6146851 124.4951935 2.0134254
-26.0135040 124.1455383 2.0229142
-26.3429565 123.8445816 2.0283284
-26.6807270 123.5251846 2.0349925
-27.0097027 123.1980057 2.0367939
-27.3791580 122.8221893 2.0376234
-27.7132607 122.4768295 2.0397308
-28.0584965 122.1142807 2.0450141
-28.3845901 121.7649384 2.0500991
-28.7474251 121.3720093 2.0524538
-29.1084309 120.9773483 2.0539193
-29.4913521 120.5602036 2.0538664
-29.7865677 120.2380295 2.0536397
-30.1011124 119.8927536 2.0539048
-30.4425220 119.5253754 2.0537024
-30.7921410 119.1510315 2.0522382
-31.1407909 118.7747498 2.0507998
-31.4718685 118.4156723 2.0525823
-31.8090382 118.0535049 2.0534656
-32.2021561 117.6381760 2.0520375
-32.5509682 117.2714005 2.0493338
-32.9702988 116.8230591 2.0494246
-33.2672768 116.5044327 2.0515690
-33.5819435 116.1761703 2.0493171
-33.9850006 115.7851257 2.0484226
-34.3794594 115.4079132 2.0499449
-34.6744499 115.1211853 2.0510523
-35.0774422 114.7301483 2.0522461
-35.4423599 114.3809509 2.0552390
-35.8190956 114.0264053 2.0602710
-36.1326904 113.7327118 2.0638914
-36.5602722 113.3313522 2.0649877
-36.9054222 113.0054245 2.0666361
-37.2659607 112.6661835 2.0666096
-37.6247520 112.3445435 2.0649824
-38.0430679 111.9763565 2.0606678
-38.4409447 111.6281204 2.0536733
-38.8541107 111.2646255 2.0426626
-39.2656059 110.8998947 2.0339589
-39.6573143 110.5527191 2.0279603
-40.0737801 110.1880798 2.0230832
-40.4587517 109.8591919 2.0143964
-40.7861214 109.5847473 2.0034151
-41.2118073 109.2191391 1.9889630
-41.6315575 108.8498535 1.9784263
-41.9601059 108.5644608 1.9728426
-42.3954010 108.2016678 1.9704114
-42.8547516 107.8355103 1.9689243
-43.2627869 107.4973755 1.9620991
-43.6147232 107.1890335 1.9571153
-44.0353088 106.8174667 1.9634622
-44.5049286 106.4208221 1.9604197
-44.8358803 106.1483994 1.9510164
-45.2158318 105.8272171 1.9400610
-45.5789757 105.5081940 1.9320656
-45.9997101 105.1278992 1.9290901
-46.4540596 104.7206955 1.9295725
-46.8287621 104.3898773 1.9222683
-47.1796455 104.0749512 1.9155668
-47.5913582 103.7001419 1.9093031
-47.9862061 103.3400497 1.9057564
-48.4331055 102.9326096 1.9074048
-48.7277069 102.6650085 1.9083101
-49.1448441 102.2869873 1.9058596
-49.5202751 101.9403839 1.9053528
-49.8944664 101.5932083 1.9058657
-50.3068466 101.2061539 1.9108526
-50.6518173 100.8872375 1.9125533
-51.0218620 100.5524368 1.9110801
-51.4193306 100.2022781 1.9094527
-51.8653793 99.8197174 1.9083409
-52.2850838 99.4537354 1.9102949
-52.6170273 99.1584702 1.9151845
-52.9867897 98.8265686 1.9203788
-53.3939552 98.4735565 1.9184854
-53.8040123 98.1378098 1.9090599
-54.2338486 97.7861023 1.8986720
-54.6079216 97.4757462 1.8880908
-55.0253105 97.1241989 1.8801425
-55.3712463 96.8408051 1.8742261
-55.7833519 96.5180206 1.8658297
-56.2109909 96.1959991 1.8498377
-56.6443214 95.8737106 1.8309416
-56.9915085 95.6203842 1.8193010
-57.3747597 95.3446960 1.8100339
-57.8002586 95.0453644 1.7932788
-58.2218132 94.7583771 1.7782456
-58.6883774 94.4468994 1.7747669
-59.0869637 94.1878433 1.7764277
-59.5404472 93.9114380 1.7693231
-59.9011230 93.6978302 1.7615678
-60.4241791 93.3910751 1.7512256
-60.8606491 93.1345749 1.7499146
-61.2745285 92.8971176 1.7480136
-61.6646919 92.6861115 1.7418275
-62.1044960 92.4637070 1.7218595
-62.5529366 92.2422638 1.7059866
-62.9874573 92.0299911 1.6925863
-63.4421120 91.8104401 1.6771927
-63.8793182 91.6082993 1.6551667
-64.3724976 91.3900909 1.6251589
-64.8362503 91.1912460 1.5972462
-65.2123795 91.0334244 1.5724665
-65.7074661 90.8304138 1.5367383
-66.2100372 90.6300278 1.5004863
-66.6170425 90.4688034 1.4675789
-67.1508179 90.2629623 1.4190092
-67.6283646 90.0842667 1.3758039
-68.0788651 89.9196930 1.3382515
-68.5659027 89.7395401 1.2977730
-68.9563904 89.5921173 1.2679595
-69.5292511 89.3757935 1.2225100
-69.9497681 89.2206116 1.1899343
-70.4440994 89.0425873 1.1481267
-70.9496536 88.8600082 1.1027546
-71.4809799 88.6655273 1.0553764
-71.9602280 88.4889908 1.0141498
-72.4674911 88.3042374 0.9721091
-72.9143066 88.1466675 0.9352587
-73.4155045 87.9706116 0.8967878
-73.8865433 87.8037567 0.8599960
-74.4353790 87.6069717 0.8165803
-74.8474731 87.4606781 0.7820073
-75.3024063 87.3024597 0.7430103
-75.8168564 87.1262894 0.6928024
-76.2869949 86.9642334 0.6453010
-76.7513885 86.8019333 0.5969504
-77.1345062 86.6660004 0.5580701
-77.5730972 86.5114441 0.5116479
-78.0124283 86.3605118 0.4582375
-78.4439774 86.2121277 0.4021111
-78.9345093 86.0376511 0.3402620
-79.2874603 85.9083633 0.2975485
-79.7157059 85.7509308 0.2435855
-80.1128159 85.6002502 0.1896381
-80.5828552 85.4222794 0.1229935
-80.8637848 85.3153763 0.0829001
-81.2416611 85.1694794 0.0301296
-81.5966339 85.0292969 -0.0184967
-81.9989471 84.8661575 -0.0763945
-82.3730698 84.7137833 -0.1353626
-82.7646103 84.5428696 -0.1892196
-83.1013641 84.3838577 -0.2337604
-83.3353271 84.2736511 -0.2628713
-83.5866623 84.1459198 -0.2964234
-83.8400116 84.0174789 -0.3312427
-84.0878754 83.8872147 -0.3671802
-84.2699585 83.7858429 -0.3979290
-84.4893112 83.6613846 -0.4377801
-84.7083740 83.5339279 -0.4758591
-84.8889618 83.4282608 -0.5027410
-85.1339417 83.2817383 -0.5346105
-85.2804260 83.1910324 -0.5548807
-85.4469910 83.0818176 -0.5778439
-85.5995178 82.9729919 -0.5980917
-85.7564163 82.8578186 -0.6187897
-85.9265060 82.7358856 -0.6418849
-86.1093216 82.6005554 -0.6648144
-86.3141174 82.4363403 -0.6866360
-86.4684143 82.3018036 -0.7047139
-86.6418076 82.1474686 -0.7291801
-86.8309784 81.9775238 -0.7560153
-87.0217819 81.8072205 -0.7831743
-87.1961212 81.6459198 -0.8069096
-87.3837433 81.4552155 -0.8300134
-87.5813217 81.2403946 -0.8558515
-87.7974625 80.9992294 -0.8895642
-87.9733658 80.7945938 -0.9189398
-88.1693573 80.5531387 -0.9513335
-88.3528595 80.3139343 -0.9807866
-88.5281525 80.0681763 -1.0097647
-88.7507172 79.7334595 -1.0505201
-88.8944016 79.5082932 -1.0788543
-89.0817337 79.2058411 -1.1170291
-89.2264175 78.9488602 -1.1442983
-89.3926849 78.6144791 -1.1716920
-89.5291214 78.2995682 -1.1916399
-89.6728516 77.9383698 -1.2154186
-89.7810669 77.6471100 -1.2353282
-89.9051514 77.2768173 -1.2633775
-90.0132675 76.8946533 -1.2857559
-90.1058502 76.5182877 -1.3088243
-90.1791382 76.1470108 -1.3291323
-90.2210846 75.8506699 -1.3445144
-90.2456665 75.4576187 -1.3690381
-90.2502670 75.0649643 -1.3949683
-90.2426682 74.6895905 -1.4196866
-90.2250290 74.2889099 -1.4463344
-90.1993713 73.9287796 -1.4731290
-90.1478729 73.4819183 -1.5067205
-90.0785980 73.0583954 -1.5374854
-89.9876480 72.6442566 -1.5604308
-89.9057388 72.3244324 -1.5761343
-89.7959976 71.9195251 -1.5998100
-89.6595154 71.5200653 -1.6249263
-89.4903107 71.0799103 -1.6590508
-89.3509064 70.7438889 -1.6884212
-89.1832809 70.3392487 -1.7244730
-89.0129089 69.9314117 -1.7546569
-88.8420029 69.5374527 -1.7808142
-88.6623840 69.1370239 -1.8049490
-88.4225388 68.6244202 -1.8448073
-88.2650604 68.2866516 -1.8786806
-88.0895081 67.9138565 -1.9106735
-87.8846588 67.4834213 -1.9411092
-87.6670303 67.0161667 -1.9728247
-87.4366913 66.5425491 -2.0004323
-87.2012253 66.0673447 -2.0267215
-86.9747696 65.6037140 -2.0551801
-86.7943497 65.2276306 -2.0819528
-86.5526123 64.7282867 -2.1151204
-86.2771454 64.1633148 -2.1557982
-86.0780792 63.7743149 -2.1792083
-85.8221588 63.2599564 -2.2127550
-85.5873566 62.7501411 -2.2472966
-85.3823090 62.3050652 -2.2778146
-85.1469650 61.8082504 -2.3087845
-84.9343872 61.3461761 -2.3385940
-84.7105408 60.8498344 -2.3693380
-84.4531708 60.2808495 -2.4048858
-84.2010422 59.7428627 -2.4391427
-83.9298477 59.1619835 -2.4768243
-83.6562271 58.5611229 -2.5167820
-83.4457092 58.0916138 -2.5497837
-83.1831512 57.4993324 -2.5836380
-82.8908997 56.8478928 -2.6190064
-82.6468048 56.3111458 -2.6503153
-82.3781204 55.7072716 -2.6925898
-82.1456833 55.1865616 -2.7256510
-81.9346237 54.7083244 -2.7568481
-81.6594696 54.0827026 -2.7987576
-81.3675995 53.4323425 -2.8381631
-81.1031952 52.8476486 -2.8722823
-80.8607635 52.3112793 -2.9088423
-80.5898666 51.6758728 -2.9560575
-80.3168640 51.0415955 -2.9992261
-80.0511246 50.4253883 -3.0425844
-79.7752304 49.7903976 -3.0832794
-79.4771042 49.1123428 -3.1243327
-79.2256241 48.5286827 -3.1596498
-78.9552841 47.9098053 -3.1968994
-78.6358032 47.1785851 -3.2396829
-78.3627014 46.5542793 -3.2802386
-78.1066971 45.9712486 -3.3125293
-77.8417053 45.3299789 -3.3443995
-77.5646667 44.6538124 -3.3843946
-77.2883072 43.9780807 -3.4279196
-77.0114059 43.3049507 -3.4746356
-76.7424393 42.6498451 -3.5155189
-76.4686203 41.9697418 -3.5550745
-76.1773224 41.2397919 -3.5933959
-75.9317856 40.6281319 -3.6247177
-75.6846771 40.0056725 -3.6580007
-75.4111252 39.3137550 -3.6989143
-75.1374435 38.6224709 -3.7367973
-74.8635254 37.9282150 -3.7770329
-74.5883560 37.2308884 -3.8172045
-74.3272858 36.5706291 -3.8526714
-74.0653381 35.9133224 -3.8868163
-73.7858200 35.2194214 -3.9239318
-73.5199432 34.5503426 -3.9629567
-73.2306442 33.8112144 -4.0077052
-72.9786301 33.1824074 -4.0424519
-72.7032242 32.4844856 -4.0831442
-72.4359741 31.8069515 -4.1180015
-72.1608047 31.0955925 -4.1590619
-71.8917313 30.4243793 -4.1900516
-71.6027451 29.6874924 -4.2300448
-71.3570099 29.0596638 -4.2637982
-71.0614319 28.3130970 -4.2992373
-70.8098145 27.6808777 -4.3302698
-70.4981079 26.9011021 -4.3680229
-70.2455750 26.2579956 -4.4041395
-69.9584579 25.5257568 -4.4522543
-69.7171860 24.9116840 -4.4974389
-69.4282150 24.1878910 -4.5483899
-69.1150665 23.4141884 -4.5789194
-68.8109741 22.6686096 -4.5937476
-68.5910950 22.1121006 -4.6145473
-68.2806168 21.3310146 -4.6601319
-68.0345993 20.7108154 -4.7071781
-67.7186813 19.9143658 -4.7619119
-67.4959030 19.3410549 -4.7905369
-67.1900101 18.5874538 -4.8161817
-66.9439240 17.9865055 -4.8357325
-66.6712265 17.3169041 -4.8584146
-66.3591919 16.5373287 -4.8828025
-66.0790939 15.8778715 -4.8905916
-65.8307648 15.2874680 -4.8863230
-65.5514603 14.6211824 -4.8756447
-65.2949448 13.9954357 -4.8708658
-65.0147858 13.3137970 -4.8692918
-64.7763901 12.7315464 -4.8704162
-64.5187836 12.1087046 -4.8709803
-64.2595367 11.4892311 -4.8705430
-64.0140457 10.9081345 -4.8688941
-63.7266541 10.2315989 -4.8566566
-63.4840851 9.6589079 -4.8480420
-63.2335930 9.0555019 -4.8467493
-62.9425125 8.3464098 -4.8530750
-62.7463188 7.8800254 -4.8548985
-62.4333954 7.1445889 -4.8683195
-62.2037773 6.6028118 -4.8633213
-62.0001183 6.1149092 -4.8545747
-61.7360382 5.4877744 -4.8417778
-61.4917870 4.9031730 -4.8396993
-61.2466240 4.3250265 -4.8388758
-60.9965820 3.7458761 -4.8348432
-60.7363930 3.1362419 -4.8357100
-60.5207367 2.6222787 -4.8375802
-60.2396965 1.9495046 -4.8387256
-59.9814529 1.3307565 -4.8405380
-59.7470970 0.7652906 -4.8424015
-59.4980659 0.1694928 -4.8413801
-59.2594948 -0.3968283 -4.8397045
-59.0054131 -0.9979559 -4.8368745
-58.7588501 -1.5856208 -4.8382812
-58.5129242 -2.1778302 -4.8429041
-58.2900352 -2.7177761 -4.8456655
-58.0251884 -3.3523152 -4.8441687
-57.7772675 -3.9498758 -4.8413348
-57.5131187 -4.5897703 -4.8393931
-57.2837601 -5.1445880 -4.8381200
-57.0195007 -5.7903810 -4.8401170
-56.7942314 -6.3414431 -4.8425479
-56.5080681 -7.0353541 -4.8435411
-56.2965775 -7.5514374 -4.8447242
-56.0431747 -8.1683693 -4.8467169
-55.7938538 -8.7797279 -4.8514223
-55.5475273 -9.3851624 -4.8565664
-55.3064232 -9.9813795 -4.8618083
-55.0385094 -10.6465502 -4.8627429
-54.8105469 -11.2201138 -4.8655972
-54.5987740 -11.7481308 -4.8680320
-54.3295441 -12.4072495 -4.8710465
-54.0939255 -12.9916639 -4.8748040
-53.8744507 -13.5436859 -4.8775597
-53.6719131 -14.0568171 -4.8778634
-53.4447365 -14.6320353 -4.8742323
-53.2270470 -15.1736755 -4.8685346
-52.9817390 -15.7640944 -4.8644705
-52.7108536 -16.4287624 -4.8711681
-52.5420113 -16.8626804 -4.8784628
-52.3556557 -17.3507977 -4.8882389
-52.1061974 -17.9690628 -4.8857021
-51.8780518 -18.5108757 -4.8753228
-51.6770439 -18.9920139 -4.8701892
-51.4227104 -19.6235905 -4.8681836
-51.2427979 -20.0787487 -4.8662939
-50.9820518 -20.7306385 -4.8606730
-50.7666435 -21.2504501 -4.8555841
-50.5228233 -21.8384838 -4.8520036
-50.3465538 -22.2716846 -4.8517570
-50.1166611 -22.8418179 -4.8504009
-49.8942490 -23.4193230 -4.8533573
-49.6439972 -24.0396023 -4.8502359
-49.4284248 -24.5729065 -4.8553147
-49.1925392 -25.1366768 -4.8588099
-48.9502335 -25.7343235 -4.8693423
-48.7432022 -26.2691460 -4.8733568
-48.5085793 -26.8786163 -4.8823733
-48.2799568 -27.4498730 -4.8806090
-48.0800285 -27.9407063 -4.8822703
-47.8459702 -28.5087376 -4.8867483
-47.6258545 -29.0787392 -4.8997946
-47.3961868 -29.6679249 -4.9048667
-47.1563187 -30.2919178 -4.9116497
-46.9074326 -30.9154053 -4.9071941
-46.6341705 -31.5936089 -4.9072089
-46.4234924 -32.1278114 -4.9116969
-46.2317886 -32.6259613 -4.9146037
-45.9766998 -33.2885666 -4.9154558
-45.7587204 -33.8428154 -4.9138141
-45.5621796 -34.3436546 -4.9133906
-45.3363991 -34.9237404 -4.9140859
-45.1037407 -35.5229340 -4.9175119
-44.8438339 -36.1911316 -4.9237432
-44.6471786 -36.7006340 -4.9274549
-44.3796082 -37.3929558 -4.9295197
-44.1821899 -37.9029465 -4.9283051
-43.9575310 -38.4791374 -4.9243999
-43.6733818 -39.2171555 -4.9212418
-43.4989929 -39.6757202 -4.9204979
-43.2844009 -40.2402840 -4.9205518
-43.0392761 -40.8796196 -4.9192500
-42.8314857 -41.4255981 -4.9216471
-42.6042709 -42.0392990 -4.9245000
-42.3571091 -42.7093582 -4.9218554
-42.1023903 -43.4024086 -4.9176416
-41.8531799 -44.0735779 -4.9177771
-41.6501045 -44.6195641 -4.9196563
-41.4351387 -45.2042847 -4.9226279
-41.2089729 -45.8388901 -4.9277802
-41.0128784 -46.3910713 -4.9325786
-40.8449402 -46.8690796 -4.9356542
-40.6252518 -47.4930763 -4.9360127
-40.4215775 -48.0785484 -4.9332085
-40.2239838 -48.6588402 -4.9291019
-40.0174713 -49.2729988 -4.9231124
-39.8111725 -49.8919449 -4.9165177
-39.6140976 -50.4757118 -4.9117146
-39.3964119 -51.1214676 -4.9047513
-39.2063103 -51.6856842 -4.8956404
-39.0303802 -52.2209396 -4.8870721
-38.8129234 -52.8837509 -4.8731894
-38.6359406 -53.4219742 -4.8592553
-38.4455566 -54.0011292 -4.8424683
-38.2487869 -54.6089783 -4.8216496
-38.0548248 -55.2210350 -4.7986460
-37.8713875 -55.7984772 -4.7799339
-37.6708488 -56.4271545 -4.7612629
-37.4875641 -57.0053787 -4.7429233
-37.2958412 -57.6221237 -4.7231941
-37.1135063 -58.2148285 -4.7056103
-36.9568672 -58.7184410 -4.6912179
-36.7807693 -59.2901421 -4.6742873
-36.5843582 -59.9242973 -4.6496973
-36.4058189 -60.5242004 -4.6259398
-36.2281876 -61.1275368 -4.5991693
-36.0727005 -61.6630211 -4.5803609
-35.9022217 -62.2509460 -4.5643940
-35.6935577 -63.0006752 -4.5422912
-35.5841789 -63.4087601 -4.5233612
-35.4397736 -63.9541626 -4.4897327
-35.2940598 -64.5288544 -4.4506693
-35.1629333 -65.0681458 -4.4178858
-35.0301628 -65.6446609 -4.3866959
-34.8937759 -66.2464981 -4.3515139
-34.7653580 -66.8384399 -4.3257184
-34.6566238 -67.3782196 -4.2997613
-34.5538368 -67.9514465 -4.2693057
-34.4514465 -68.5212250 -4.2318401
-34.3662643 -68.9978790 -4.2008743
-34.2692947 -69.5572433 -4.1700158
-34.1668930 -70.1837692 -4.1383424
-34.0991669 -70.6339951 -4.1129823
-34.0121841 -71.2229309 -4.0765066
-33.9253006 -71.8112946 -4.0372295
-33.8447838 -72.3434830 -4.0024409
-33.7658348 -72.9005890 -3.9662318
-33.7007484 -73.4091263 -3.9381220
-33.6230736 -74.0476990 -3.9038351
-33.5673103 -74.5285187 -3.8764460
-33.5119858 -75.0147171 -3.8457935
-33.4558487 -75.5783615 -3.8105998
-33.4066544 -76.1288147 -3.7779710
-33.3501778 -76.8045731 -3.7410126
-33.3181419 -77.2069550 -3.7210224
-33.2774925 -77.7766342 -3.6889634
-33.2479668 -78.2554550 -3.6631196
-33.2191048 -78.8094406 -3.6374385
-33.1907463 -79.4310303 -3.6069267
-33.1676712 -79.9174576 -3.5800130
-33.1481514 -80.3934937 -3.5529160
-33.1366119 -80.8959122 -3.5212266
-33.1295166 -81.4554443 -3.4840605
-33.1261597 -82.0199738 -3.4499891
-33.1241379 -82.5538254 -3.4175794
-33.1254692 -83.0620117 -3.3880279
-33.1340256 -83.5515976 -3.3600669
-33.1483078 -84.0641022 -3.3318448
-33.1672287 -84.5804520 -3.3051698
-33.1897354 -85.0831528 -3.2805452
-33.2176399 -85.5756531 -3.2502499
-33.2531395 -86.1266861 -3.2074330
-33.2885780 -86.6101913 -3.1704304
-33.3294411 -87.1123352 -3.1355474
-33.3725319 -87.5858994 -3.1032317
-33.4302750 -88.1364288 -3.0677848
-33.4856148 -88.6300201 -3.0367157
-33.5461731 -89.1270599 -3.0066957
-33.6372604 -89.8024292 -2.9595959
-33.6941910 -90.1918259 -2.9305303
-33.7687492 -90.6847458 -2.8941009
-33.8274994 -91.0706711 -2.8654873
-33.9083366 -91.5961456 -2.8242662
-33.9800377 -92.0396347 -2.7916319
-34.0773315 -92.5702591 -2.7601917
-34.1752319 -93.0645752 -2.7273273
-34.2766838 -93.5651016 -2.6914597
-34.3741226 -94.0538406 -2.6552403
-34.4914589 -94.6230774 -2.6152613
-34.5999947 -95.1133118 -2.5823691
-34.6967583 -95.5200653 -2.5577567
-34.8129883 -95.9812927 -2.5340865
-34.9488487 -96.5051880 -2.5054052
-35.0617256 -96.9397507 -2.4783058
-35.1755028 -97.3678284 -2.4490368
-35.3001938 -97.8150787 -2.4188931
-35.4448547 -98.3073578 -2.3880463
-35.5595589 -98.6922989 -2.3627753
-35.7155037 -99.2066422 -2.3253622
-35.8156776 -99.5255737 -2.3027325
-35.9607048 -99.9638062 -2.2712576
-36.1671295 -100.3169403 -2.2347627
-36.4581528 -100.7854080 -2.1835060
-36.6613541 -101.1046677 -2.1490240
-36.8890762 -101.4578629 -2.1120186
-37.1359634 -101.8323975 -2.0764832
-37.3569603 -102.1627579 -2.0442626
-37.5892906 -102.5086975 -2.0105078
-37.8543320 -102.8984680 -1.9717036
-38.0644875 -103.2018967 -1.9432130
-38.2718468 -103.5006332 -1.9154197
-38.4008904 -103.7725372 -1.8979270
-38.5294037 -104.0876617 -1.8775749
-38.6474876 -104.3844681 -1.8589238
-38.7704048 -104.6974258 -1.8424563
-38.8955460 -105.0185776 -1.8293387
-38.9890022 -105.2605362 -1.8211232
-39.0960503 -105.5438461 -1.8137662
-39.2191200 -105.8876724 -1.8051100
-39.3085136 -106.1567078 -1.7996738
-39.3810310 -106.3889694 -1.7965606
-39.4596825 -106.6699371 -1.7912705
-39.5299149 -106.9329147 -1.7895551
-39.5986290 -107.2112503 -1.7892365
-39.6573296 -107.4856491 -1.7915045
-39.7111893 -107.8004303 -1.7871417
-39.7540817 -108.1071701 -1.7790927
-39.7900391 -108.4155731 -1.7726952
-39.8213539 -108.7567444 -1.7698867
-39.8375626 -109.0104752 -1.7694238
-39.8490257 -109.3314056 -1.7701854
-39.8385582 -109.6162186 -1.7777399
-39.8111076 -109.9333954 -1.7855653
-39.7631454 -110.2941589 -1.7880757
-39.7115059 -110.6243362 -1.7923719
-39.6607056 -110.9181366 -1.8013084
-39.5931892 -111.2453384 -1.8140169
-39.5049362 -111.5896912 -1.8283455
-39.3828278 -111.9698029 -1.8351744
-39.2756271 -112.2512207 -1.8296444
-39.1320076 -112.5767670 -1.8201941
-38.9570961 -112.8963699 -1.8220848
-38.7833748 -113.1789932 -1.8278564
-38.5859451 -113.4759445 -1.8365713
-38.3527679 -113.7967682 -1.8458593
-38.1298866 -114.0826645 -1.8525131
-37.8968582 -114.3647995 -1.8561335
-37.6366653 -114.6578903 -1.8589325
-37.3100243 -114.9925461 -1.8668114
-37.0930290 -115.1944504 -1.8710784
-36.8056488 -115.4426270 -1.8760004
-36.4475212 -115.7006683 -1.8776668
-36.1382370 -115.8992691 -1.8725153
-35.7810707 -116.1114655 -1.8650702
-35.3756943 -116.3374252 -1.8570908
-35.0454102 -116.5097580 -1.8506178
-34.6521721 -116.6984253 -1.8426498
-34.2516518 -116.8733215 -1.8332198
-33.7968559 -117.0523148 -1.8229369
-33.4389572 -117.1833725 -1.8153349
-32.9483185 -117.3501282 -1.8039969
-32.4578438 -117.4862442 -1.7967840
-32.0919304 -117.5770569 -1.7927872
-31.7218170 -117.6575012 -1.7883602
-31.2806320 -117.7399216 -1.7823756
-30.8558636 -117.8043518 -1.7739726
-30.4487476 -117.8554764 -1.7602221
-29.9668083 -117.9032822 -1.7409738
-29.4740181 -117.9448166 -1.7232074
-29.0679321 -117.9726486 -1.7064201
-28.5619526 -117.9969559 -1.6811141
-28.0934410 -118.0000229 -1.6512915
-27.6593971 -118.0029221 -1.6248513
-27.1999664 -117.9997940 -1.5939085
-26.6859684 -117.9922180 -1.5684921
-26.2504463 -117.9822693 -1.5550596
-25.7233009 -117.9656906 -1.5423582
-25.3187008 -117.9504166 -1.5323179
-24.7164497 -117.9198303 -1.5113468
-24.3477001 -117.8964462 -1.4960066
-23.8635006 -117.8630066 -1.4771680
-23.3063583 -117.8255386 -1.4566290
-22.7804356 -117.7940216 -1.4368112
-22.3578568 -117.7675552 -1.4220918
-21.8483791 -117.7327881 -1.4090415
-21.3294106 -117.6946182 -1.4002308
-20.8646164 -117.6617126 -1.3931712
-20.2820034 -117.6201324 -1.3889992
-19.6709976 -117.5740814 -1.3958275
-19.1684856 -117.5342026 -1.4014394
-18.7452507 -117.4963531 -1.4019456
-18.2035294 -117.4539490 -1.3994060
-17.6050777 -117.4095154 -1.3968687
-17.1161232 -117.3726273 -1.3826454
-16.5555038 -117.3327408 -1.3572466
-15.9647894 -117.2905426 -1.3351878
-15.4237604 -117.2474136 -1.3179215
-14.8818741 -117.2020645 -1.3010874
-14.1543198 -117.1433792 -1.2779813
-13.7259827 -117.1110153 -1.2639078
-13.0374813 -117.0565643 -1.2368823
-12.5002956 -117.0221176 -1.2130893
-11.9566402 -116.9869461 -1.1905284
-11.3530140 -116.9493332 -1.1658835
-10.7007837 -116.9104462 -1.1451900
-10.0765791 -116.8752213 -1.1294857
-9.4246273 -116.8374481 -1.1091080
-8.8015518 -116.7975769 -1.0827774
-8.0623503 -116.7566757 -1.0530871
-7.5513520 -116.7311401 -1.0346254
-6.9136438 -116.7013626 -1.0131797
-6.2664714 -116.6784515 -0.9897447
-5.5522943 -116.6497269 -0.9643679
-4.8221908 -116.6226196 -0.9371647
-4.3407841 -116.6053009 -0.9191152
-3.6598384 -116.5841751 -0.8970155
-2.9303696 -116.5627747 -0.8716584
-2.2988226 -116.5424118 -0.8471659
-1.5957712 -116.5219574 -0.8162743
-0.9936748 -116.5049286 -0.7838441
-0.3559471 -116.4883118 -0.7532415
0.2947690 -116.4666748 -0.7295323
1.0101986 -116.4437103 -0.7164142
1.6423678 -116.4230804 -0.6971921
2.3518140 -116.4021759 -0.6598935
3.0656159 -116.3731079 -0.6176538
3.6990542 -116.3504181 -0.5914885
4.3646798 -116.3238144 -0.5655791
5.1150160 -116.2931137 -0.5365388
5.7388849 -116.2682724 -0.5092726
6.4661598 -116.2411499 -0.4757425
7.0436449 -116.2220383 -0.4503894
7.7357616 -116.1970367 -0.4192193
8.4697313 -116.1686554 -0.3843288
9.0958481 -116.1441040 -0.3580825
9.8333759 -116.1160660 -0.3310371
10.5732155 -116.0884018 -0.3056574
11.2375164 -116.0657501 -0.2851048
12.0605106 -116.0370636 -0.2561573
12.7127934 -116.0124054 -0.2328837
13.3128567 -115.9874954 -0.2118025
14.0308666 -115.9571228 -0.1867310
14.7924232 -115.9280548 -0.1601881
15.6232805 -115.8913345 -0.1291554
16.2689285 -115.8572235 -0.1052307
17.1359406 -115.8103714 -0.0714060
17.7620468 -115.7769470 -0.0497262
18.4654579 -115.7400284 -0.0291684
19.1367073 -115.7018967 -0.0108260
19.9212379 -115.6539993 0.0114839
20.5346699 -115.6125336 0.0310743
21.2873402 -115.5548477 0.0565963
22.0293427 -115.4958038 0.0841340
22.7729225 -115.4351501 0.1134599
23.4639282 -115.3770599 0.1367070
24.1553612 -115.3161392 0.1586397
24.9152584 -115.2408371 0.1896148
25.6572075 -115.1608200 0.2187868
26.4633274 -115.0697021 0.2510520
27.0619736 -114.9983978 0.2740458
27.7319965 -114.9151230 0.2967062
28.3228855 -114.8351898 0.3162678
29.0299873 -114.7387009 0.3408664
29.9238148 -114.6184540 0.3753224
30.5591831 -114.5327301 0.4020477
31.2417774 -114.4390259 0.4332514
31.8043346 -114.3616791 0.4576692
32.5242119 -114.2627945 0.4865207
33.3994751 -114.1382217 0.5260261
33.9726181 -114.0538559 0.5530085
34.6454430 -113.9518890 0.5867797
35.4159813 -113.8319931 0.6240416
36.1343307 -113.7179108 0.6590400
36.8798904 -113.5939941 0.6989722
37.5104179 -113.4897232 0.7332122
38.2138367 -113.3692093 0.7775768
38.8979301 -113.2516251 0.8241578
39.6617584 -113.1225204 0.8729010
40.4030724 -112.9921875 0.9216121
41.0304070 -112.8740387 0.9626141
41.6974602 -112.7470627 1.0141388
42.3671722 -112.6175613 1.0717161
43.1018524 -112.4740295 1.1368848
43.7712784 -112.3405228 1.1925887
44.4613342 -112.1938934 1.2497106
45.2136955 -112.0353699 1.3083687
45.8313675 -111.9061432 1.3544872
46.5566673 -111.7533264 1.4086550
47.3163261 -111.5944443 1.4637499
47.9094887 -111.4701233 1.5098817
48.5009995 -111.3474579 1.5573243
49.1840134 -111.2056274 1.6118954
49.8953056 -111.0563202 1.6735951
50.4708672 -110.9356613 1.7228918
51.1416473 -110.7920456 1.7796906
51.8412323 -110.6424255 1.8332629
52.4969749 -110.5029907 1.8822933
53.0814705 -110.3791199 1.9247347
53.8013191 -110.2256470 1.9798907
54.3992424 -110.0975266 2.0307183
55.0834732 -109.9489136 2.0935376
55.5986633 -109.8372498 2.1432459
56.3448944 -109.6780777 2.2096589
56.8654900 -109.5678864 2.2538319
57.4953651 -109.4319534 2.3082414
58.0759697 -109.3067322 2.3590088
58.6822281 -109.1775513 2.4101791
59.2509956 -109.0598145 2.4593275
59.9693604 -108.9093552 2.5208490
60.4416580 -108.8082657 2.5571997
60.9833755 -108.6914444 2.6056867
61.5712128 -108.5699615 2.6716120
62.1480675 -108.4526825 2.7405131
62.7125969 -108.3319168 2.8165834
63.3150940 -108.2023468 2.9066682
64.0117645 -108.0587158 3.0014629
64.5133362 -107.9582367 3.0473394
64.9368439 -107.8692093 3.0818410
65.5169754 -107.7457047 3.1249340
65.9789886 -107.6454239 3.1570189
66.4523315 -107.5439835 3.1893775
66.9779358 -107.4308853 3.2203121
67.4985504 -107.3124619 3.2322538
68.0869141 -107.1673126 3.2635491
68.5721359 -107.0407486 3.3115749
69.0085602 -106.9240723 3.3636541
69.5541229 -106.7733536 3.4168687
70.1121979 -106.6025391 3.4720547
70.5441132 -106.4568481 3.5164082
71.0216599 -106.2834091 3.5685332
71.3624115 -106.1531525 3.6082804
71.9103165 -105.9307556 3.6673148
72.3282013 -105.7515335 3.7059197
72.7152939 -105.5725708 3.7387838
73.1162491 -105.3662338 3.7738245
73.4810028 -105.1579666 3.8083241
73.9026489 -104.9002457 3.8495770
74.2445450 -104.6810989 3.8837512
74.6983948 -104.3728256 3.9270554
75.0404358 -104.1200562 3.9595811
75.3866501 -103.8455353 3.9931102
75.6795273 -103.5809555 4.0219016
76.0319595 -103.2363663 4.0543284
76.3074036 -102.9447021 4.0836353
76.6272507 -102.5890121 4.1208544
76.8924789 -102.2739410 4.1582165
77.1537399 -101.9457474 4.1946535
77.4151611 -101.5936050 4.2266755
77.6719971 -101.2209396 4.2528977
77.8961411 -100.8754120 4.2724085
78.1019821 -100.5305023 4.2860727
78.3203812 -100.0984726 4.3005509
78.4882584 -99.7101746 4.3172464
78.6536179 -99.3005676 4.3368807
78.8153610 -98.8845139 4.3548689
78.9695740 -98.4552765 4.3697853
79.1039200 -98.0185928 4.3841057
79.2215500 -97.5490112 4.3981419
79.3175125 -97.0783386 4.4087372
79.3837738 -96.6873627 4.4139056
79.4416504 -96.2890625 4.4183235
79.4948883 -95.7781906 4.4212189
79.5254669 -95.3801498 4.4198837
79.5460434 -94.9253159 4.4098845
79.5458755 -94.4073792 4.3960881
79.5275269 -93.9936523 4.3885117
79.4878464 -93.5200119 4.3721523
79.4347610 -93.0351181 4.3454709
79.3681564 -92.4788818 4.3317862
79.3188553 -92.0886917 4.3283129
79.2401581 -91.6110687 4.3124976
79.1312485 -91.1656723 4.2769856
78.9934006 -90.6921463 4.2312584
78.8441849 -90.2157288 4.1886783
78.6818314 -89.7072525 4.1412950
78.5271530 -89.2558212 4.0986924
78.3598633 -88.8045120 4.0526638
78.1712570 -88.3245621 4.0016007
77.9621201 -87.8179398 3.9445076
77.7802963 -87.3904190 3.8929746
77.5834045 -86.9363022 3.8359056
77.3526382 -86.4302826 3.7785957
77.1560135 -86.0062256 3.7304816
76.9175873 -85.5080109 3.6735246
76.6790161 -85.0297318 3.6181803
76.4461060 -84.5783768 3.5677495
76.1836395 -84.0743332 3.5138910
75.9650192 -83.6534424 3.4665504
75.6866302 -83.1211700 3.4070754
75.4860458 -82.7392044 3.3629239
75.2466202 -82.2883301 3.3102288
74.9926987 -81.8020020 3.2535546
74.7690735 -81.3726578 3.2074351
74.5369568 -80.9264526 3.1649768
74.2654572 -80.4026718 3.1145082
74.0732040 -80.0296783 3.0782614
73.8277130 -79.5575104 3.0328786
73.6175003 -79.1550827 2.9956453
73.3489227 -78.6388474 2.9507067
73.1537094 -78.2599411 2.9198384
72.9362335 -77.8286057 2.8841932
72.7134323 -77.3592148 2.8451900
72.5305176 -76.9739532 2.8128393
72.3252487 -76.5513916 2.7792678
72.1207352 -76.1352005 2.7477646
71.9333420 -75.7513962 2.7192583
71.7304077 -75.3306885 2.6879778
71.5439529 -74.9409637 2.6596429
71.3298340 -74.4918671 2.6291585
71.1653290 -74.1432343 2.6045845
71.0044556 -73.8031387 2.5809581
70.8196945 -73.3916779 2.5522237
70.6633530 -73.0422897 2.5296607
70.4969482 -72.6722794 2.5069692
70.3410187 -72.3245239 2.4844558
70.1915512 -71.9892578 2.4616184
70.0374146 -71.6424408 2.4373515
69.8786545 -71.2877121 2.4141424
69.7276306 -70.9509125 2.3930094
69.6032410 -70.6689301 2.3733180
69.4945374 -70.4219513 2.3549023
69.3503571 -70.1197739 2.3321316
69.2268372 -69.8659363 2.3131099
69.0884781 -69.5898666 2.2938852
68.9884644 -69.3895721 2.2796702
68.8773270 -69.1627655 2.2626710
68.7625046 -68.9303818 2.2449031
68.6642151 -68.7378082 2.2319121
68.5506592 -68.5177155 2.2158315
68.4658585 -68.3551483 2.2037380
68.3928299 -68.2171478 2.1927707
68.3008957 -68.0455551 2.1776361
68.2326584 -67.9196472 2.1663930
68.1523514 -67.7755127 2.1543012
68.0925140 -67.6708298 2.1456890
68.0380249 -67.5789108 2.1385438
67.9870605 -67.4967880 2.1320899
67.9387817 -67.4230423 2.1255760
67.8909225 -67.3559723 2.1187949
67.8508682 -67.3061447 2.1136615
67.8294296 -67.2835007 2.1114049
67.8027573 -67.2609253 2.1096694
67.7802124 -67.2499771 2.1089590
67.7655334 -67.2512741 2.1090589
67.7548676 -67.2607574 2.1098118
67.7465668 -67.2784042 2.1112573
67.7400665 -67.3025131 2.1136699
67.7319946 -67.3233337 2.1163452
67.7224350 -67.3475952 2.1193938
67.7173386 -67.3632355 2.1203661
67.7104950 -67.3827133 2.1218350
67.7029343 -67.4036636 2.1247356
67.6961670 -67.4268494 2.1273267
67.6902618 -67.4477844 2.1294644
67.6838074 -67.4696198 2.1322849
67.6777496 -67.4919128 2.1346371
67.6724014 -67.5131226 2.1370327
67.6666946 -67.5353470 2.1396520
67.6609573 -67.5594025 2.1423633
67.6552048 -67.5849533 2.1452055
67.6481781 -67.6034622 2.1461723
