70.4735313 -87.0778081 -0.4968045
68.9872327 -85.2747874 -0.2874933
69.8113699 -79.2661080 0.8728402
71.2414279 -81.6611834 4.1351520
72.5230269 -83.4446734 -2.5856249
71.1398598 -86.5973726 -0.5080807
77.3933282 -78.4254863 5.9442381
67.5384842 -80.5933482 1.4156557
66.2592138 -80.8104295 1.6304425
71.1476988 -80.9492429 3.1466158
67.0801527 -80.7327174 -0.1416348
75.2411139 -77.8462813 0.6101944
70.1743354 -78.1895592 3.0531484
72.2125556 -83.5574363 -0.1480003
69.1418102 -81.5089047 1.3985083
67.0644364 -79.2533584 5.6258960
69.1285591 -81.7411323 3.3920893
76.2057577 -76.4961494 3.9093495
71.7929978 -80.7119488 3.7746357
69.8722648 -78.9353619 2.1506228
69.1225185 -82.0170149 3.6323211
68.1636118 -77.5692725 3.1155891
68.0535294 -81.5625828 0.5745885
77.8999154 -75.3779713 3.2541970
72.4226298 -80.7128672 5.0720901
74.4786881 -79.1990097 1.5699715
67.3452099 -79.2049811 3.2850166
74.2468360 -80.8358829 4.0362733
74.4803315 -79.9768289 6.2553177
76.1322283 -79.4438500 4.5161590
69.7969311 -75.2338045 0.1277123
64.6060309 -87.5066537 1.2162083
68.2318608 -83.1497769 4.4774316
70.6623609 -83.2304926 2.5135567
69.1891986 -83.5566179 1.3427372
71.8391736 -77.2286132 2.6808133
73.5143479 -77.9145516 -0.3065686
70.3611599 -79.7701284 -2.4922953
71.7541256 -76.1949836 2.3501697
69.5319307 -77.2237341 2.7625348
71.9267333 -76.1433203 2.2471526
74.1753240 -76.6362866 2.0958228
67.0506871 -80.1474724 4.7156263
67.0254002 -78.9192773 1.7628239
66.5054537 -77.6411361 1.9650982
69.8901790 -75.6093215 4.1898704
68.0670827 -77.1862783 3.5036982
62.9917123 -72.0512915 4.0859287
70.6639222 -76.6594925 2.4647772
70.1698861 -72.2931659 1.0768053
72.0380659 -73.8245215 1.4002995
71.7058038 -73.0534270 2.2893915
73.8636300 -71.1882992 2.4683317
72.2031952 -68.0252305 2.3157129
70.9638734 -77.1966617 3.0653895
69.3723574 -73.0745075 8.4238026
65.1695509 -72.4207767 5.3230205
70.7207499 -77.1327642 2.7970495
70.8106653 -71.0783422 1.6215189
70.5192521 -71.5052022 3.0835428
70.6700126 -67.8485094 1.5086632
67.9215240 -70.1878569 2.5846178
67.0310763 -72.0338359 2.1691498
68.3554807 -71.4063128 2.3651941
69.0985346 -74.8551969 3.1795430
69.8789109 -71.4692821 3.7767105
71.0804562 -69.9173736 2.5303681
68.4895905 -72.7514718 4.6057481
68.7249216 -73.1894934 7.2258075
56.9722787 -72.6412710 -5.2238904
69.6731411 -66.7084247 2.0811281
70.3893296 -73.8916171 4.5283237
62.4505703 -69.2171810 14.3193199
65.1895143 -71.2766022 3.4261802
68.1224719 -66.2182589 4.5726852
65.0918181 -70.3205349 4.9342345
70.0847703 -66.1472746 1.8591416
60.3297629 -63.5894133 1.4167594
65.6221232 -69.8198334 6.7139366
64.8782288 -65.9287658 -2.8621668
55.2905938 -63.3930553 -0.4929448
66.9806511 -65.5340691 -0.7319843
67.2796462 -58.2367555 1.2649338
67.0031949 -64.8204111 4.3766662
51.8594505 -67.2844211 -1.0811522
65.2085419 -63.2185599 5.5990711
62.6378063 -64.3169907 4.5648060
60.6337314 -58.8135063 6.1573045
63.9726226 -62.7903859 9.5859353
65.9505468 -64.2919737 2.8300773
67.1954492 -60.6326843 1.8379503
64.8072901 -60.9201367 4.0416583
59.6378115 -65.2391603 4.6627773
65.3664248 -54.6785504 2.0014628
64.6593719 -62.6104972 1.2255934
62.7176584 -63.8327672 0.1612800
64.7765762 -60.7544797 2.2341694
62.1248073 -62.2518016 0.6590453
66.9175639 -57.4794202 0.8155429
64.4469912 -58.5900511 2.9101082
62.1377261 -55.2209208 1.3648092
64.8359205 -59.1544685 1.9669025
64.8417387 -58.8852043 1.4981078
66.5094367 -56.1061517 1.4761950
60.7374241 -54.4672845 1.9431170
67.2845509 -52.7911261 1.1565871
62.2617891 -56.3774665 1.0580413
57.3372852 -56.4435419 1.7664632
55.5819163 -55.6726743 3.0245682
60.0867264 -54.0988511 1.0444120
58.8261332 -52.9373121 0.6679578
58.1193864 -54.8186470 2.3256484
62.7088172 -52.1024363 0.7394199
57.7585086 -53.3424572 0.0390442
55.2074145 -53.2735934 2.0917767
60.2661508 -51.1772794 5.2416368
62.0643918 -54.3647964 0.8512853
55.1732733 -53.7199355 2.8572389
57.7251126 -47.6634018 2.9992185
63.2142697 -48.6044706 2.6759982
63.7234704 -44.5319808 1.7682309
60.7065393 -47.6166091 0.1379390
57.3549163 -44.9450809 1.7807766
50.4711828 -51.8406433 0.9767186
62.4620930 -46.9053725 2.0354048
55.0260505 -49.8925660 3.3191998
55.3504057 -45.6439276 2.1843079
57.7779967 -41.5443123 1.3218860
52.9367574 -45.0578413 2.2933855
48.1494407 -45.6786545 2.0521642
56.5566989 -48.3861416 1.8840468
56.5358100 -47.4970238 2.7627116
56.9221846 -47.4019886 0.6417950
62.3687410 -41.8615107 2.2562997
58.1095382 -45.1252217 1.4723980
50.9707695 -43.7332152 1.5858264
51.9187081 -42.8357406 1.9665286
49.7904106 -45.4059978 2.3486062
59.5492997 -39.7415758 2.2799536
46.9799318 -44.9809619 0.7685002
53.6782301 -40.3220830 1.8139404
54.0909862 -34.3910156 0.9284277
55.6073731 -41.4538944 1.2958976
60.8127558 -37.5179658 0.0565539
53.0302272 -38.5054474 1.2991398
53.5885792 -41.8759036 1.7503919
50.8576506 -40.5318177 2.0074205
54.5346623 -39.9173369 1.3308879
58.8822511 -34.8563968 2.2971407
38.7659645 -48.8266951 3.8194320
44.0713777 -42.2610697 -0.1943850
35.4303138 -52.3671517 7.7063427
64.9346484 -36.2441489 0.7154594
47.8928264 -38.2909677 0.6619218
50.7054769 -35.4334062 0.2873387
63.5749597 -26.4984420 0.9068495
56.6741230 -32.5366019 0.5968845
62.6954063 -35.5108346 8.3214652
56.9178904 -32.8928969 1.0002930
57.3537174 -33.9727740 1.2954958
54.4836026 -32.4397233 0.0673654
58.5620145 -33.2932857 -0.0698535
54.3005715 -34.4275762 1.0962243
51.8317761 -31.9751102 2.1777269
53.6117387 -35.3687231 0.0866109
55.1545407 -31.2064643 2.0869739
58.6380282 -28.8472915 -1.3383166
54.6725173 -29.9213663 0.4573421
54.7608897 -29.9743424 1.0324541
60.1865114 -29.3689361 1.0677931
57.1301815 -28.5713503 1.9915575
55.0059113 -28.8705865 3.6109353
55.7007078 -29.7375410 2.0702744
58.3850262 -22.4164448 0.7668631
59.8079373 -26.5684821 2.5434726
52.8874253 -27.6296673 -0.4457783
58.6312104 -24.0714083 0.2378949
54.8966827 -27.8022155 1.0305752
57.2683194 -22.3644108 1.0137094
51.8087989 -28.4747764 0.9666001
55.1936723 -26.0156033 1.0938616
52.0713604 -25.8240284 2.2567051
60.9683864 -17.1311696 0.5318844
55.7619029 -21.6955167 0.1883881
50.7092597 -26.2438853 -0.0055838
61.6136484 -22.6925333 2.5988149
56.4342814 -23.9306580 0.9335262
51.5057172 -21.3476585 0.0782809
47.6153992 65.0259775 10.2890717
47.0330444 -25.2668871 1.2050101
50.2422467 -21.8603584 1.9188247
52.8680614 -19.7939482 0.8615725
56.5286811 -18.8366560 -0.5362837
56.1408747 -19.9503422 1.4535746
49.9843759 -18.1154586 0.6627256
53.4188191 -21.7234281 1.5644275
57.4834766 -19.6463139 0.9591463
53.7200285 -22.2619522 -1.2569286
54.2621249 -21.5313266 0.8689341
55.0010512 -18.8089796 0.2745168
43.6790018 -17.5760304 0.3125411
43.5764383 -17.5403085 1.0434278
50.5494478 -15.7198366 1.0260815
67.7124686 -15.2944516 0.9919991
54.2716830 -21.3542066 -0.3259925
55.5933259 -19.4020605 1.1435080
55.2389059 -18.3209990 2.4269626
52.3398327 -17.2413671 0.4615859
52.3755136 -20.9112633 0.1418016
51.3294500 -17.1411542 1.5155803
47.2668991 -19.9715533 0.2448386
57.3805655 -18.7192631 1.0629375
50.5312417 -18.1854457 3.1912859
60.0188840 -15.2490608 1.0519342
51.4655897 -14.5327978 1.0911700
51.4342808 -15.2137764 -0.7966146
50.3280956 -19.4849799 0.1988673
53.8369609 -17.2658746 1.0492724
47.9030397 -16.4615285 0.8750716
52.8645426 -18.1700899 1.4744130
53.5218130 -17.3327239 0.6488362
50.3725718 -15.1822589 1.2022461
45.7991089 -13.7767908 0.7798901
53.2906034 -12.6195263 -0.1559263
52.2459278 -14.5369430 1.2714544
54.1612448 -15.3625752 1.1228042
51.4381567 -17.5811364 0.5651207
49.8183318 -11.5166920 0.7317636
52.6921040 -14.1583977 -0.0998162
50.4414535 -13.8409886 1.0385891
51.3273213 -14.6438023 0.3096860
47.8067219 -17.8365742 0.3231682
53.9399248 -18.0699864 1.4663742
41.1903772 -10.4034763 0.5651750
59.1152167 -11.8801690 2.8730404
46.4913481 -9.5894546 0.8449192
50.3881530 -6.2542686 -0.1950456
49.8951671 -6.0906516 -0.5224684
45.0834473 -10.2690049 1.4958619
48.2186147 -10.3284202 0.4047173
49.9743241 1.7068551 0.6399367
50.3003822 7.3766717 4.1177097
7.9431694 -13.2283396 -0.7557773
53.8371315 -5.1745660 1.8184354
15.0556442 -10.4026434 1.4354020
47.5140849 -9.6925365 -2.3214978
58.7831210 -10.5351388 0.2143232
56.2508734 -8.2846613 0.8214494
43.4585331 -8.4166508 0.5451382
15.5468750 3.5516727 0.1310576
44.4031274 -9.4860506 0.2043624
15.0482603 65.9039559 9.8102983
21.3650460 -1.9785510 1.0088692
37.4074318 -4.5708534 0.9314264
37.8592756 -5.3209820 4.8280507
65.0390489 24.1796363 1.8740964
43.5692257 -5.9810438 1.0430422
39.3594090 -3.8467446 0.8496380
55.3998008 -0.9157739 0.1757064
8.1361350 1.0984063 0.9485900
58.1537874 1.1324292 1.5974605
46.4136538 3.6813929 0.9412497
45.6048826 3.1560402 1.7858272
44.8179995 16.2321121 -20.4021767
48.2163662 2.9342603 0.6306062
48.5648176 -0.7924568 2.5462733
53.5534447 -4.2007855 -3.3260106
60.5313422 -2.7015170 -11.4249220
43.7833401 -4.9004672 2.2907260
50.0606938 -0.1016697 3.6013668
53.1383715 1.4470769 0.8111870
47.8741458 -1.4973867 0.4471409
49.0575540 -3.8381987 1.1083642
51.6447611 -2.2899391 -2.4727222
36.4643078 17.2740808 0.4742110
49.0212412 2.1846113 -0.4092303
48.5807061 2.5705373 0.5873794
45.2539264 2.3991908 0.9179085
55.6622277 5.0978059 1.6200774
48.5693250 3.9303647 2.0426520
49.5795746 5.4200918 0.0702835
43.8480512 4.3111227 0.4623548
44.4612261 4.2281696 1.0137196
45.1046599 4.9022735 -0.1661041
46.8293844 6.6101578 1.0541720
39.1812447 8.8508081 -0.0626200
46.8484133 10.6417630 -0.8298152
48.2075845 9.2869973 0.2032729
46.8660829 12.9357480 -1.0985679
42.8261511 19.5053740 3.0152361
48.0476293 10.2512344 0.3162475
48.6642831 8.7873221 0.1731336
47.7880175 11.7599286 1.0122918
44.7267312 14.5706075 1.2132862
42.7259531 19.3495017 2.4570163
46.5714879 14.5586653 1.4868565
50.5860021 10.4273519 1.7401390
52.1315936 12.2832067 0.1696868
49.5706105 14.7273406 1.5855568
50.3111115 14.0107084 1.3576599
52.7540986 13.2949207 0.8300656
53.6953365 13.6442572 0.7610172
51.0173136 12.1928870 1.3293829
42.9726152 21.3856077 2.7352410
53.0383252 18.3680721 1.9408461
50.1172018 15.1473591 1.3528900
40.9458420 20.9454076 1.2425947
44.9587698 27.4554836 4.4757188
27.1429862 31.7874855 1.0720465
55.3349865 14.7127727 -2.6869712
51.2725542 22.6270134 3.0506143
51.2454180 19.6503332 2.5751856
67.5617283 14.4839020 0.6537040
55.3715370 19.2790669 0.6054916
56.6205684 18.3029545 2.6265257
53.3942121 18.3829785 0.9872051
58.7650109 20.3118255 -0.7495492
57.1862999 20.0236872 4.2897070
55.5451802 19.2905593 -2.5974566
51.6941033 20.4819755 -0.0870912
53.8264530 21.5542207 -0.0854719
56.9041682 23.8790530 6.6235105
58.4382731 20.9658145 0.2647097
58.7548760 23.6674231 1.0320533
53.0427579 23.5280395 1.9151913
54.9631068 21.7876274 1.0893651
56.6287062 21.8717684 2.9876275
51.3143990 24.5838177 -1.2154687
55.9175298 22.6842853 0.9632100
55.1542766 24.1889211 1.6357683
43.9810889 25.6462090 1.8278230
51.4239050 24.9636106 3.3012195
59.4534001 22.6331151 4.8571321
53.3203863 27.1521538 3.4859908
53.9767539 23.8055344 2.4589362
62.9054420 24.3473794 1.8683469
58.4357469 26.2852148 -1.7337594
56.5090075 29.0728462 2.1106398
56.0025235 26.5535376 1.1887484
55.4078688 26.5038750 1.4966392
57.4960477 28.4809207 1.9080953
57.6978748 27.3873452 4.7956223
57.4790348 25.7490933 -0.5607101
54.9789305 28.2243735 2.3967300
55.2806623 29.6949664 1.1682501
57.4687393 25.2499606 -0.1977216
57.2363220 29.2441572 2.1196090
57.1025844 28.0590460 0.0772169
59.2749879 29.5577690 0.6192805
59.6382331 30.4634460 1.5288666
59.4662630 27.9795626 1.7659047
60.3024069 28.4214080 1.9124625
62.9164489 30.1725426 3.3358107
64.7131864 24.9604799 2.5283317
60.7165240 30.9787922 2.7024348
55.4171177 38.3786562 3.3030710
56.4405810 34.1557698 2.8873154
59.3859757 30.4736306 3.1997767
56.0025856 34.4869937 -1.5020771
61.1780190 22.0490290 1.1529215
57.5823610 28.7000579 2.4011440
25.0837117 15.3647127 2.0970006
54.6770195 30.2124001 1.1887954
46.7928955 26.6361352 0.7091619
58.8148567 33.5770183 1.4049764
54.5266480 36.2497642 2.2530828
53.3490879 26.8977245 2.4623353
54.2938673 32.0346054 2.1921567
57.4055840 29.2250197 3.6918486
54.9340210 34.0653782 3.5111387
51.2347670 26.1042890 0.8259952
54.8010448 32.8857940 2.8675737
34.2508748 34.0944559 -2.4176767
48.3940072 34.3430329 2.1246787
45.6442964 -43.5320316 1.9403640
38.4378587 36.3073276 5.6757815
55.8640074 40.5883619 -1.9239995
42.2373639 36.3001771 3.6007897
75.9870051 52.3568724 0.1333173
69.6770503 47.6218328 2.4577455
55.6135326 39.0149480 -0.2303362
63.7562462 45.6059349 -2.4984200
65.2654912 47.0371791 -2.1991390
62.2814151 46.2120994 -1.0913326
75.7818211 57.4344969 -10.8517983
67.8490709 49.2704755 -5.5134620
49.5982284 43.3056461 9.9469052
52.0529187 42.7565099 1.2811789
50.9319939 40.7824838 2.5263079
54.5330338 43.7770639 6.9504054
54.7125359 45.0562263 5.4918130
54.5058366 47.0518107 2.6773299
63.0454692 50.7739713 4.1060540
57.9731697 47.1353364 -1.9394946
55.9019088 46.0750095 -0.0185783
53.6475355 47.3671428 2.1488466
62.1097319 51.3275520 4.4759750
53.0266398 49.8921607 5.7963812
54.1315436 46.4988121 2.1531756
58.8149226 52.2123369 2.7581527
51.7136141 46.7782983 1.6112437
37.6078794 45.1151332 6.8610415
53.8710658 51.0967568 8.1848535
43.0670808 53.2451211 3.3429481
46.6977294 48.3844698 -0.4281252
53.1509799 51.4006789 10.8025427
58.0254566 53.2293972 4.7908436
42.4068466 51.1071159 -7.3415468
43.4394798 50.0318060 3.3547896
47.6975488 51.4441843 -1.7983093
45.8297169 54.1655115 1.7179556
43.2667186 52.2222046 3.9246494
50.6176581 56.3540355 5.3899152
55.3959558 57.9503090 1.7751967
55.5177634 58.9721716 -5.6114048
43.6058480 52.5984991 3.0781788
52.3660717 55.0509714 3.3797597
42.1998660 57.6653053 4.4945017
45.4492454 57.7745504 2.1599876
55.6280991 61.9220616 1.7710648
47.6189447 56.4697413 3.8095913
46.1797881 60.4357821 3.6291809
52.4522917 61.6341724 0.4417430
48.2505524 59.6307501 4.6180725
43.8261117 58.0804263 1.8153113
45.2884191 60.6011150 4.2985338
48.2298102 58.6290040 1.6537996
47.6720103 60.7102385 2.7082838
46.3083816 63.0654248 1.0413822
47.9295935 64.6193641 2.2545991
42.8727811 61.7075919 3.1824420
48.4891715 60.7810135 2.7344725
51.0906075 61.9791041 0.7799051
51.8291874 63.9203355 0.7766635
50.6105937 62.7953737 2.4415691
46.0843082 64.3999264 2.1555810
52.0714319 68.4513418 -1.5295031
48.9146972 65.9120411 2.2720748
48.3935969 67.8503652 2.3729402
49.5041253 59.6984189 3.0892485
47.3647919 67.9512540 1.9281825
39.6739658 64.1017345 -1.4880656
47.5395145 68.9119630 3.4749659
45.5347008 67.8060139 1.8992181
46.3116544 60.8877198 2.8620889
46.2460401 68.7932839 2.2303133
42.2543603 65.6494267 2.1060903
43.9836326 65.9891627 3.1613976
46.3558328 70.4940806 4.0882598
42.9333113 70.2460187 5.2719670
45.4148758 62.4038636 1.4083517
52.1893799 73.3657281 2.9926388
42.3943056 69.6981889 2.7537513
49.8535359 72.6112626 1.8683725
38.7106623 70.0560206 0.1327765
38.4199844 71.5840772 2.1680453
40.0736111 73.3778659 2.8192642
41.0561010 71.9349999 2.2665571
47.1495223 74.6254213 2.2034962
37.9481503 73.2300208 2.1462266
46.1356326 68.5271584 2.4223479
40.6294574 66.5445032 4.6514749
40.5756802 75.7278334 5.0414060
45.0747311 70.2313865 1.2013027
39.8864070 63.4952629 2.8042007
38.3672555 76.2978084 1.9770496
38.3629814 76.8926485 2.3805135
38.6230317 79.4686118 -2.0579216
40.2569717 79.1384979 2.7872768
40.8840973 75.5015372 0.0126127
40.0175094 81.4454735 1.7536661
36.1628031 80.0888975 1.8669000
37.5264644 81.6669663 2.3325976
42.4448016 74.4821231 2.6672027
37.1913156 80.9138295 2.0229663
37.1531318 83.9166198 2.0384749
40.4743802 82.5987956 4.1139127
40.1072310 73.9287082 2.4818482
33.8999893 81.0613158 2.5199532
35.1113837 81.8775009 1.6532570
40.2697046 77.3917020 3.0370743
19.1614976 76.7745889 -2.1131223
34.2313141 83.3996879 13.9656743
39.3263232 79.9801467 5.0926783
47.2749453 95.9667588 3.1686208
34.2566427 87.1825672 6.1784002
36.4685098 89.0302614 2.3374618
35.3461284 89.5946908 2.4116740
34.1027760 87.4211476 2.7743841
36.4928471 89.3518404 3.0463359
35.0429236 90.9631023 1.8353314
34.6743435 88.9818274 3.3548663
30.2511933 87.4761341 1.9405179
33.4775104 93.6148943 4.2025563
34.1102892 93.2986322 4.0603979
30.4967411 91.4566481 2.5286139
35.3632212 95.9147889 0.2492965
34.9120093 92.6620543 2.3626501
34.8202499 95.6577519 2.2265433
35.0190919 89.8448000 3.0918505
32.6800715 95.7018360 2.7662515
35.2077780 97.6744285 3.4604514
33.1008119 94.9146779 1.8315701
32.5242015 98.7211459 0.4010055
37.5920239 100.7599489 2.7910975
36.1039120 101.3764018 1.3355855
39.4567717 101.8029495 2.6391929
34.8114253 101.4599331 1.9531527
40.6061464 100.2626531 -3.4770836
32.9326448 101.0059633 -0.1468217
30.9832525 95.0485265 3.4262398
32.0529776 100.9722017 3.8266929
29.2787180 101.6160588 1.8628337
29.4009149 102.7681295 0.3980971
31.6418622 100.2785885 3.0594436
26.5268608 100.3026621 2.9910809
35.0850082 104.9518754 0.9896110
25.8273438 97.2833401 0.7862261
33.4561791 105.7189556 1.8317288
28.1134384 102.3952196 1.4976695
29.2142458 100.8119895 3.9117563
33.0312676 103.8480668 1.2639303
33.8443509 103.9592345 2.3177302
30.3135755 108.9293884 1.7263780
26.9770078 107.4410999 2.3121827
26.5301680 107.2914168 3.6178100
26.9798214 105.6063247 1.9832088
25.4517474 103.4858545 1.8757895
22.6283092 103.8665115 2.1103063
23.4371467 106.3601288 2.0646331
21.3996698 96.7198221 1.5764921
31.4679997 111.4571434 1.4705691
27.6096913 105.1487846 1.7257229
19.9021005 112.8211536 0.9089142
28.2956859 106.0565480 1.4557802
22.0435940 102.2643759 5.8687512
29.4004290 102.1391579 2.8519306
20.9084461 112.2515744 0.1654716
23.5388558 109.4446027 1.1977590
13.9897435 89.4692523 7.4758731
22.3739493 104.6623543 1.8168481
21.5822340 109.8615304 0.8872303
14.6496510 110.2126211 1.3126683
17.3480613 107.6962679 3.0972148
17.1077698 105.3963831 1.1193449
5.5518882 101.6352911 1.1975579
15.1328546 109.9371661 0.7299713
7.5306129 95.8784662 3.9617634
8.4060477 89.7985200 2.3286145
9.8786102 100.8430976 0.3076890
1.2203933 94.7109286 -0.1110426
17.4422852 103.9075469 3.6965471
11.7875028 107.0364906 4.0932002
13.0694042 103.6504506 0.5990241
3.9325311 95.2505209 3.8666156
9.7723940 104.7260989 3.1096016
5.3288310 107.2326642 7.8601252
11.2608188 108.3794843 1.5855009
6.9200016 99.8394462 0.6790381
12.3600937 129.0713893 -0.2650101
-10.2265461 112.0801888 2.0309481
16.1466643 114.4332271 -0.4039343
-10.8734515 124.0644223 -3.6129733
6.3471803 102.0637192 1.6127952
6.5830730 105.8913233 -0.8323602
9.8662677 101.2955234 1.2642067
11.7369830 119.5892593 0.7648641
2.4053424 99.6958122 -0.0443424
14.2671854 111.7687280 4.4519346
11.0556237 111.9117667 -2.6616341
-1.4032948 101.1707730 3.6577987
12.0007444 114.8823678 -0.3791169
5.8563917 109.5021153 -1.7186276
5.8372565 113.8444625 2.6417991
5.6337229 111.5962298 1.2475701
4.6248488 110.4044454 0.9671712
11.8574972 121.1944953 2.1177956
2.0905709 107.6081867 0.7503739
1.6654185 110.7677762 3.0261655
2.3825351 113.4588124 3.7144394
1.2307216 106.2103044 0.6958127
5.9260974 117.7906054 3.4563991
-0.9968198 105.8145625 1.9981166
5.3572704 118.0909270 2.1273515
3.1336688 110.7999669 1.6829764
-9.2710475 101.0482675 2.1628122
-7.2390538 122.7008208 1.1309813
0.1992921 107.5021234 -1.2137931
-2.7097597 110.3647748 0.4764204
1.6793701 109.2772464 2.1230982
1.6284236 116.1920237 7.3298874
-5.0316268 101.1725356 -1.5681148
-2.3427390 113.3281227 4.0473270
-6.9610287 105.6426259 0.7190587
-9.3810555 102.8862930 0.8347540
0.2341239 114.5170977 1.3007387
-4.1486716 111.7964733 0.7125967
4.3176492 124.9578147 0.1858283
-6.6952501 120.9279354 -1.2551157
-12.1745024 110.0263019 -0.5951534
-8.9742752 119.5116204 0.2740706
-5.4069298 113.9190604 2.1887430
-12.6896462 102.4762744 0.6550586
0.2087031 117.6271542 1.9612460
-5.2323439 120.0474564 -0.6703461
-4.1605165 119.3202200 0.4584369
-2.7780685 120.2766764 1.3063499
-6.4462947 114.4517167 3.0836703
-7.9535789 111.0107358 4.2064416
-7.9636871 112.2392006 -0.1700787
-5.6412143 111.1416973 1.5949918
-9.3807410 117.8215793 2.7575821
-8.4714285 119.0310806 1.3657027
-7.3316181 118.5525427 1.1099513
-7.3681946 120.2700681 0.9390964
-10.1629989 124.8663112 2.2990491
-13.2204244 117.7506404 0.2538440
-8.7161507 126.1428058 1.7087417
-10.8556478 119.0932737 0.8234682
-21.5386669 108.6232154 0.3466551
-13.3248106 112.4546143 1.8055710
-8.2069649 118.6946744 1.9400732
-11.6273443 118.8714341 2.9962908
-15.1221508 115.4866843 0.9748326
-13.5403318 114.3503959 1.9780842
-14.1540019 116.8525695 1.0371532
-12.7727662 115.6126485 0.3008834
-14.1761769 122.6420431 1.7839673
-12.3025639 122.5883852 1.5097535
-12.6556885 119.3046174 1.6591616
-11.6568385 123.6036096 1.8129930
-13.9457516 122.4454142 0.9718974
-15.9589717 124.8232631 -0.7297623
-19.0370711 124.0163553 -0.0983541
-17.9759665 125.9428550 -1.2089474
-18.1303135 122.4839106 1.3778899
-18.1262567 125.8198859 1.8678601
-17.1853260 125.9161360 1.4709095
-24.0308283 123.1721597 0.2339864
-18.5631828 122.2220689 2.4119387
-21.0821604 123.6337856 1.9114015
-17.3369773 122.9264715 0.9778293
-18.1132433 128.3209591 4.8988946
-19.7634374 123.7751375 0.0044897
-18.5482992 128.6928150 0.6495126
-18.8388417 123.3598301 0.8730686
-20.1793968 130.2756684 4.1905243
-23.2497491 126.1550798 1.4459538
-22.7763291 126.6202145 1.7458158
-20.0666737 122.4184170 1.9856540
-23.6541370 125.1426406 1.9515491
-5.9117708 119.7197694 5.8937800
-19.3346963 125.3978489 -2.3499319
-12.6891926 123.4842522 0.9670338
-20.1040241 121.8370928 1.0541102
-17.6689292 126.2689297 1.3696112
-26.9062865 128.5373646 2.0362491
-17.1743738 122.5377334 0.1802946
-11.3161720 116.6850697 -4.7401909
-15.1054615 121.5985625 -0.8754834
-8.2956354 111.3675281 2.8108166
-9.5546181 119.2300879 0.5945034
-15.4019354 124.3158768 2.7430058
-8.1702381 113.2527032 1.0722692
-19.6051729 121.5488962 3.5957430
-21.4601415 120.6230804 1.6372585
-10.3256504 113.3914721 -2.9877636
-21.4972198 119.7483462 0.3959114
-27.9341619 128.2138148 1.1242133
-16.6550543 119.1935397 1.4253573
-22.2340124 120.1675879 0.5911784
-24.0642419 125.4673043 3.7564485
-31.8718201 114.2945252 0.2618612
-28.7232331 122.7205239 0.0708142
-25.3261324 119.8321230 1.1671705
-24.3691902 121.6439029 1.8361353
-29.1750022 121.1288298 0.7662301
-27.2603690 119.8861979 1.2424038
-25.9349940 121.6206850 2.0873631
-23.1597116 124.1936270 2.0022624
-28.2654762 127.5858176 1.1964494
-26.5643010 119.5870055 1.5509281
-26.1855214 122.2489876 1.5103139
-24.1512758 120.4496026 1.7518147
-16.1993161 116.3765308 3.6425975
-26.2278658 122.0467811 1.0256690
-28.1406679 118.8481621 0.4419009
-20.5162172 107.2957728 0.8000265
-23.8373411 116.3289052 1.8736319
-27.4083967 115.1486441 1.2512887
-32.5359232 115.6974215 1.2838580
-25.4740385 115.7829049 1.0248883
-35.2932532 113.1706977 0.7801931
-37.3161086 124.5898203 0.6082654
-26.9052076 117.2298894 0.8473099
-25.6208704 117.1025209 0.9953000
-31.9969645 118.1871415 0.9986118
-28.8626143 116.0390086 -4.6930082
-28.5068222 119.5822884 -0.2478142
-31.5676848 117.8002689 2.7912768
-37.1106592 123.1950931 -0.8216513
-31.2495913 118.4027190 1.2772735
-20.3662051 113.9008934 1.9231463
-33.4284064 116.8742135 1.9677677
-31.7798893 113.2366877 1.1942143
-17.6185354 108.6664487 1.7089394
-34.0487658 118.6400387 1.3952550
-0.4087336 90.2469026 1.3567990
5.5179470 57.6864357 2.6213732
-42.2418307 121.0734251 -0.8599653
-9.1087173 92.4581956 1.2654887
-26.5068402 116.4074730 1.9279267
-30.1560090 106.4450130 2.1154375
-34.0675739 111.1681032 6.0542222
-35.9481073 115.0280603 2.2613177
-32.7302688 108.1574229 2.5999679
-30.2895496 115.2704432 1.1301507
-34.3707296 113.9452377 2.7156329
-27.7414551 107.9450010 1.4706619
-30.1740089 109.8867478 2.3649886
-25.6925738 18.7749740 -6.1891616
-38.5310449 119.1135331 1.4146533
-20.3303829 95.8203203 2.0787424
-25.5968883 106.8184585 1.4480665
-36.4957474 108.7049403 1.9283825
-34.3986146 107.4616138 1.9341482
-33.6334579 104.4311932 1.4667970
-33.8826229 103.6806941 1.3794472
-31.0393931 108.4858010 1.2851469
-33.4135410 102.8361612 -0.0467184
-35.7528484 103.9602864 0.5441841
-43.4133714 110.8143137 1.9849084
-41.6017470 105.4192150 0.7364400
-38.4091928 106.1406987 2.4774768
-39.5234892 104.2488094 1.5337147
-35.0589297 100.2817445 1.1137743
-34.9561959 91.6736501 -1.1871096
-38.7176159 104.4147379 1.4641087
-49.5306968 108.7810503 4.5147788
-39.4485927 107.5656254 -0.0358822
-41.5431859 105.4628837 1.7469313
-44.5687584 107.6825650 2.4033018
-44.2426984 105.8428415 1.1792345
-44.1983664 106.3460441 0.4160774
-43.6068513 106.8403282 1.2049463
-46.3714525 104.5459178 0.3607207
-45.5805057 104.2860079 2.0725992
-43.9116392 104.7489029 1.5324536
-40.8537999 105.3465698 1.6630348
-41.6292532 105.0009824 3.5760712
-41.5947810 100.6853995 1.2099318
-47.4310513 102.6907446 0.9266142
-42.3252764 102.0522129 1.4390190
-44.9715483 101.7467420 1.9622007
-52.4145937 103.7901903 1.3076860
-46.8270902 103.2864425 1.5197580
-47.5634753 101.7004912 1.9111110
-46.9461095 101.9289504 1.7414061
-47.3082402 99.9366285 1.1418296
-46.7715500 101.5216862 1.8728532
-54.1005369 103.7066039 2.0024313
-46.2567514 100.4033153 1.1379509
-52.8206927 97.8711002 1.5443189
-42.2583109 100.5940783 1.6288199
-52.2458273 -78.7750212 -7.8835843
-56.7191856 100.8975347 1.1401327
-48.6989913 98.9773452 1.6063995
-40.2422491 100.6847256 0.9744615
-55.9179679 98.3048583 0.9782772
-55.5415107 98.4119189 1.2617242
-57.9449476 96.4673829 0.6809324
-55.5449327 98.8052049 0.8879658
-51.0180510 95.2535179 2.9880108
-56.7915624 101.0875178 1.5055191
-60.5525181 99.4917831 1.2245905
-58.8164864 94.9481370 1.7241791
-59.6740465 96.0987831 1.1739502
-63.7469158 98.7347259 1.8740192
-59.6539766 98.4442498 0.9181108
-58.7020521 96.2151697 2.4463613
-61.5681868 95.3336601 0.8351125
-59.4985157 93.9191939 1.2471639
-59.7547708 98.6046175 3.0221905
-61.0683799 96.7822066 2.9661416
-58.7384943 93.9199248 2.3849621
-61.9477218 94.3163583 1.8423681
-61.5829766 95.1257424 2.5088935
-61.0238130 94.7061370 3.0213762
-58.4910086 95.6889667 2.1567262
-62.2074760 92.8306980 2.0938208
-60.0403739 93.4059792 0.9643742
-63.2139170 94.0198411 1.2921583
-61.3449166 92.3230919 2.5232513
-61.6490608 92.7279765 1.2696683
-63.0950137 94.2834076 1.3502288
-61.9148615 92.0588765 2.2326319
-65.7381975 92.9198202 1.2422177
-64.4090453 92.8577004 0.7751150
-66.3393287 92.9623737 2.2377666
-62.4970452 94.3142718 1.2629872
-64.4882280 93.2226768 0.8902575
-64.9177504 92.3177701 0.8748843
-66.1738104 91.8031271 0.0735075
-65.1325009 92.7837037 1.0571696
-66.4778904 92.5208774 1.3772029
-64.5473938 92.1893080 1.3034470
-65.1937907 90.4682522 0.8626249
-66.8419296 89.8792563 0.7868531
-67.4847636 90.7198041 0.6052094
-71.1396559 90.1693044 1.1985469
-71.7532539 90.4420159 1.1973887
-70.7122720 91.8978851 0.8883706
-69.4463750 92.6516513 0.6128471
-70.4644838 89.8468647 0.7941287
-68.2798373 89.3362987 0.5035322
-69.6592632 91.0982716 0.3511868
-72.4253440 90.2632899 0.8522749
-71.3525670 88.2813152 0.6666504
-71.0855355 90.6782011 -0.3029766
-69.5393795 83.6042200 1.7029352
-62.9068632 75.0446183 -0.2374418
-72.1547277 91.2250620 1.1396290
-74.9522647 89.7512479 1.1070747
-71.9929680 89.5431445 0.6763136
-74.6907764 89.5328320 0.4986677
-74.9087375 89.4608190 0.7518426
-46.9102081 -97.8941623 -3.3676377
-66.0395745 88.5728848 -0.6130853
-76.3174589 89.1770266 3.3243291
-70.7773953 78.4705227 -0.4356836
-78.6865814 86.7892182 0.6233188
-76.3498395 89.4802553 -0.0996174
-75.0356567 82.2374826 -1.5322663
-67.1190930 59.0613695 -1.6602876
-72.8772236 82.3798748 -0.6504732
-75.5397734 78.0727273 0.4004863
-72.9511153 73.1848136 -1.7302175
-74.0580318 82.4332753 -0.6423786
-71.2485534 12.8204873 -2.4842513
-146.1028546 -36.7726712 -38.9824209
27.8079553 -4.7074621 0.9456500
-71.1170004 64.2070811 -5.9193700
-73.1942133 78.6331341 -2.1499296
-51.4504094 -28.1337778 -5.9131959
-79.7834921 75.5704863 -2.0470212
-93.0849052 39.1079688 -8.2355901
-71.2246877 76.3647055 -1.3417621
-78.6677111 74.6750162 -4.2339025
-70.6168963 69.7082400 -1.8680440
-77.8445079 79.7052732 -0.8309043
-77.2119113 79.7729238 -1.7529325
-84.6019654 87.2988505 -0.7248119
-81.3801484 82.7222398 -1.6415878
-74.8733597 75.9599822 -1.5560031
-80.2064186 78.8594914 -0.9916803
-80.5178840 80.0831803 -0.2018019
-79.9834960 79.2033795 -1.4054338
-82.9412314 79.4047489 -1.6222640
-82.7515361 82.7370312 -0.1870390
28.3616902 49.6656436 0.5108056
-81.0038089 76.7779773 -1.3141333
-89.4543118 83.8939899 -3.4133594
-89.1374940 80.6286608 5.4819947
-87.2271698 80.0786957 -0.5486281
-65.1316409 64.1877348 -1.8965748
-92.1838433 79.5614343 0.7379999
-88.4569609 77.6330418 0.1482741
-91.2391687 79.3757384 -1.7312000
-87.4522348 78.2458700 -0.0975175
-86.0853065 74.5804772 -4.1039274
-97.9508626 79.2727173 -4.4588968
-90.7776683 78.6412803 -2.3589286
-91.2456001 76.5237162 -2.1778635
-95.6087994 80.5420216 -1.3964188
-89.4933592 76.4366384 -2.4276257
-94.2396491 75.7579051 -2.0196140
-91.4061582 80.2347807 -2.0212873
-94.0111168 72.9353184 -1.7068131
-83.2177204 76.0428928 -2.1328144
-97.7975913 79.4380073 -1.7008253
-100.6198358 106.7455588 -6.6715404
-21.7077930 -135.6313258 -0.5362065
15.7968198 47.3883894 5.3207862
9.2254876 122.3308973 -4.0175355
-10.0566766 -96.8773405 14.2997807
18.8002095 50.5343304 -4.0875418
61.2019497 45.0961483 2.8753698
79.9373723 59.4745002 4.3453756
45.3135114 19.9269765 1.1993228
59.4587663 -79.1121571 -0.6255505
-86.2594492 36.4113946 1.5231926
80.4629672 -113.5424577 -1.9052674
31.5848427 -0.1442214 -0.6831107
-87.0162465 64.7735327 -2.9793041
-87.2892419 62.0204578 -2.8228418
87.3427356 87.5446268 -29.0638286
-90.7836676 43.5253197 -1.6237342
55.1344366 90.4658762 27.4909927
-84.5260156 64.3903668 -1.9801334
-86.4497997 63.1653072 -1.4575479
-83.7285979 55.7319359 -5.4299070
-85.3370433 66.8007248 -2.3319260
-79.6676669 65.3716124 -2.2135476
-85.2730558 61.8669031 -2.3222082
-84.3801137 60.7326672 -3.7688861
-45.7281919 38.8055360 -8.2882155
-83.1251765 61.4475144 -3.0388314
-15.4732046 -75.5260797 -3.2795277
-87.0340753 56.1370842 -2.8573828
-85.8322615 58.2578528 -2.3690668
-86.1806729 59.2329940 -1.8721301
46.9415479 73.9816724 1.8542877
-90.2867063 53.1441281 -2.0108989
-87.4241380 58.7279630 -2.6539423
-48.4541422 64.0512433 1.5890066
-86.8236542 55.7746857 -3.1846017
-85.4962885 54.9998469 -4.9300571
-83.3266816 55.3840864 -2.5843200
-84.6533641 54.8859599 -3.4524374
-81.1012703 56.8812884 -2.9069013
-81.6394768 53.9483707 -2.7341371
-82.9000815 55.5834500 -4.4037344
-83.6959312 50.0433661 -4.7785955
-82.3352743 53.8454759 -2.3165503
-84.8560645 49.7191400 -3.7429084
-82.7367481 52.7747830 -4.3284464
-83.4180509 51.3775808 -3.6645991
-80.5092097 45.6161506 -2.6235665
-70.7833619 63.3617488 -2.5486744
-82.4584663 48.3732835 -2.7091203
69.5450613 36.6836796 1.2476788
18.1396995 58.6607642 0.8801128
32.5680526 57.5127830 1.7007087
-81.0141887 61.1775648 -2.6418404
-80.6946622 56.0008737 -3.7318308
-87.5136873 49.9337746 -4.2501342
-81.3568258 53.5904375 -1.9321163
-88.7035209 47.4654638 -1.1155154
-83.1550474 50.7829761 -2.9232875
-88.1173047 53.6383992 -2.9651980
-85.0832540 45.7730011 -2.8687682
-79.6752136 50.0932234 -4.3457167
-80.9423213 43.5658901 -3.5211881
-80.9596902 45.7536131 -2.8751937
-78.5051088 45.1983948 -5.3285136
-81.2975321 44.4971477 -3.5540661
-81.3358005 44.5788241 -4.0073773
-82.6315294 52.5124526 -5.7671506
-82.1149615 46.6642537 -3.4526068
-83.3387337 47.5455950 -2.1270449
-60.3673631 37.0789618 -5.0284269
-79.3237680 40.0961004 -5.8821588
-77.2142855 40.2781199 -4.1158959
-76.1706981 27.5010221 -3.4801486
-56.8274065 8.3088292 -0.4177485
-76.6873542 36.3142669 -3.6577726
-61.9159590 36.1109315 19.6794191
-69.2532775 27.8914084 -5.9723714
-72.6343500 25.7600103 -1.6996488
-59.6346784 38.5965993 6.3285476
-68.7629082 24.9877542 -3.2624516
-71.3465566 23.1592681 -3.6938583
-63.5545330 30.9021166 -4.9764859
-64.6535818 23.6295552 -0.1011254
-61.8348286 32.8513720 -1.6944676
-104.2783231 -2.2942967 32.5838502
-71.8004435 16.3087413 -6.8410254
-63.6353132 28.5214488 -7.7579377
-70.2268107 26.1649418 -0.3839638
-58.1849555 30.8801317 -3.6897743
-64.8865749 21.5310687 -4.6610644
-71.5462884 17.9447692 -5.7230167
-64.2580956 19.3038012 -10.9982792
-73.0869250 22.5270868 -2.4783079
-64.6275078 25.4332134 -9.6957918
-65.3209907 21.9991680 -5.0354736
-58.1653384 27.1381542 -4.8965946
-62.1661770 21.8081632 -5.3694561
-73.4104299 16.6204826 8.7635896
-64.9229450 21.2928908 2.3178531
-67.9883512 21.3524966 1.1892358
-59.1484799 21.3521684 1.1533598
-69.0181656 16.9184401 -2.2175178
-63.6519286 14.9023671 -3.2052198
-59.6421988 16.5705214 -4.2256891
-77.7314142 10.4735549 -2.1743830
-57.0010794 16.2684365 -4.7753184
-56.2494785 16.1978352 -5.9899181
-65.1122755 12.2845458 -6.1312563
-64.2717557 14.6273615 -4.5763957
-60.2977596 12.9973651 -4.3104738
-66.3027835 9.9303989 -4.7631131
-60.3838672 10.7588033 -5.1139532
-63.5232316 9.1103236 -4.3004769
-60.1004073 11.8240276 -4.8722243
-63.3408046 6.8246263 -3.5960428
-63.2088007 9.3077321 -3.8343533
-61.9127564 8.2269410 -4.9915754
-58.6368235 7.2983363 -5.4669778
-64.3313102 6.2408172 0.4047237
-64.1539114 4.0564516 -3.2042089
-56.4052976 3.3895664 -8.3317238
-61.3827142 3.1950731 -5.5172702
-58.7768336 2.7038820 -4.2264443
-55.0342911 5.6297073 -5.0854820
-54.9429524 1.3820268 -5.0486375
-60.4693980 1.8565340 -5.2306274
-58.8013654 3.6962612 -4.4701603
-56.4993248 1.7408678 -7.9272141
-52.2624271 1.5813392 -3.3973104
-54.8319510 0.4481614 -3.8468171
-56.1229542 -0.0680176 -2.6989921
-60.5551953 -1.9998295 -8.4939261
-52.5934973 -0.8381807 -3.8369889
-47.7190788 -0.5255643 -2.4441571
-53.2363856 -4.6393372 -8.4465905
-54.0759181 -4.3476150 -5.2909964
-51.0074772 -3.7233518 -5.5000116
-54.5883929 -6.3520854 -5.5940508
-56.0463910 -7.8520169 -5.0111575
-54.7776913 -7.8494929 -5.9763215
-54.1810841 -7.0001456 -2.8577793
-50.8471505 -7.9355054 -5.5677264
-55.1252039 -9.3757029 -4.3496725
-48.8276412 -6.6786463 -1.9601383
-56.4993588 -11.2776773 -3.8409698
-51.7043983 -9.7902377 -3.1930724
-53.8890472 -12.4899571 -4.9103689
-51.8062583 -15.4310376 -4.8594604
-53.9303945 -12.9842123 -4.0725937
-55.5323265 -15.1386764 -6.1782398
-51.6280930 -13.0948931 -4.9518747
-53.0056169 -15.0484229 -5.2527940
-50.9957257 -16.0726038 -2.3336848
-52.1066139 -15.5466939 -4.2693942
-45.7482685 -15.2182557 -3.7915216
-46.0155658 -17.3160036 -2.6921894
-55.0046213 -20.5970781 -4.2607307
-50.6717263 -20.8148184 -1.9597688
-51.0796591 -20.9383857 -4.6037916
-48.0875917 -19.6698333 -3.9131967
-49.6593544 -21.1991965 -4.4268661
-49.5520150 -22.9836499 -5.4111923
-44.1570209 -21.2692409 -3.9673935
-48.0867697 -23.4746966 -4.6314158
-44.2453636 -25.8760383 -7.8117748
-44.1229577 -25.1213586 -4.4236441
-42.8893058 -26.7150371 -6.8874427
-48.4494138 -28.3926679 -4.8873613
-48.5330916 -30.1480336 -5.7532957
-42.2540654 -27.7201531 -6.0750658
-49.5642420 -31.0179682 -4.9405395
-45.4172556 -30.0987094 -4.4149852
-46.2570515 -31.4005653 -5.4469509
-47.4555843 -30.7195658 -4.5363770
-46.1770632 -32.4348086 -5.5153197
-44.9255935 -31.5507312 -5.2014644
-47.4923150 -33.5534654 -4.8427575
-38.9799156 -32.1695197 -4.4654496
-45.3609527 -34.9338393 -7.1832868
-43.9120393 -35.6279550 -4.2514516
-40.7821081 -34.1706434 -3.4228387
-41.2834820 -36.3868983 -4.1873190
-43.0233037 -37.7806733 -4.9065887
-40.2897337 -35.2845650 -5.7452094
-44.2309865 -39.1104958 -5.0596496
-42.7849415 -37.6976998 -6.2077893
-42.9680807 -38.9508960 -5.4745460
-40.2466797 -40.8259785 -3.0792968
-40.8838689 -41.5547258 -3.8832208
-39.4873058 -40.0917940 -4.1573828
-41.0127324 -44.2476561 -5.5799493
-40.8646899 -43.4735884 -5.1084335
-41.2079401 -44.9170199 -5.2176818
-40.8413116 -43.3323660 -5.6903913
-40.3008035 -43.8484484 -3.3223126
-40.4202234 -45.4065437 -3.5093101
-41.2857828 -44.1770322 -4.8422680
-39.9506992 -46.4668352 -4.3454525
-38.0647150 -46.0301080 -2.7894915
-39.4610982 -48.5693166 -4.4184541
-40.8741984 -47.2882879 -4.4496484
-40.3728166 -49.5418773 -5.8797311
-39.3325294 -51.8456990 -4.2843894
-36.9875411 -52.4290347 -4.9254220
-37.3636349 -51.7618381 -3.9093519
-39.2623885 -51.9091593 -4.1841913
-39.3602513 -54.2675697 -4.9665914
-34.9690408 -52.8167755 -4.1969246
-38.7976114 -54.1183243 -3.9897624
-37.1824430 -55.1375023 -2.7661433
-39.6248820 -56.6495821 -4.1342267
-37.1681032 -57.1130093 -4.3864559
-40.0455311 -57.9650660 -4.6367578
-33.0369335 -54.1140165 -3.9785952
-35.3237406 -55.9254457 -4.6186577
-38.3064554 -56.5825044 -4.1537149
-39.7863443 -58.7303531 -4.4471101
-39.6660070 -59.5203437 -3.3227852
-34.8879729 -57.6366787 -2.9516118
-36.1329662 -59.9054654 -3.1039930
-36.7391754 -59.7087724 -5.4725192
-37.5761173 -60.5906985 -4.8215070
-38.3913691 -59.2598704 -5.0178319
-35.4506893 -61.0901821 -1.9726654
-33.4976918 -62.1024017 -4.6096707
-33.6227664 -61.2379430 -5.1767756
-34.9675229 -62.7965600 -5.6781999
-33.7984925 -64.1974971 -5.4980715
-36.9205318 -65.6353533 -4.6789063
-37.3981741 -63.6418758 -3.7966325
-33.0929933 -66.7549966 -4.4788146
-34.3657257 -66.4956534 -4.1294833
-34.6435332 -66.4961348 -5.4499694
-33.7180875 -67.3077046 -3.5304712
-34.3026590 -68.0131607 -5.4641073
-33.2088401 -67.6809260 -4.2761150
-35.2073860 -69.3941998 -3.6244970
-34.6456685 -70.1722089 -3.6323685
-33.7072075 -68.1940930 -4.9489457
-35.1103468 -70.6906032 -3.1480215
-33.1172204 -71.2208854 -6.0966999
-32.6268750 -71.1135413 -4.0779360
-31.1139982 -71.4966545 -5.5964087
-34.7464678 -73.0608395 -6.6001858
-33.3000774 -73.3633359 -5.0001524
-33.3901244 -75.4908188 -4.9134161
-32.4769608 -75.0119311 -1.4986508
-32.4797669 -74.5759365 -2.9798167
-31.9179128 -76.3964644 -4.4141407
-32.3947099 -77.9192060 -4.0367828
-33.1346418 -78.0940840 -3.6984566
-32.1941474 -77.4524626 -3.8638678
-32.7038430 -77.7125402 -3.2254228
-34.1835033 -78.7968027 -2.9101688
-32.0715408 -78.2339659 -3.0250374
-33.8182399 -79.0040230 -2.6530116
-32.7433804 -77.3928809 -3.4186131
-33.8791569 -80.4112411 -4.2499388
-33.2803868 -81.2694807 -2.6906085
-34.2325151 -80.8499943 -2.8701648
-32.7025207 -81.1260302 -3.1682876
-32.2081424 -80.4846506 -3.4614426
-33.9237547 -81.6201865 -3.9373146
-34.7213341 -80.8706206 -3.7047583
-35.7895340 -83.2526133 -4.6415866
-36.3468604 -83.4250350 -4.0788968
-35.8784052 -86.2717605 -4.3990667
-34.8455162 -85.4000903 -2.7277803
-33.7844124 -86.1052400 -3.5998507
-34.4235770 -89.0932993 -2.5138691
-35.1204707 -84.7585927 -3.8227595
-47.3384434 -83.2065034 -3.1130011
-35.5117910 -84.1105089 -4.0242486
-32.1626001 -87.6223019 -4.2439227
-35.5307809 -87.6120712 -1.9547763
-35.2702600 -90.2911143 -3.1105607
-34.0411370 -90.6133127 -2.3635840
-38.9916408 -89.7218756 -1.7532285
-35.0492114 -90.0720837 -4.8258809
-34.8888870 -90.3279807 -2.4779202
-39.9083890 -90.7849286 -3.0352188
-35.3946831 -91.4032674 -0.9869036
-36.5795482 -92.1019451 -1.9725879
-38.9433698 -93.6070500 -3.2139310
-34.2212078 -95.7649725 -2.0208304
-44.0318862 -94.2339978 -2.4049638
-41.7427390 -94.6819221 -2.4684788
-44.9484107 -93.1214040 -1.3650946
-49.3952083 -88.9885938 -5.3626182
-38.1496770 -94.3016512 -3.0409967
-38.2278193 -94.0490136 -2.8793065
-34.7685155 -95.7838623 -2.8677546
-40.0269936 -97.9689871 -3.4866507
-36.4289025 -96.6314888 -2.1793275
-39.4714445 -95.7325437 -3.6708059
-38.1410744 -97.1369202 -2.3194645
-36.2739829 -99.0054451 -0.2632624
-38.0632106 -99.4176080 -3.3403398
-39.0497293 -99.0408984 -2.6809260
-38.6903004 -99.4421571 -2.5408151
-40.1798318 -99.6738510 -4.5311781
-37.6629769 -98.8558826 -4.5918677
-41.3684719 -100.5875318 -2.3045317
-40.0902031 -98.5341293 -1.6417206
-42.4535115 -101.5761835 -2.9029086
-38.9518276 -101.4352031 -1.3385139
-39.0540800 -101.1555244 0.9220910
-38.0702709 -102.3465085 -0.8599145
-31.9943715 -100.5753113 -2.2818342
-40.2694071 -100.4770382 -2.4152782
-40.2274169 -101.5370991 -3.2312927
-37.0487519 -101.8229806 -0.7283275
-37.4430046 -102.1071838 -0.6832497
-35.9417851 -100.7277762 -3.2342415
-35.5017290 -102.5419919 -1.3067521
-36.8117200 -101.9560231 -2.1465166
-40.4389958 -103.1504947 -1.7636415
-37.4992863 -102.3711729 -1.1387439
-35.3387619 -103.4518613 -3.0635502
-31.6945181 -105.8644707 -0.4333299
-38.2088747 -101.4312714 -1.2958506
-26.3391300 -106.5474652 -0.4350995
-36.2765397 -101.4767618 -1.4006462
-59.8029654 -215.8352736 6.1466194
-36.2567110 -100.1179060 -0.0002008
-140.2560945 -147.6095687 -37.3655068
-38.9411106 -103.6763047 -2.1148223
-41.9135869 -102.8108883 -4.9367289
-36.8794391 -103.7571677 0.5670528
-34.6938886 -104.0596435 -1.8118533
-35.0651343 -104.9791464 -1.3401020
-14.1626862 -100.2829767 0.0493709
-45.4570773 -94.8786657 -2.1628752
-32.8740995 -107.7605530 -0.4723862
-41.4838819 -98.4691362 -0.3993519
-29.6292884 -109.7751077 -2.5779450
-11.8235762 -103.0083600 1.0659597
-43.1764750 -107.9342569 -1.8746202
-33.2637290 -105.2502348 -3.9024589
-34.1422809 -106.4816352 -4.0452769
-36.0659124 -107.3360682 -2.2851332
-36.2445960 -109.1562790 -0.4269367
-24.2994960 -107.2012412 -2.3265854
-35.9211838 -109.1747009 -2.0394613
-37.2772714 -109.8582537 -3.5861969
-36.0653533 -109.9918450 -1.9762345
-38.6212615 -111.2920830 -1.3148331
-33.5568612 -110.6700681 -1.8168719
-32.6297404 -109.5512469 -1.3132268
-31.3995975 -110.8006473 -3.1647791
-32.6836185 -112.0866423 -1.8671836
-32.4688059 -112.1943323 -2.7300304
-28.8361563 -110.3650199 -2.2475013
-30.8966855 -112.0838168 -2.3750094
-30.9437478 -113.0292975 -2.3675243
-30.0519411 -111.7701252 -1.4260512
-29.1730909 -111.5906807 -1.6999281
-32.2136936 -113.1154844 -2.3374547
-29.2353338 -114.1396154 -2.9552746
-30.4040264 -113.5427441 -2.3595060
-30.7880853 -115.0481677 -1.5494477
-28.0325250 -113.8668201 -2.3615539
-30.2004071 -116.1620179 -2.1970586
-26.6860619 -111.7515231 -2.0842108
-28.7074671 -115.7888940 -1.8909704
-27.6083681 -115.9645376 -2.3385504
-30.0203502 -120.9910256 -2.9082436
-26.1850659 -115.0182414 -1.5380167
-24.8317472 -112.8373601 -2.1110014
-24.8994770 -113.0767648 -1.6485548
-23.4621591 -112.8968905 -2.2160370
-20.0132468 -114.3320766 -1.6610589
-22.2354682 -113.9709509 -1.8242460
-22.7504987 -114.5713221 -0.9888100
-18.5151807 -115.0977002 -2.5625793
-12.6202988 -119.6106330 -1.4306334
-16.1577517 -115.0891722 -0.5858423
-12.7961974 -116.9854319 -1.9394352
-14.1432795 -117.2967388 -1.1044769
-16.1951363 -116.6567751 -1.7633369
-15.2209097 -116.2210147 -3.0454905
-16.5230377 -114.0673605 -2.2508853
-7.4421731 -118.2357035 -1.3487828
-13.9489402 -116.4425376 -1.8087493
-5.3396662 -116.5391200 -1.8549978
-1.5835001 -116.2303577 -1.4181002
13.4619397 -114.2474807 -1.0837681
0.5651262 -101.5059035 0.9486162
-14.9756738 -120.2357065 -5.7926090
-7.5776228 -111.0190846 -1.6714909
22.6674278 -128.1028188 -1.3466124
-11.4684756 -115.4502091 3.7423146
-15.7193712 -117.5714495 -2.2686010
-7.1007209 -116.3206255 -0.9939816
-13.9905886 -117.9558255 -1.8482995
-7.9891349 -116.3710898 -1.6247000
-6.7953066 -121.3581675 -0.9311948
-15.2531243 -113.9017821 -0.6946006
-2.9081771 -122.2817896 0.1926381
-11.8729668 -122.5221071 -0.6137389
-10.4711030 -114.0502598 -1.0619512
-7.3941976 -124.1343214 -0.5598790
-11.4397138 -112.7123681 -1.2653459
-15.2075612 -113.9844311 -2.4198946
-5.3773489 -116.0992432 -1.5378212
-6.4368712 -115.9440204 -1.0055696
18.8856052 -114.9182132 -2.0756778
-11.0999458 -115.1964625 -1.6976629
-0.9167525 -117.9108318 -0.8468631
-13.0232358 -114.6848298 -3.3205245
-9.1482074 -116.1181981 -1.4247841
-7.6911644 -116.4593805 -2.1787613
-2.9892986 -116.6540255 -2.7081865
-8.7730160 -116.2726478 -1.3446859
-6.2524319 -115.1801710 -0.4347617
-5.7808513 -115.3167761 -1.0804869
-7.9902545 -117.8727345 -1.3377682
-3.7979444 -115.4344652 -1.5063049
-3.2068695 -119.1538539 -1.3484393
5.6163250 -103.7040666 -0.5585041
20.0125771 -131.8868797 0.1434766
8.6898278 -115.9150829 -0.5569645
-0.3353213 -115.3587695 -0.8514424
3.4854178 -115.2501102 -1.6614883
5.7035050 -114.7172360 0.1524920
-1.7349265 -117.4206964 2.9296008
5.5248925 -115.6864057 -0.4802978
7.7365285 -117.1009258 -0.8431046
2.1982061 -115.3513402 -0.5986957
6.2735034 -116.0325966 -0.9030342
-2.9688550 -116.7744302 -1.8754882
11.4782668 -110.8492687 -0.5321923
5.1964684 -136.7405861 -9.5883059
0.8626969 -98.1767734 -1.9003543
-6.4482517 -131.8596835 -4.6956866
40.5216651 -4.8678360 -1.5613672
8.2396481 -106.7254403 -4.7071256
7.6701707 -115.3904617 -0.5583811
7.7831825 -116.2190417 -0.1145276
9.0135272 -115.0517826 -1.4855659
7.3692626 -114.8974235 -1.5259433
22.8195623 -109.9277423 -0.5584231
4.7900811 -117.2581959 -0.9902711
18.4959319 -115.2272441 -1.4215556
10.0806971 -114.7140940 -1.5670016
-6.2965460 -116.1896791 -1.6001900
6.7227563 -117.0677125 0.0306295
20.3432370 -100.1988794 -0.2996144
32.2752672 -116.8547500 6.2889065
19.3893278 -114.4104028 -1.0648788
19.3074147 -114.6760831 -0.0856092
21.3093170 -114.4115983 -0.4012783
0.1445624 -120.3273054 -1.7844533
23.3882888 -113.9096450 0.2075779
23.7423429 -115.1865208 1.1205590
19.6296839 -113.5536716 -0.5061471
32.9448106 -112.2976393 4.5393744
25.8742437 -113.6820336 -0.1803096
16.3457314 -55.5889908 10.0747562
31.0345158 -98.5049862 0.1445243
25.0819034 -111.3147530 0.5765658
5.4587740 -73.5619039 1.0357499
32.9626492 -110.3452858 -0.5214222
24.6888552 -112.0274271 0.0916128
32.0417740 -113.3281015 0.1197591
29.2226108 -114.5138439 -1.5523893
32.8503670 -112.2051941 -2.3786478
33.8361812 -113.5202469 0.9428981
35.6267601 -112.9468120 0.4225941
38.2228639 -111.4511869 -0.4644772
32.1309795 -112.2541608 0.6724786
29.2047791 -111.9332231 0.4575339
32.4797051 -112.3063545 -1.4329307
31.6514475 -114.4031212 3.6307247
36.9116303 -112.0126679 0.8937253
35.2891969 -111.5792560 -0.4492966
42.9702887 -111.0209723 1.3828438
39.3555773 -112.3330047 0.7480676
42.4797558 -110.5237461 2.2655444
40.8028286 -111.1905789 0.8988871
41.7539974 -110.5861419 0.1077285
43.6890291 -110.8691211 0.9313429
42.3134988 -110.3256114 0.4276872
39.9212401 -109.6892124 -0.1755569
42.1866475 -109.9953532 -0.0419112
38.3117135 -111.0417539 0.0409242
43.8108848 -110.6555852 1.5478400
44.1814378 -110.7905500 0.3922297
45.3767375 -110.7768692 0.5465243
46.2712427 -110.0276842 0.6876985
47.4255641 -109.8845770 0.7117725
48.1614966 -109.2699576 0.0635083
49.1186806 -109.8560904 0.4157940
47.8066949 -111.1963017 0.4882768
49.3198719 -107.8332900 0.9344966
48.2898367 -109.9292928 0.7148967
48.5624912 -109.5083860 -0.2066173
49.0530323 -109.4080063 1.0101682
50.9768537 -109.4378002 1.1154562
53.8107409 -108.4132998 1.4727440
52.2019379 -109.3992561 1.2878610
50.2943119 -110.2914158 0.9703340
51.6386227 -109.2910129 1.2935403
51.9116447 -110.4984664 2.0382430
44.4544180 -111.0904087 0.6632115
51.4285990 -109.7544000 -0.6890485
54.8746209 -108.5602062 1.3054280
54.0294325 -108.7337348 1.8641681
48.6692171 -115.1018002 2.9470778
53.5990369 -108.6171905 1.4902599
51.3745818 -108.3215041 0.7649256
51.2476275 -108.9438486 3.5698174
55.8700907 -110.5222604 0.2250402
54.2292402 -110.0894265 -0.3312244
56.2863299 -110.4496822 0.3791816
58.5967005 -110.0158974 2.1948378
56.5103611 -109.0341082 1.6893806
58.4940745 -108.6139152 2.2069639
56.1118033 -109.6935457 2.8412991
57.5734441 -109.2949417 1.7925728
58.7709311 -106.7661994 2.8808004
58.0739009 -107.4836461 1.8650082
57.0876585 -110.7964610 2.3856429
56.7868218 -108.8230935 2.2434846
58.4913342 -108.4169380 1.9003861
56.7920036 -109.1343279 1.8304045
61.6276192 -108.0651001 3.0038733
60.2074747 -110.7526316 1.1666144
63.0469873 -108.6501398 1.9522766
62.8329540 -108.0533438 2.4399745
62.7132457 -107.7458853 3.0621341
62.0228302 -107.7356348 2.8385651
61.8493479 -104.9929783 1.6379546
61.7591170 -108.0557230 3.5066384
62.1771626 -107.2323989 2.3923710
63.4923506 -106.9170994 2.4691495
61.7450757 -107.4387135 2.1128027
63.9388989 -106.6388582 1.7468872
61.7473157 -107.4748768 2.5526376
62.4371337 -107.6014316 2.2097056
64.5300495 -106.0809309 3.0269452
63.1246420 -108.1405484 2.2806634
64.8780528 -107.3929158 2.3899635
63.3959008 -107.3469856 2.4744538
64.6988722 -108.1925610 2.5090195
64.2509521 -107.5227846 2.0085144
62.8487425 -106.3974081 2.4470840
64.9479419 -107.9948042 2.7697976
65.4944850 -106.4108066 2.3186796
64.7689891 -106.3133883 1.9591852
65.9523540 -106.0399669 2.2219755
67.7734425 -106.7081024 3.4958190
66.1521671 -106.1138987 2.7822927
69.0422999 -107.6872073 2.4615223
67.8526826 -106.3608725 1.6230280
65.7394791 -106.3906161 3.5503577
68.4916415 -106.4316549 2.9712523
66.5528071 -104.7692959 2.7943057
68.2923320 -105.1162488 2.8258442
70.0032933 -106.0789063 3.4281935
70.1951490 -105.8502618 3.8693951
69.2293871 -106.0519239 4.5316504
70.8623703 -107.4496504 0.9490562
71.4671543 -106.5618515 3.2937412
70.3503663 -101.3048516 1.9783085
70.0315615 -106.4327967 3.4107916
73.8942776 -105.9555552 4.8692330
74.7434162 -106.4897657 3.3053874
74.9451481 -105.6411103 4.2719810
70.1695746 -101.1176539 3.0830793
75.1769894 -105.4750492 3.4959779
77.1431560 -105.0000286 2.6703992
78.0686875 -106.9189762 2.1138957
75.2012490 -99.1315684 4.9457326
78.1335101 -102.7991523 2.0508327
76.3690014 -101.7139275 4.5469920
80.4418564 -109.0301968 7.8511133
77.7322839 -102.6718408 5.1003409
83.9219493 -111.3710991 3.9337809
76.8794380 -99.0864218 2.0889805
79.7522976 -100.9978880 3.9233618
77.3976105 -99.2657467 4.0405229
78.6959474 -100.3457889 5.6127502
79.9530112 -100.3696789 6.6604004
81.1940897 -101.9749862 3.4790335
78.2561366 -100.4798778 3.4662028
80.4343916 -100.8322499 6.7101651
79.5764948 -100.1483854 4.4564888
81.4425122 -99.7662082 4.2898941
78.0392486 -98.8418546 3.7495134
80.1842491 -99.4160981 4.0436858
72.1423036 -92.7022680 4.5359489
78.7899004 -98.1063234 3.7244980
76.8249657 -98.4532286 4.0741966
81.1909591 -98.6365985 3.9210673
73.2359017 -91.2613433 3.7763689
81.8256571 -100.6392161 6.7398018
76.4750357 -93.0895596 0.2326315
3.5113812 -108.5801683 -5.2868191
52.1813645 -113.2135258 0.3346327
81.4937995 -96.5690817 -1.6113161
77.2821857 -104.8725246 3.5966822
64.2647090 -115.7103861 4.6513403
67.4016139 -110.4794199 1.2244786
77.9181600 -102.1870198 4.3686152
80.1743957 -98.2753699 7.0785288
79.0529167 -96.8700362 7.2718297
84.3766589 -97.2758876 2.8980392
74.2936195 -94.8461713 4.4418126
77.0008407 -97.3149466 4.9033800
78.0474071 -96.4399990 3.5160889
82.2827012 -93.4521583 -3.3988572
81.2831840 -96.6451205 6.8736244
77.5155667 -92.3491318 -8.8201202
53.1735280 26.7090262 -1.7439729
45.2563214 -88.1653764 0.4937835
63.1198508 65.3478949 -1.8391516
67.0036379 -97.8109611 5.0744229
6.8178179 -25.6650114 42.5084844
81.9293036 -95.7623997 9.7468925
64.4743534 -99.8763033 4.6477019
71.7440860 -94.1739158 5.0769274
72.8899118 -88.2752496 1.6374686
82.1432772 -86.9948859 0.4094144
83.2317734 -86.7650208 4.9068657
55.8347823 -90.7026861 -0.2373284
73.8395074 -88.6452028 1.6592539
81.2979903 -85.9634101 3.1126124
76.6280913 -83.6013613 1.3106372
75.9971853 -86.7234349 5.3747287
82.6229459 -84.4959247 1.2574243
81.5004633 -78.3929980 7.2643967
74.9630741 -83.1181650 1.2782695
71.1789821 -86.9623544 7.0787594
73.9490395 -84.3818479 3.0330006
75.3902893 -84.3876101 2.5285736
79.3360599 -84.3380820 2.2082311
73.8606025 -82.4682118 2.4543273
74.3840848 -78.4288263 2.8358014
74.1897065 -84.4351019 6.3841297
67.8205705 -75.8400098 2.1455507
71.0436434 -78.9876073 0.9282523
71.5888959 -82.4248679 3.1876466
66.9702160 -86.0357466 6.1027164
69.3850369 -77.6903213 2.8632433
69.7140392 -81.1981365 2.1350923
70.1090772 -74.2787619 3.9635012
73.6283443 -80.1767136 5.3190792
72.0853160 -78.3843784 2.5021685
73.0665898 -79.5366167 2.4382447
73.6983119 -74.8344587 1.3185101
77.9457306 -79.0892223 8.2839791
73.4201355 -80.2212889 2.1350157
67.1389499 -74.6842299 3.1513613
74.1219722 -78.7372487 1.8844023
63.8167228 -75.3587286 5.1226579
68.6362630 -76.0152999 3.6422577
73.3635855 -76.4108904 3.5832590
72.4177445 -76.2013927 1.8026276
68.0873846 -76.7187460 3.1287264
69.7340080 -76.3433812 3.0647610
68.7407965 -69.2847752 12.3794811
69.2689602 -73.3303804 1.9487086
71.2247291 -77.3640913 2.4202405
70.1596962 -73.8487764 2.5870978
66.6143846 -78.3639426 2.4383221
73.2999780 -75.9013844 2.9861790
69.3489346 -77.2708627 0.3598910
67.6597070 -78.3982041 2.8967044
67.7929425 -78.7865048 4.2432177
69.7090728 -74.7597131 2.6291076
71.3143577 -75.4741443 2.6984110
67.0446921 -78.5890158 7.4087656
69.7871680 -75.2936499 2.6715586
68.2533615 -75.0094689 4.9657469
70.1315327 -73.9158352 3.9053504
68.9829962 -70.1716916 2.3787151
69.2016394 -72.1593075 -3.2346172
67.0565549 -76.2695309 2.3129697
67.2474714 -75.6556137 2.7303437
65.5499902 -73.3367034 2.6687353
72.6269001 -68.0222372 2.0180916
65.9277134 -70.3445667 -0.7807016
65.8522894 -72.4178680 2.4865123
67.3947647 -72.3217239 2.7696138
65.4449056 -74.6774301 3.5756336
64.7371184 -75.2077964 3.0457143
68.0869071 -73.3618407 3.3769199
70.1462398 -74.5498417 2.7926330
71.2041908 -76.0973406 2.5912892
66.0955734 -70.8334283 1.3479593
67.6410456 -71.8418119 3.1380193
66.5761877 -73.4990406 7.3393443
63.1813578 -64.6766421 3.5788571
57.3914539 -72.7701410 2.8008918
69.4571723 -68.2874842 2.7214779
71.9123068 -71.9482159 3.4287157
68.4949649 -69.9929931 1.6256605
63.5120117 -72.2470066 2.9189687
74.9111802 -65.9479130 2.1043240
65.3870565 -67.9752237 1.7624513
63.3749637 -71.2631242 0.2994700
62.0787052 -70.8330024 1.5858729
65.5009896 -69.4385865 3.3945089
65.8052031 -69.3268406 5.6809301
58.6285556 -70.9837928 0.5598802
61.3188348 -66.8944629 2.6651755
60.2400799 -62.9562587 4.4642912
63.5672546 -66.2949980 0.8658384
65.8581422 -65.3193683 9.4282493
71.8098074 -77.0433847 2.7885605
69.4602405 -66.9909193 5.5609193
62.2910298 -70.0047867 2.9662314
66.5442539 -68.3146578 1.8623515
68.4605973 -66.9171743 5.1562558
56.6216934 -70.8241770 7.7049602
74.5463703 -62.1793201 3.2853602
61.1555937 -60.1755145 11.2179900
59.5312373 -62.7843084 5.7420527
69.1921769 -61.0968425 1.4352039
63.5844332 -64.1076313 1.7334678
65.3911174 -66.2038968 2.6277155
69.4260885 -60.6071020 3.4503372
47.4853966 -68.5289450 8.1245952
72.1447506 -69.1407189 6.1118265
60.3231445 -37.3962771 1.1805354
73.1431857 -57.8901237 8.2269235
59.9578215 -56.9135758 4.2507660
68.6090955 -66.0569785 8.8676164
57.3108097 -66.1223739 -0.3907868
57.2453220 -61.3326454 2.8351495
72.3531728 -46.7923429 -2.4758054
73.5711037 -35.5153158 4.7583579
65.2841094 -47.2602748 -0.0033281
60.8930885 -58.1019698 2.3018923
67.0613815 -56.3333495 4.7026298
60.0820402 -62.1863087 4.1365185
63.1372419 -56.1698141 5.2137271
76.6421689 -52.3818386 3.0146916
63.4111113 -57.9756040 1.5672342
56.1503234 -58.2032262 1.5779392
58.2686072 -61.3581078 4.9562257
51.8655069 -56.2673328 0.6437844
63.3167644 -56.1062957 1.8029142
59.2243590 -60.0247977 0.8880349
63.6324376 -54.8528390 2.8916362
62.5965494 -59.3932333 2.5278210
66.7445291 -52.8586231 2.3153045
56.2110026 -58.1146891 3.5868353
61.1637976 -58.0258535 4.0908195
60.3565033 -59.0295342 4.1315993
61.0511145 -54.0896352 3.2911332
65.4188800 -53.6190333 1.6934943
61.5917342 -54.1939896 3.0805992
68.7244278 -54.4300805 1.2880652
63.3383992 -55.4386191 0.8436228
60.0792025 -55.8257328 1.4253111
62.3986981 -56.5119676 1.7055060
63.7345390 -54.9313040 1.4965133
61.3873361 -52.8827645 0.8305502
61.7281580 -52.4622255 1.0616302
66.0006061 -61.5438504 1.6747417
61.2368958 -51.5404357 1.8742442
65.9596672 -48.7544106 1.0940133
52.7744657 -56.7011749 2.8730432
53.7011697 -52.1191253 2.3651033
60.5272378 -49.5126630 0.5063338
56.5159378 -54.7511092 0.8799985
56.3873995 -50.9771082 1.3626918
52.6301607 -50.5535187 1.7596919
55.6796435 -44.8120063 1.8922182
59.1799700 -46.1667110 1.1642831
55.5832950 -46.3544475 1.3503940
55.6434196 -47.2384663 3.0828738
58.5347750 -43.9914775 1.1608662
53.9999621 -44.1599863 1.9765097
55.9094457 -48.8361045 1.8908515
55.5677710 -42.1527525 1.8111250
52.6167718 -43.5307255 1.8261136
54.6505017 -40.5837251 1.4298547
61.1022912 -39.8033352 -0.5828050
53.7151921 -39.7961531 1.5534276
52.5976391 -41.2658063 1.3654381
51.3113291 -41.6970905 0.9354369
59.0005079 -40.7697593 2.8794392
52.3514657 -41.3458383 1.1572938
51.3332590 -37.7293514 1.6486239
55.8892297 -27.2315351 0.9167889
47.5170649 -39.4359961 1.7631082
60.2773949 -35.3755336 0.0059065
55.4098393 -34.6061176 0.8570982
54.2887167 -35.0274108 -0.1639852
55.3629537 -36.3593394 0.7037300
54.7291296 -33.2935867 1.3172674
54.0576893 -34.7818917 1.7003020
49.8178572 -36.2608538 1.1469545
60.5121077 -31.2192287 2.9383155
57.8224351 -30.2745017 2.8352609
61.7512656 -27.0114702 -0.0336570
59.8853875 -26.9630815 1.3452363
56.4736475 -34.0719648 -0.5184589
57.7085888 -28.1148106 1.9858826
54.9603226 -28.9555301 -2.3547855
49.6244990 -29.7270462 2.5108667
62.9048836 -25.7994050 1.0268649
52.0240790 -27.5400703 -1.8167156
56.1453382 -25.6999936 1.1193516
62.9764194 -25.5601979 1.7034045
60.5441411 -25.0692236 0.3050965
56.3896163 -26.6833816 0.1517640
53.2079629 -25.6980009 1.2591674
54.8700524 -25.8660819 1.2212892
55.8829124 -25.4672953 -0.0206378
57.4322523 -23.5972560 -1.2140314
49.3237908 -28.5286125 1.5048578
49.6252167 -25.2697155 2.6029025
48.8665977 -26.9695996 1.0468978
55.1736171 -22.1870037 -0.4694343
49.8619050 -22.9752796 1.9773299
52.7944434 -24.2358698 1.6335169
54.0244384 -24.5284758 0.3779977
44.8482935 -23.3616901 0.7043246
51.7569159 -18.3615574 0.2940469
55.6462833 -22.4623090 0.8647319
51.3420880 -20.8089618 0.5831689
51.0569654 -20.9385742 2.3293322
42.3983381 -19.7339069 0.0978179
54.3672904 -23.7482085 1.6578197
52.2665345 -19.4759972 -0.2087809
53.1481751 -19.9107060 0.3826913
52.3006730 -18.4804402 0.6625450
57.6636647 -22.6861691 0.9705246
52.3939921 -17.5704783 0.7919668
52.0236998 -18.0959703 1.1070489
53.0143561 -30.4879098 2.6556965
59.0724244 -17.6372542 -0.6018009
51.7351372 -18.0982951 0.8891556
50.6607873 -16.3048231 2.3080084
52.6584317 -16.4143374 1.1102870
51.9274924 -17.4108119 0.5416989
52.6632723 -18.8813730 0.0612311
49.2153010 -16.1247364 1.6351255
47.7272028 -15.4164578 -0.1531876
50.9539767 -14.2231077 1.2403770
48.9674805 -16.5092744 0.2407660
52.0732416 -14.0028454 -0.0769310
55.1344117 -11.0062483 1.0570618
49.6333317 -14.6435597 0.4529994
47.3583357 -15.4557659 0.6429594
48.9485196 -12.5920085 1.3726192
47.0190589 -11.3818040 -0.0972689
56.7423240 -13.6819958 1.0765131
50.1752841 -9.5949972 -0.5330488
50.7333963 -9.6751536 0.8443519
50.3686742 -9.0365688 1.5752748
48.5587444 -11.5470652 0.8048447
48.3025957 -8.0244111 -0.0356664
50.6554253 -7.1577474 0.7897576
50.9542757 -10.2498088 2.7721945
62.1680440 -14.9184258 3.7127449
47.3184781 -9.6791693 -0.4205883
49.5399385 -10.2775255 1.0993636
47.3728766 -8.7573754 0.4248873
47.7116220 -9.6429779 -1.2984830
27.9664667 -0.6452773 -8.5442696
34.5280990 -7.8459011 0.9900341
60.0868562 0.9669419 0.1946994
54.1145807 -13.0873833 -2.9104693
48.6514746 -3.0781317 -0.3394366
51.3299927 -7.1234773 1.1814275
59.9128139 -6.3519994 1.9878425
15.3625724 4.3556499 -1.9262318
58.8456781 3.2537406 0.6491610
52.7288781 59.2145062 2.0652353
53.2662280 -6.0793105 -2.8187574
48.2593799 1.7571325 -0.1832646
60.4596318 -3.3657232 -0.4684638
54.7481443 -2.4654928 -1.4867773
50.6144019 -1.2628534 2.3679962
53.7413779 1.2397196 -0.6279708
50.9554548 -1.4429535 0.3231889
39.7385192 0.9862456 1.6876222
55.2341348 1.1976771 2.8370072
48.7461287 2.4112503 0.7090372
45.4133339 2.6588263 -0.4357924
47.3785315 3.0598266 0.1618833
50.8833823 4.8993821 0.1849023
44.0248048 4.4691277 -0.1982213
44.7815273 5.3274132 0.0156847
44.8910043 4.4609904 -0.0753472
50.9720768 7.8523630 1.4355301
40.0527187 12.5326746 1.3200136
45.9763172 5.2987912 0.5732757
43.5116690 22.7725820 2.4350987
60.1928555 7.1510494 -2.2931532
44.2178334 20.3437139 2.1054770
44.1343568 10.6903004 2.7106631
48.6177583 13.7960475 0.2704031
46.6459152 12.5779981 1.1696867
47.9274507 12.9569977 2.0856847
43.7669313 17.8316991 -0.0599900
48.1707034 15.0324034 1.1764203
51.2570731 12.6237259 1.6044384
49.7622249 13.7769695 0.7364438
54.9900519 13.0869698 -0.1568559
54.4653876 13.3942984 0.2299551
44.6847556 17.4538131 1.5416884
46.8623693 18.9642454 1.7715084
50.6384304 14.8011227 1.4755576
53.3910716 15.5743408 0.7219023
43.5194298 30.6471529 5.0163397
47.4615175 22.4445699 2.8805052
52.0544346 18.9300683 1.1947451
51.4300913 20.1199238 5.8141470
66.9357726 14.2878164 0.8010278
39.8098508 19.4925639 0.7817026
56.1724402 20.0290855 5.6013341
52.0965487 23.0838005 4.6136194
51.7364499 22.5084921 0.3663068
56.0100188 20.9265006 2.1743025
53.0705610 22.1803882 1.5298005
52.4158275 22.4487882 1.4459626
66.8130410 21.3344140 3.2269970
51.8156496 19.2446869 3.5638791
61.0820710 20.8932927 1.5666594
57.8767458 21.2014473 1.3038620
56.8253399 22.7371423 1.7354875
49.7333887 23.8423753 1.6995273
47.9708798 24.5976806 0.3278574
51.8647061 24.5327541 -2.7067506
54.1483530 24.6079814 0.4729930
55.4133817 24.7716905 1.1489939
55.6375939 24.1730960 -0.7674465
54.2657090 24.9154434 0.9179101
60.1273727 22.9655603 1.7657552
58.5853858 24.0369811 3.0198351
59.8957457 25.9130084 1.3917924
55.8181262 27.0248425 1.5398359
55.0539395 27.0708422 2.6509038
57.6309729 28.8481914 -0.1106044
58.7363182 26.5311704 1.2957358
57.8435333 28.1954032 2.0283004
56.1165337 28.6723928 1.4315011
57.2794077 30.0024815 1.3983398
56.5671409 27.9961635 2.1048649
57.1535999 29.0899723 1.8265075
56.9732549 28.6035352 0.7410345
60.5898995 30.9047889 3.4301145
54.7660086 33.3555844 2.3679052
57.2017109 32.2326949 1.6187894
62.6423348 28.9248844 2.0158302
60.0809226 27.1103513 2.2065867
60.4648630 30.4965431 2.5769271
63.1789977 28.1860387 2.0401559
51.5710742 18.1893446 2.8739193
58.2798753 36.2431790 2.7260805
59.3504581 24.2748561 1.3651738
30.4195112 17.5565997 4.3650511
59.6692357 33.3503190 2.7191388
56.9228964 32.2642933 0.9851713
44.5977168 23.0531063 1.8825730
53.9922979 32.2236077 2.4229458
54.3640597 36.8063766 2.6751802
56.2139957 34.9769052 1.4398357
55.7859086 32.4439921 1.7285801
51.4567086 28.1483815 1.7117946
56.6298510 32.7746056 2.4194966
53.2575816 32.4361215 2.5702926
22.6521231 32.9569853 15.4481853
55.4293493 32.6428472 2.7683141
-20.3140969 31.2221723 0.7358768
37.2627078 36.4562519 7.9979012
24.7420992 36.6060913 -5.5070718
54.2685270 42.3458432 1.7607586
68.7763686 48.3644905 2.3627986
59.7133736 42.3988927 1.8013596
66.8154913 47.7234925 7.2150504
71.0697544 49.6828340 -1.2952571
53.4595537 43.5335290 8.9284423
70.6190963 49.5415652 3.0361082
54.9685686 52.8480722 2.4011090
66.9033856 51.2557761 -2.6004221
52.8598598 40.7897275 1.8339146
58.5553333 48.8750276 -3.8858705
52.7519325 43.6981175 2.8937278
54.6422264 46.1770109 2.4604072
74.6378369 57.2176080 8.6144370
43.6501226 43.3402775 2.4200936
56.3560220 51.4219844 0.0345591
47.4967639 47.9242792 1.9670892
56.2241679 50.8391648 2.8673870
53.4127174 45.9358209 2.3540708
53.4573740 49.5172159 -2.0473030
53.7879190 53.8090426 1.6713662
44.6575297 49.3326328 1.8320117
52.2100103 53.3015835 -3.6286962
76.1378437 63.0868283 8.2187304
46.1280612 53.3663184 2.8966034
55.7966436 52.4090230 10.6660646
55.0794806 52.9842772 3.4383999
52.9299751 42.5754127 2.0817362
55.9558897 54.6675399 -0.1920062
42.8560100 52.7746301 4.9091868
55.0275491 49.1794594 1.3229983
41.1837893 52.8863748 3.9049346
54.1702830 56.9538029 1.0045624
50.4077651 55.1957547 -0.1724809
51.8914785 57.3853132 2.3953975
51.9161930 56.5844105 1.7523961
49.9595628 58.8471282 2.2286855
48.5046603 62.2154796 1.9592217
46.6481317 57.1674666 2.6361595
54.5011852 61.1725513 2.8796686
50.0764556 59.8197276 6.0242669
46.9625981 58.8461649 3.1187980
48.3325003 62.2330891 2.9047446
49.8532195 66.8462797 2.7382120
46.3927030 67.5545098 1.8747977
51.5866952 63.6832903 1.3034616
50.0618688 66.5362735 2.2410674
45.5549281 65.6008215 2.7445279
47.3274217 66.6348313 2.8903225
48.8541804 65.3370908 1.8847372
45.7994920 63.0752299 1.8049500
45.6035321 66.3348498 2.5554142
45.6933015 66.6005873 2.8885777
46.5894145 59.9586145 1.8300573
39.3042104 64.2826611 2.1717644
32.7352310 61.6977220 3.1751106
41.1448620 68.3838954 3.1669231
49.1414186 67.7014687 2.4474888
50.5471648 70.2135491 2.5894547
42.7132160 64.7804892 2.8197944
44.8008176 68.0129020 2.4136773
56.4430760 74.9504300 2.1078904
47.9699269 63.6447280 2.9062157
46.5346826 66.5593899 2.3241266
44.0344025 71.0449197 2.6162120
49.4577305 72.3491895 1.3892326
37.3305802 73.8046113 2.6057389
38.6771684 71.7679788 1.7506326
41.2118590 74.2039761 2.6987210
46.1060489 77.5003943 2.2591190
44.2251649 70.0523209 2.8010960
41.5742511 72.0084941 2.9212828
40.9754851 71.3899711 2.4561024
40.7718782 75.5384310 5.0571598
42.2124657 74.0343363 3.1159982
40.3916116 76.1349656 1.8566988
37.6272818 70.9808707 2.8914043
44.8546570 71.6986219 2.3615871
37.7835902 79.1243269 3.3360379
36.8527767 73.2295976 2.5682463
41.2734420 79.4170980 3.5182241
39.8934802 82.0707291 2.7561466
37.7434295 81.2109236 -0.3548018
37.7934541 80.6578911 1.9525632
43.1367848 74.3334776 2.9441907
38.1383765 76.3122808 2.5499496
38.1610236 84.8962736 3.3297539
39.4260920 82.4810488 2.4220384
39.0940167 82.1773175 1.7744094
33.7729063 81.3957530 1.4962042
34.2729963 80.0133754 2.2393948
31.1804990 79.3686470 5.9402076
35.2011682 81.8324332 0.4344256
36.2393790 80.3337341 2.4612435
30.6591075 81.8059045 2.8682308
27.9272853 83.2776852 2.5871740
29.9132234 81.3698519 2.4077094
11.9912518 81.9961054 -0.7818717
35.0532094 88.7245910 3.3500321
21.0058495 80.3830528 1.9402968
35.5794328 88.2816194 1.8510991
34.8808132 91.2063497 2.8365759
33.0836699 91.2448902 2.4289995
33.6032214 92.5848929 2.5078675
29.4633086 92.0794805 2.6671933
36.2971664 91.1332512 0.9577358
27.3117026 94.4420122 4.5810704
35.6420271 91.0880862 1.6312962
33.0095869 96.1019757 2.5436914
32.9030894 94.5440379 -2.5242828
32.4449167 96.5969648 2.4201562
34.2130384 96.6246325 2.5845347
34.6021650 96.6690651 2.4738883
32.9219356 95.7069229 2.2022776
34.5492112 91.0381098 2.5442586
34.0479898 101.2730153 3.5730126
31.1002455 101.7577527 2.4221410
32.0974046 102.4725408 1.5293450
31.2499666 102.3520259 1.6694234
44.8287322 109.5348592 4.7094176
39.8350060 104.4649065 0.1532038
38.8625493 107.0088731 2.7263786
29.1771448 100.4518332 2.5301887
34.3481701 101.9648805 3.3590187
33.8183017 104.2130261 2.4424859
28.2233332 104.4191449 1.5038438
29.1767736 107.6869985 2.2732118
33.5194784 106.1972263 2.0122496
32.7086856 107.0211227 2.2653364
28.9183254 107.6073349 0.3458908
30.6382090 106.0347654 1.6917996
29.7149278 103.2667359 2.5644606
25.1430044 104.3734982 2.3237204
27.2711098 106.5450546 2.3358910
22.3131011 104.7443973 2.3977205
30.0920009 107.1379801 1.4054427
25.2748811 97.8305421 2.0550153
27.5022386 106.7234355 1.8452406
34.8254941 106.4120959 1.7589371
23.7897608 108.9034457 1.6859094
27.7364257 102.6588944 1.1383553
26.7170680 103.6202084 2.1449289
22.9643193 108.9013626 1.1410994
19.8760080 108.6729787 2.0349198
23.0634455 105.7131293 1.1934008
19.9125276 109.6878734 0.2908988
23.7951667 111.9412968 0.8713583
13.6376670 95.7084004 1.0865916
4.4523098 89.9720281 3.3043412
16.3336289 110.5878496 2.4146789
6.3656736 97.3065447 1.1848582
0.0513437 89.8559992 6.7058409
18.1817445 112.9860207 1.6293429
10.0636161 100.0175342 -2.1185874
5.0746931 91.0642122 -0.4113541
9.8107034 120.8783794 1.5979033
4.3294640 111.8767914 -0.6350006
11.1120976 104.3054204 6.1039323
6.6153954 107.5508049 1.6616489
9.6576010 122.8067535 4.7015624
12.4806843 116.8833452 3.9612996
-34.0958626 137.9803337 2.7150292
-9.2053829 140.3617424 3.8533043
1.6253735 115.1054534 -0.3245538
-57.7637305 120.5195422 6.2542363
2.4977602 96.9064180 -2.8502187
10.9893716 106.6009703 -2.5159575
5.4974901 103.6835922 0.6284860
11.7352024 118.9475028 -1.7932688
4.1171657 103.1867056 -1.8422333
7.5992700 114.5836651 -5.3304161
9.1856386 109.3154521 -1.0818004
8.8751956 75.4800044 0.1861886
14.4488425 112.5460495 3.7792464
2.2254313 108.1956826 3.2044080
1.7718037 108.7923036 3.1163606
7.2358412 122.6801485 2.1477827
7.4594791 118.6136156 -1.5210726
8.5501965 113.8936192 4.3321810
6.1708089 116.0912907 1.9552736
7.5967006 112.3450509 2.3429145
7.6715405 112.2430762 -0.5207754
6.8855500 113.9390053 8.8384351
3.0497006 116.9496365 2.3574625
5.9223431 118.7025716 1.9100690
-6.7358065 115.8489379 3.1740925
0.0271902 105.9333506 1.8494800
0.0469820 114.4678817 2.1816705
5.4411258 119.7384964 3.0172533
-3.0120401 110.5338117 -0.4781195
-4.3790729 104.4017112 0.0038039
-5.2958589 104.0746818 1.5140694
-7.3242104 109.4055525 1.9510243
1.2562581 119.0563916 3.6166898
-2.8240222 118.5442062 2.4184950
-6.3522158 123.3743745 -0.6528060
-12.1745024 110.0263019 -0.5951534
-7.7819337 115.0221509 -0.7998731
-0.8132038 121.2703163 2.3481711
-6.1798869 114.2673028 2.0462051
-5.7273128 118.4375027 -2.6358791
-8.1156145 109.0665605 4.8522973
-1.8297246 118.0998985 1.8506130
-6.9707101 114.0256068 2.9011533
-7.5042807 111.8156914 2.9663182
-2.0566109 117.4653703 3.0947215
-4.4392707 112.3904271 -1.1049796
-12.0175164 111.5007432 1.2332836
-8.7719738 120.9346375 1.8716965
-6.6384183 125.3456392 2.4251176
-6.3767023 118.0750407 2.8950428
-9.7864388 115.3802469 2.7377938
-9.1769446 125.9584281 0.6451014
-11.1488394 118.4394557 1.8941201
-9.2176305 124.4650124 1.0740728
-11.9776581 116.1380428 2.0973741
-13.6692325 119.0433340 2.1038132
-14.2394730 117.8626223 1.5685801
-13.4975901 116.2261734 2.3252305
-11.7796928 123.8965008 0.9793062
-13.5569429 115.5571501 1.7876479
-14.6128723 115.1944041 1.1095191
-18.9295027 121.3869769 1.9619595
-14.0694676 124.5759739 1.0814721
-17.6551496 123.8271588 0.4986263
-15.6994128 124.8393741 -1.3572758
-16.7706615 125.9608685 2.5683912
-14.6114326 126.0131319 1.5503815
-15.2609502 121.9676827 1.4677314
-15.9627990 120.1536284 1.3620772
-18.2815847 125.0931504 1.2785582
-17.6700664 124.1413952 3.8190011
-15.6861378 124.4972996 1.2947321
-17.1669067 126.9333490 0.8673778
-18.4359613 128.6099809 1.1509777
-16.8702831 122.2389836 2.7796802
-22.8801844 125.7797190 1.7435129
-18.0938134 127.6187555 0.6209254
-20.0741357 122.2370573 1.6219241
-21.2268757 127.0797502 0.8587862
-9.6660374 122.2985133 4.0714632
-15.6121015 120.3531385 1.5639723
-3.8504320 112.0803824 2.4590297
-16.3423041 124.2136922 1.4579690
-7.8077745 120.9876329 2.4841157
-14.4273965 119.9863824 0.5478195
-13.5074402 117.7566950 -5.6945012
-13.3380628 122.8920551 2.5112415
-9.4150343 115.3732238 2.5604122
-9.3790035 108.6722968 0.0531761
-16.9820353 119.4528810 2.3076339
-20.2112350 121.2472542 1.6212920
-23.2409223 122.7095166 0.6659689
-30.3120438 127.8194127 3.6334301
-27.2952161 122.0234113 1.2001895
-22.3788984 118.9143568 2.2741655
-26.2908796 118.4355508 1.9678921
-21.5349978 120.2625566 1.2052598
-26.6285270 118.7551802 1.4028762
-25.3062687 123.9381619 1.6814442
-26.2721988 122.5679579 1.7672268
-24.5521607 123.2715750 -0.1875861
-28.0347191 123.8581624 0.4879361
-30.5920735 119.7369114 1.5179331
-26.5611832 119.7409278 1.4801682
-28.8736478 123.9402665 4.1500207
-26.2886024 118.8953776 1.5603595
-17.0424909 101.6859107 -0.0492959
-22.5855184 111.5450642 0.8690002
-29.2009274 111.8170436 -0.2522092
-22.7488877 118.6296113 1.8416923
-22.9814609 112.7722957 3.5026276
-34.4718929 119.0542707 1.4892330
-28.6917833 114.1521137 1.1496191
-32.8000377 119.7078123 0.5658882
58.0106252 -62.8882782 1.9148915
-60.0495890 -50.0651036 -9.8745819
-33.1746021 114.9024462 2.1869220
-76.4120727 -55.7136112 -12.3455401
-29.0237067 113.0674073 -0.1027098
-23.7891343 120.4532192 1.5936257
-87.9021994 -69.9614941 -12.2324497
-33.6596857 117.8529421 1.2655200
-39.7353803 109.3376553 1.9494535
-32.1185675 109.0218040 2.1475955
-52.5205956 114.6335135 1.9006444
-34.8574610 114.5308494 0.3002217
-32.2355939 118.3272168 0.3326754
-34.6950045 115.5963088 0.8613101
-37.0540154 114.3872658 1.7926078
-25.0648260 108.3296532 1.5185471
-38.3825073 113.1447901 1.7480581
-46.7170794 118.8990469 3.1453604
-39.1922775 114.2874188 1.3991106
-34.3240859 107.4340917 1.8765295
-31.2783597 105.9011344 1.4635267
-27.8587423 103.9885876 1.2547139
-30.1058611 105.0584044 1.2815775
-41.3643521 -55.0187777 -16.6415178
-34.5431606 108.9770976 1.2793549
-30.7330162 104.2047749 -0.0481099
-36.3503956 108.0775165 1.3071934
-37.9255402 106.0898484 1.7104952
-37.3525405 107.3865187 1.7284382
-40.7959706 103.7368831 1.3709021
-44.3734507 107.6882562 1.7492426
-43.6237662 105.9995430 0.6377556
-41.4704701 106.9283970 1.3440786
-45.2395679 108.0868221 1.0695796
-35.5610701 102.8773494 1.4636319
-45.5853168 104.1377643 0.2646674
-46.9985552 106.1539939 0.8714475
-38.9535162 103.9773202 0.6987091
-47.3666669 102.6635881 1.5631437
-37.1107822 100.5315410 0.9332046
-45.7814998 103.5806553 1.2381842
-47.1189149 103.7094045 1.5818133
-44.1119951 102.9425609 1.1366652
-44.5977480 101.9119467 1.3679610
-49.2413095 101.2024591 1.2781104
-48.9570429 101.7832729 1.2953232
-47.5168573 99.4008262 1.6874864
-54.5247634 102.6751617 2.3296939
-48.8874938 101.6231102 1.8238084
-51.7503455 102.0446704 1.9395288
-51.5696053 99.8089836 0.8735301
-51.5475685 99.4469972 2.0361956
-49.6287700 100.6737602 1.3913881
-53.7687866 101.0357877 1.4333763
-53.8878779 100.8300326 1.2733842
-57.2847960 101.1966580 1.5556029
-50.8026547 98.7031732 1.7117997
-57.2335896 98.2858232 1.7173583
-55.8650819 100.5566085 1.6638991
-54.7176312 100.5634928 1.3583690
-60.2441251 100.9249536 2.8343681
-55.6222532 95.1626764 1.4309942
-50.4970682 97.3729866 0.7826927
-57.9610401 95.8293659 1.5596873
-56.4873903 96.2493040 2.1649219
-56.6584352 100.2326269 1.6345450
-58.5807107 97.4722214 1.4547178
-64.3018100 100.5499803 2.1159085
-59.7304856 97.2891300 3.9955867
-59.5072802 98.7436130 2.6926105
-60.0540548 95.9955582 3.0302243
-57.4196787 93.0509338 1.5006690
-59.2711886 95.5342658 1.7172867
-60.6139333 93.5114207 2.4602007
-46.9313873 -97.6195636 -30.9570729
-59.4513316 93.9084830 3.5751081
-61.4897377 97.3730165 1.1946468
-60.9529192 92.9833544 1.1825328
-63.4319148 93.9535806 1.1446005
-62.1500560 92.7647380 1.0345594
-62.5882050 92.7732351 0.3192184
-65.1697615 91.6936553 0.7624747
-63.5112075 94.5741218 1.1109835
-64.0568430 92.5029015 1.2052491
-66.2156053 92.1154272 0.8736946
-65.3704513 90.7415656 0.9623070
-66.0274647 91.6550049 0.9564611
-66.5873546 91.0865673 0.6773408
-65.0277331 91.5053023 0.4840020
-58.9865958 74.1647759 -1.4962320
-66.3315232 87.8823751 1.8236080
-66.1930230 91.7019726 0.1745399
-113.9943708 130.3170618 40.4539643
-53.4228298 63.7773670 0.2974534
-70.3549187 89.4712761 -5.3635075
-66.6000487 80.8974774 -2.3185972
-58.8025709 91.5861788 1.1898755
-72.7929285 90.7087853 -3.6314555
-70.6104880 85.0096298 0.7343403
-70.6687309 87.2392273 -0.0472990
-72.5255184 87.7325554 0.4181582
-72.0545854 89.6020757 0.9596191
-65.7727504 75.3315288 0.1857050
-75.8243153 88.8175397 1.1303783
-74.5644648 89.1124479 -1.3374154
-70.6318803 80.2837060 -1.5966937
-64.6287690 59.6449014 11.0551497
-72.7979768 82.0300504 2.4134725
-75.2691238 87.1437474 2.5007953
-221.9505688 114.4690269 -12.5401062
-72.0928309 82.3656477 0.0797468
-70.4109222 83.7105168 -0.2867636
-79.6522486 87.2753351 -0.2879644
-80.9262994 87.3455068 -0.0409272
-26.1566972 69.4679055 -0.4108205
-64.6710346 63.2504858 -3.8392383
-70.5162312 79.0264953 2.5026934
-75.6745771 73.2907308 -1.4655576
-70.6196992 74.2249096 -1.9118912
-83.8678465 86.3400857 -0.1024925
-80.9558753 82.5461527 -0.5577398
-76.5603413 73.3135904 -1.5796966
-72.7822960 75.8401154 -1.3968423
-80.3980647 80.7488885 -1.2197355
-80.8308837 78.4186132 -1.0636245
-82.7967359 86.6477137 -0.2740344
-80.6708387 82.0986187 -2.3043888
-84.4220961 83.6231655 -3.9755527
-70.9260419 78.0426923 -0.2486594
-248.7644394 11.8314183 31.6946292
-63.5810622 64.4277922 -0.7955598
-80.6701424 84.7873925 -2.4205598
-86.1380464 82.5207710 1.5277045
-79.2057321 82.6014310 -1.4699670
-77.1668915 78.8751373 -4.5883020
-86.8938001 83.2385622 0.2648048
-81.5977378 76.0017024 -2.2099848
-74.7140139 73.7922151 -1.1358080
-76.2446449 77.6296493 0.3264645
52.3538701 43.3545273 1.8371204
-81.5516827 80.2790852 -0.9436511
-86.7736006 78.7018101 -1.1615464
-86.7972895 81.2676670 -1.6441417
-86.6741062 79.2027273 -0.9122432
-86.9694254 79.4440632 -3.7083286
-86.6353910 80.7288471 -2.1499263
-88.6228795 78.2396905 2.0077648
-89.5526873 79.8026573 -1.8219237
-89.5145448 78.3904332 -1.9421758
-87.0992400 79.2802585 -1.3935556
-88.7022723 79.2132509 -1.8834263
-113.4131307 69.9091915 0.5889558
-87.4016966 74.7537973 -2.2218158
-97.2472697 80.9685780 -0.1525853
-90.8307841 78.5118608 -2.9953660
-91.2883776 76.2426596 -2.0770245
-91.9325305 78.1311873 -1.5061453
-93.5822042 80.1645878 -1.1951794
-90.0216290 76.3065658 -1.9810707
-89.1764359 71.5272077 -3.1427267
-88.7003738 77.1967483 -1.9694002
-3.3074321 -152.4352934 6.8552951
-18.4287062 62.1550527 -11.4143902
-91.9345600 72.1118852 3.4463240
-80.9171980 83.9986830 2.0759708
-96.6188568 108.6268924 4.5197333
-15.8330943 -143.2102800 5.2149151
-36.6600046 18.8139035 -5.4178691
87.2093615 -52.1696542 8.4179578
-85.6809176 75.7920135 -1.9881602
64.4868473 57.6133535 1.3454177
45.2758117 1.3846866 0.1050330
33.9689799 98.9875324 1.6207880
-94.8678709 46.3282197 -4.3539489
-99.0162936 60.8871268 -5.2365966
-36.0923034 75.5885147 -11.2353787
-90.2262880 63.8735860 -3.5827635
88.2388957 -74.1693700 9.9794363
102.7386185 7.4652723 -6.3821520
-87.6719065 65.8928469 -3.0520337
-89.3869499 64.3703564 -3.2776932
-85.5547832 64.8006936 -1.1436227
-89.4604178 44.7883410 -1.8747569
-90.8973755 69.2351593 -8.7170825
-85.8084378 64.6880234 -4.0342148
-83.5735686 67.0590657 -0.6334404
-84.0603154 50.9408196 -0.4948489
-84.8135047 65.6240642 -1.2418158
-82.2404438 65.9879385 -1.9430621
-79.4514259 61.8697717 2.8432782
-85.3867541 64.2325720 -1.9833405
51.4725539 65.8580293 1.2841780
-83.7153550 60.0405201 -1.2963651
-84.7434206 54.8792021 -0.6567271
-84.9865090 60.0711807 -2.0931474
-86.1036254 58.1895759 -1.4644381
-86.2275650 59.9513141 -3.5999874
-82.0416432 61.1534162 -3.1853181
-87.2262078 36.7075366 -5.2310778
-91.2883486 58.5849146 -4.8553814
-77.6643777 64.6714868 -3.0626632
-90.4150059 42.2404306 -5.0649079
-86.6989018 53.6018366 -2.7374685
-82.7276895 55.3145433 -1.7009788
-84.1281907 54.6973834 -2.8695357
-82.6745581 53.5045685 -3.8372207
-83.7194965 56.3588172 -4.1206395
-84.0427851 54.1300125 -1.7230081
-82.4309410 59.7637118 -3.1645685
-82.5306267 54.5036066 -3.0152827
-83.9739658 50.0689653 -2.8156629
-84.5799978 8.3020374 -2.1495903
-83.2719703 55.0010272 -4.4905795
-85.2844895 56.8999355 -3.9512677
-85.0124577 59.7562886 -2.4700728
-60.1159226 65.8909586 -2.5821158
-49.1977902 60.6365221 -1.7866866
58.2847421 119.7628843 1.9735538
-73.6261974 61.4105170 -13.3925295
-85.5866854 53.4941902 -3.2840738
-61.0880823 38.8270429 -3.4622765
-46.7898953 42.6555457 -5.6280896
-82.9255984 57.0646520 -0.8170021
-73.5256831 43.4688895 -2.6824406
-68.5476696 59.4444428 -11.6634115
-79.8714309 54.1163436 -2.4966340
-76.7707504 55.6608788 -2.9743462
-82.1197749 -216.9866207 -4.0862955
-88.5718847 56.4277894 -3.8871628
-76.5908946 41.5024066 -3.7044736
-82.4646678 47.2439096 -5.0765906
59.2891250 -24.2350578 -16.9936702
-83.4984410 50.5109730 -2.7685130
-69.0255679 42.9920025 -2.1580862
-82.6690275 45.5785721 -3.3781547
-83.8456084 42.0900521 -2.7988436
2.3668407 -155.2229800 -2.6332009
-126.6331809 -58.4134412 -7.0245112
-35.4861554 49.6602596 -1.7106385
37.7952688 49.5266040 0.7138948
-63.4953191 26.2995474 -3.6525543
-73.0267062 26.8087516 -0.6392841
-61.1037456 36.7895372 -12.6158979
-78.6687686 36.6892332 -3.8695208
-63.1560782 31.5256882 -8.4530958
-74.4460781 28.9760008 -4.3099199
-65.5268144 27.9887033 -3.4869014
-67.8140732 21.3792472 -5.8770491
-54.0902286 -7.6719240 -2.4457052
-55.4989451 31.3893095 -3.2005380
-60.7363439 32.7639729 1.4662181
-70.3414487 30.8779479 -4.9320417
-68.2838374 27.3210363 -1.4945094
-72.1059044 28.3304550 -3.9148805
-70.8833850 27.4248618 -4.9446176
-68.4957125 22.4645663 0.4280396
-65.8013573 18.1750073 -2.6764013
-61.8188742 32.0853453 -13.7355617
-71.8505604 19.5814465 -1.3113481
-72.5708774 16.1796602 -16.5527175
-77.3060960 20.6896272 -7.3432026
-59.6875875 27.9935564 -8.1836693
-70.9275820 18.0545892 -1.7938989
-67.0375679 20.1226293 5.3152506
-65.8980117 21.0524642 -1.4366719
-59.9021710 20.2610494 -1.4093295
-64.1124462 18.8349393 -2.5390069
-65.7376877 16.2647048 -4.0784910
-67.3380956 15.3003574 -4.7652511
-64.1122087 15.5671344 -3.9882981
-62.6002422 12.1687596 -5.7205471
-65.1652405 10.2272261 -7.6135619
-68.4951751 11.3463711 -6.1246681
-62.4145008 12.6077837 -5.5152466
-63.1033200 11.9267431 -4.1904644
-62.6905572 12.6336542 -4.2806678
-65.3699388 9.9522064 -6.4391883
-56.6294400 11.6982807 -5.5149705
-62.1871972 9.9909255 -3.1278177
-63.1620339 6.2258317 -5.7629039
-65.3125182 4.3941554 -4.8550568
-64.0849356 6.3272750 -4.4219139
-62.1005058 8.5459267 -5.1504389
-58.9716831 6.6130450 -4.1728929
-60.4349273 11.2668662 -4.8872279
-55.2952818 7.7194803 -3.5984354
-59.6322277 4.3060887 -7.1055238
-55.7483631 3.6067564 -5.8710740
-62.9580847 5.2703897 -5.1147906
-62.9436482 3.8145347 -5.4742773
-58.9056167 4.2199460 -2.8490574
-60.9037074 2.4234743 -4.2604010
-60.3613838 1.7958901 -4.9842567
-62.0373837 1.8837138 -5.5446112
-57.0266018 1.2859243 -5.2512540
-57.2496390 -0.4224561 -8.2930958
-58.6104395 0.3436645 -4.3047105
-55.9840337 1.5021176 -2.0210405
-56.3842446 -2.0520109 -6.0370897
-52.6925289 -1.6616574 -3.7923136
-58.5506715 -1.6772692 -5.1374085
-52.7526621 -2.6945785 -3.4472454
-55.3536042 -4.5865478 -4.8684711
-55.4489681 -2.8862863 -5.3833288
-55.7568171 -5.4132820 -5.7237716
-56.8781733 -5.4032980 -5.4157801
-55.7770354 -7.9737230 -4.4915437
-53.3020241 -7.6574699 -4.6275182
-54.3063839 -8.1821240 -5.9442379
-57.6637550 -6.7551381 -6.2272780
-56.4929261 -9.9930195 -4.6159804
-55.4291205 -8.2822483 -5.4605315
-50.4709883 -7.7729822 -2.8518466
-55.5022383 -9.2408086 -4.3125912
-53.5016146 -11.3058093 -7.4491856
-53.7879562 -10.2121790 -6.0437782
-46.5158934 -13.4764356 -4.5593346
-49.9163108 -10.5852207 -8.2528738
-47.4032210 -11.5275332 -5.7306031
-49.9619316 -15.1127322 -4.4018729
-55.0132136 -14.9571410 -6.5438914
-49.2504738 -14.4675580 -4.1835031
-49.8268944 -13.2609010 -6.2596489
-56.9655073 -17.7177121 -4.3628336
-56.4781696 -19.0450925 -4.9313746
-51.3855280 -15.9692967 -5.0666836
-50.5773601 -16.2186928 -7.6138412
-52.9033705 -20.6621372 -4.7712316
-44.5400010 -17.0879901 -5.2970605
-42.1960566 -17.1201468 -8.0281816
-48.8213112 -20.0127841 -6.3486564
-49.1455448 -20.6638075 -3.1122182
-53.1054416 -25.2066781 -7.7854724
-49.2621949 -19.8067029 -2.9792171
-45.5573303 -22.3312890 -4.9483718
-49.3205650 -22.6523762 -5.2862505
-46.8845152 -23.1738794 -4.6030946
-48.5203337 -23.4508360 -3.3303820
-42.1549879 -24.1143014 -4.3400260
-48.0011044 -25.3097015 -4.7541702
-47.3706239 -27.1499618 -5.1969768
-45.2870133 -26.8196996 -3.6049317
-43.9072296 -25.5009271 -4.1221689
-40.8301756 -27.5231157 -4.4387100
-47.9190817 -30.0963998 -3.3997036
-43.0915916 -29.1633361 -4.0623095
-44.3556432 -30.2862593 -5.7192784
-42.8788106 -29.9516291 -4.6933580
-45.7028747 -32.2620134 -5.7666682
-46.2790658 -32.3274503 -3.8960766
-46.6195013 -31.3991899 -3.2770711
-45.0002994 -34.6190335 -5.0430951
-45.4717455 -34.4450901 -4.6710111
-46.3842665 -34.4320685 -4.5167668
-48.0110955 -35.3163579 -4.6581508
-40.0661335 -33.2488455 -5.7610199
-39.8717628 -34.3969701 -3.4588998
-40.0851305 -36.3014211 -5.3714652
-42.5835274 -37.2226966 -5.0838429
-41.2557289 -37.5865927 -5.6046795
-42.3937852 -37.4728999 -4.0793803
-45.0412317 -40.0591006 -5.5401712
-40.4501235 -40.4524544 -4.5693317
-38.6058563 -40.9163102 -4.9574068
-42.3454267 -41.1351588 -2.5916064
-42.5314235 -44.2877127 -7.3916983
-42.9862802 -44.5445911 -4.3357600
-40.2720877 -43.4071238 -4.7091494
-35.2784972 -43.5328170 -4.7032331
-38.2094591 -45.0782799 -4.9372512
-40.6297839 -44.1133337 -6.6856379
-40.8745028 -46.2244537 -5.1701843
-42.3029975 -48.3719416 -4.9296056
-39.9546232 -47.1201057 -5.8291875
-42.8619563 -47.4971611 -5.3420752
-39.8060585 -47.5397894 -5.5779139
-39.8721564 -48.0074860 -3.9210329
-40.8352362 -50.1998406 -3.2297975
-40.9315212 -50.5143699 -4.2428535
-38.6543332 -50.0474262 -3.4482653
-38.1332088 -52.6168011 -5.0300806
-39.5005395 -53.0954822 -3.9104411
-37.1203817 -52.8495047 -5.0416267
-40.1150010 -54.0692488 -4.8923479
-38.0678726 -53.4854827 -2.8500802
-39.4294589 -54.6427684 -5.6117231
-37.8435075 -55.2759790 -3.0463082
-38.1690376 -56.3736573 -6.7586000
-38.5665101 -58.4587347 -3.2822886
-39.9997364 -58.1565426 -4.5685949
-33.7234582 -56.9786161 -5.1569443
-35.1774816 -55.2261908 -6.8258852
-35.7691810 -57.4189607 -2.6361812
-35.3801618 -59.7987153 -5.6174052
-38.6636655 -60.2438610 -4.4852147
-35.0274485 -57.8460892 -3.0241051
-34.4068419 -58.3716959 -1.5514145
-40.1439217 -59.8912440 -4.4322449
-37.0646362 -59.9292522 -4.8652022
-33.3950069 -62.5091271 -4.2701037
-33.1002938 -60.0779704 -5.3254960
-33.4279683 -62.3003564 -4.9372737
-33.9330966 -61.9777232 -3.0669955
-34.7324182 -62.1712416 -5.6924169
-32.9780242 -63.3620067 -3.9046777
-33.2385930 -64.9022227 -6.5619158
-36.7087111 -63.8536859 -4.4764278
-33.9448542 -65.8962650 -4.3908855
-35.2913383 -66.8744080 -4.5044076
-34.6463848 -66.0679503 -5.0398608
-34.0425227 -67.5005949 -3.4926493
-32.1105584 -68.2444145 -4.6043535
-34.1967077 -66.8940688 -3.8261346
-33.0958838 -68.3534019 -3.6561035
-34.2192648 -70.1756828 -4.6314151
-34.1688928 -69.8827376 -4.0263925
-30.6676666 -68.4227647 -4.3544088
-33.9220532 -70.5383317 -3.2726961
-32.8727710 -71.7299749 -4.1886451
-30.7488915 -67.3552179 -1.9045859
-33.5605693 -74.2923225 -4.0080771
-32.3107068 -72.3999387 -5.3337249
-35.7994753 -78.1413976 -3.5318766
-30.7958157 -74.7880370 -4.7518625
-31.1082842 -72.0880414 -2.8340869
-33.0671706 -77.3917171 -3.5011244
-32.4796782 -77.0085451 -2.4862082
-32.2954787 -76.9084391 -3.4767411
-31.9175495 -77.8574779 -3.3088245
-32.8438253 -78.9342724 -5.1175487
-34.8978147 -79.0045705 -1.2393801
-34.7887949 -81.1109476 -3.5797859
-35.3414454 -80.6417146 -4.0488344
-29.8753934 -80.1158430 -2.9253125
-33.6147568 -82.4741456 -3.4853023
-32.6299135 -79.8483783 -5.1863885
-31.7939232 -80.8266907 -3.3366381
-33.0349371 -82.4724299 -2.7688082
-33.6672010 -81.6109851 -4.1897052
-35.7012629 -84.3252621 -3.2672859
-35.9474803 -84.6635837 -2.8331245
-32.9454876 -82.4678110 -3.7079826
-34.2177478 -84.1928612 -3.8885389
-33.6064470 -85.5684858 -2.7512721
-34.1985854 -88.4844351 -3.3778987
-33.8996961 -85.3318500 -4.0642845
-34.3961662 -88.5806341 -3.6237030
-33.1675393 -85.0075223 -0.7942672
-33.2240796 -86.3661624 -2.6236757
-42.0389119 -86.0789937 -5.0608306
-43.8687266 -87.3261584 -2.4305803
-30.2783939 -90.2045014 -4.8083604
-37.9305762 -90.0023028 -2.7391084
-38.5984128 -90.6114405 -2.1069827
-34.5544403 -88.4829580 -2.2237447
-40.3004446 -87.7062086 -2.2600150
-36.3213359 -90.3393131 -5.5652306
-40.1731346 -92.6997913 -2.5794085
-34.6683363 -93.0287141 -4.0220055
-35.2887855 -94.4184368 -2.2140896
-40.8953641 -94.3009283 -2.8444276
-38.7266324 -95.2398003 -1.2954016
-38.6671390 -94.5555708 -3.5820844
-35.4218726 -94.9954890 -3.1058822
-38.9168082 -96.0100414 -4.5564984
-33.1022537 -95.5658325 -1.1459799
-36.1192587 -95.5706856 0.0616368
-38.5048820 -94.7074582 -1.7057490
-37.6285802 -97.4583952 0.6164503
-39.1882188 -97.4287894 -3.0072569
-37.2283756 -98.5407242 -1.8512011
-37.3558422 -98.3082993 -2.5332145
-36.3261723 -99.4411463 -2.2382768
-35.9404380 -99.6754892 -0.3683467
-38.1386484 -98.0733500 -3.1325828
-40.8403911 -99.3589354 -3.2053949
-41.1184368 -99.9528602 -2.0827198
-41.7352626 -100.9829707 -2.8692561
-39.3905021 -100.6511825 -2.8278256
-38.3050543 -101.4864147 -1.0114466
-38.9881468 -96.7595092 -1.0418862
-35.8393672 -100.5895003 -0.6774768
-28.6671714 -103.3957221 -0.7663358
-36.9548335 -100.3980429 -2.1649767
-35.8267016 -100.3909173 -1.7609378
-37.0545613 -102.9969429 -3.4479315
-39.2032324 -103.3629692 -1.7257033
-41.1014239 -102.1071901 -3.6526037
-33.6684356 -103.7732175 -2.1798943
-38.3977308 -101.6002900 -2.3464569
-39.5036269 -100.6029976 -3.4205513
-33.4818545 -102.8841505 -1.1823630
-34.9975374 -103.1409575 1.0657112
-36.8052680 -103.1141222 -2.7603811
-39.3488209 -104.2850992 -0.4814097
-37.6090480 -105.1872143 -3.8608767
-37.7310682 -103.1413514 -2.9394460
-32.1290467 -107.0663698 -3.8448738
-37.8391161 -105.6085991 1.6586161
13.1073812 -98.8057168 -0.8928698
-27.7291134 -103.9734939 -1.2641335
-35.1653745 -103.1541837 -3.0317455
-49.8363777 -91.7946793 -4.8062762
-35.1098830 -94.8513519 -1.0231180
-30.6849784 -105.5571751 -1.0237875
-27.4054550 -110.1099452 -1.4664621
-37.4824318 -104.3240765 -1.0434965
-30.5854292 -108.8846575 -2.0120159
-37.4558649 -108.2766859 -2.2740576
-33.0079197 -107.5141606 -2.5621262
-21.7311733 -108.4978827 0.4707338
-39.0328168 -111.3195814 -1.5667720
-44.4967772 -111.7409870 -2.1526974
-37.0744455 -111.8522414 -2.5803511
-37.4057448 -110.2111941 -2.0448329
-22.7901380 -111.0336463 -1.6638747
-34.2089475 -109.8616919 -3.6252135
-36.0423551 -112.0020938 0.5668668
-34.1230738 -112.1442136 -2.0066456
-33.5352457 -110.6169664 -2.4831854
-34.1665428 -111.1967184 -2.4613321
-35.9093129 -113.1246250 -0.7924789
-32.6501804 -112.4874868 -1.7214785
-32.5481686 -114.6259047 -0.2137965
-31.7670630 -115.0722904 -2.7642501
-31.4465864 -112.7903471 -2.6257946
-31.8260287 -112.5845847 -2.7159646
-30.1246790 -114.4280662 -2.2439883
-29.7536229 -114.9190078 -3.3284315
-29.8641020 -113.9033968 -2.1503505
-30.0871743 -116.1014625 -1.8212757
-28.7210163 -114.8442681 -1.3224754
-29.1548276 -115.4046573 -1.5170339
-29.0686423 -119.7590515 -2.2809860
-27.7199437 -116.8182595 -2.3379822
-25.6972342 -114.4023222 -2.4044406
-25.4528834 -112.9530677 -1.8059191
-24.7352063 -116.0053439 -1.7660189
-24.2622774 -114.4728707 -2.0614989
-20.9252941 -111.2494022 0.4110354
-24.3210492 -114.3018150 -2.2205871
-23.8591936 -114.5912876 -1.9226686
-22.9385125 -115.3806932 -0.9426458
-19.7056505 -114.1890994 -1.5218139
-22.5000095 -115.4293826 -2.0785700
-21.1480955 -115.8467205 -1.2611892
-22.2696729 -114.6359318 -1.6845811
-12.5861540 -116.4142393 -1.8508306
-17.5906710 -116.4769893 -1.6899812
-17.2494218 -114.3248396 -2.1128268
-8.7504105 -116.8758574 -1.0506649
-17.3212762 -117.2966975 -1.2330534
-11.5520021 -117.2361917 -1.0350398
-16.5488161 -118.4294793 -2.1159775
-16.6635884 -114.3215781 -1.8652915
-16.6369676 -120.3802926 -2.8659082
-13.6907452 -120.4464080 -5.1124771
-8.5887784 -117.4414503 -2.1264103
-16.2224979 -116.6007669 -2.4237173
-13.5278228 -114.4929325 -1.9750730
-11.5312158 -116.8494364 -1.5988917
-12.9227596 -137.5243449 5.1285247
-14.3917771 -116.1621079 -4.6415150
-13.8596386 -116.0912193 -2.3470492
-15.9663234 -117.1187551 -2.1185290
-9.5540354 -115.9248332 -1.8258150
-7.1921545 -114.5844060 -0.9032293
-11.9741809 -115.6973832 -2.6583802
-8.5408825 -119.8448403 -2.4651540
-9.6982481 -116.4871369 -1.1557729
-5.6079071 -118.0154472 -1.4882009
-9.3102726 -117.2977506 -1.1700227
-11.4366016 -115.9958177 -1.5264049
-7.2477118 -115.3532647 -1.7816151
-12.2775798 -115.6002579 -1.6398497
-8.0745671 -116.5435496 -2.7548606
-8.1797239 -125.9038992 -3.0012797
-9.4419058 -123.7582458 -1.1348510
-7.8135155 -115.6815818 -0.9467901
-11.5395946 -132.2725604 -0.0103160
-8.3069750 -117.5385659 -5.1107205
-2.2109844 -120.1236029 -2.3397991
-4.3539936 -118.4524638 -1.3417414
-4.9742649 -116.3498020 -1.2571696
-5.8582643 -119.9626010 -1.6299223
-7.4666170 -120.3194368 -1.1981746
-10.3582339 -116.4291103 -1.7329387
-5.4468272 -116.5194456 -2.1135031
-5.3503965 -114.3959381 -0.8593985
3.9418384 -115.3642070 -1.2086380
4.4649566 -115.4517828 -0.2836090
-2.9026037 -116.7928491 -1.3600640
7.1226453 -115.4676100 -1.1674002
2.2840238 -117.4758378 -1.8111388
-5.2098973 -116.3750866 -2.0120411
8.7725176 -116.0742517 0.7370507
12.9490027 -113.4218710 -0.7260870
4.4822063 -117.9455761 -1.1295772
-4.3571679 -115.3866058 -0.9681048
5.4642706 -115.7559137 -0.9961821
6.5318359 -114.7799153 -1.4975327
9.1661843 -112.5961783 -0.5622197
10.2032081 -117.4305830 -0.2964579
-3.0125826 -115.9557740 -1.5590882
2.9151164 -113.6222558 -2.8108352
3.3695071 -116.8850070 -1.7806309
127.9378411 -121.4135298 -16.8227429
0.7179428 -116.7215215 -8.6095462
3.7720995 -112.0781655 2.4347935
10.2497394 -118.1736529 -0.8888853
9.2500879 -115.2131822 -1.9024603
5.8747491 -115.2111150 -0.5772887
10.9551882 -114.7322546 -0.7333518
17.0003435 -115.9085670 0.2413916
8.5847432 -116.1100291 -1.8072033
17.1686577 -115.9509991 -0.7344264
11.4805345 -115.2602245 -1.9546493
-1.3533792 -115.6282020 -1.5747764
20.7759618 -115.0236312 -0.4028635
14.5823445 -114.3129568 -0.1333210
17.0480428 -112.1416301 -2.3875567
14.0858990 -114.6654155 -0.6086808
12.7153829 -112.2762612 -1.0722546
13.4885595 -114.4626384 0.9303767
27.4561221 -113.2504233 -0.9351406
20.4852549 -115.4183107 1.0236851
19.2093403 -112.7685066 -0.9700196
24.1958423 -114.0453231 -0.4301340
19.6515282 -115.1549285 -0.5314620
23.9081463 -112.5941161 -0.8055728
28.9260934 -114.5853369 0.3853491
24.9349519 -114.5194112 -1.0174869
20.5219622 -113.6717382 -2.7765054
26.8637290 -116.4340329 0.4087053
22.0203718 -116.3285409 2.0777078
37.6101322 -110.0090159 2.3377375
28.4748830 -113.0781275 -0.9072636
26.6059150 -114.5287232 -0.7926262
17.2624661 -113.0003868 1.2810333
28.9972887 -112.8229572 -0.4485573
31.9042966 -113.1743538 -0.6305925
28.4327909 -110.8785085 0.1068263
31.1574645 -106.7293507 -1.5300810
34.7315054 -111.5054083 -0.3297043
35.9489742 -114.1827301 0.6406156
34.5385270 -114.5689022 0.0958477
39.7755013 -111.3483542 0.4411070
38.8491372 -112.0480032 -0.5288266
40.8012565 -111.1129588 1.5034996
41.7147190 -110.9586027 0.3199589
42.8352595 -111.0591212 2.3348490
35.5396900 -112.7853347 -0.0895278
40.3783956 -110.5091606 0.5985248
41.8356782 -111.7530926 0.5395195
46.2499691 -110.0374993 0.3962052
50.1654080 -110.1684410 0.3906454
47.9454083 -110.3239799 0.5538413
47.8765329 -109.9277543 0.7367472
47.1369907 -110.9584722 1.1333895
48.5355059 -109.6734552 0.7231560
41.9155795 -113.4815347 0.3461821
44.5878074 -110.8770494 0.4305027
50.9937430 -110.0268914 0.6295609
45.4875813 -113.2761505 1.0763552
47.5273081 -108.5167821 1.3773368
49.2947486 -108.0036699 1.6802305
52.9648435 -109.9123186 1.5121986
49.4350633 -108.4774447 1.5946003
51.1154705 -110.3585422 1.2022859
54.3400222 -109.1605224 1.7412275
53.9777592 -108.7918531 1.5459680
56.1987955 -108.6139861 1.1959119
57.1811164 -108.1595502 2.1555354
58.6201970 -108.8161248 2.0301679
55.2025158 -109.8598128 1.9016332
56.7563381 -108.6239390 2.2833045
55.7585737 -109.0867907 3.0296120
59.3919617 -108.5246689 2.1153525
58.1997945 -108.7411569 2.0033187
58.5120445 -108.9103908 2.0998128
59.9196502 -109.5892978 1.5794955
60.6448692 -108.9751046 0.9357380
61.0546256 -107.6888456 1.8861685
62.8058969 -107.7611026 1.6442448
60.7622335 -109.4980272 2.5912192
59.3586347 -108.5842656 1.1395073
62.0717164 -108.4500429 1.1752268
62.4676384 -106.6762339 3.8301977
64.5015747 -106.7379082 3.5161771
62.9937617 -107.6950562 1.9977948
62.7750711 -107.6364213 2.2149579
63.0496588 -107.9707615 2.2197042
63.8938407 -109.1262623 1.6909201
64.7496912 -107.0941146 2.5714150
64.5108858 -106.2229205 2.4187790
65.3801494 -107.5488652 2.4285595
67.7188333 -107.0143023 3.1951766
67.2088894 -106.4318716 2.4550556
68.2085575 -106.1031197 2.5945260
66.1491195 -106.9751366 5.6751087
68.2283148 -107.0033266 3.8616634
71.0188852 -104.8865696 3.4771633
69.2260625 -108.4341882 1.8454715
69.1410963 -102.1329208 3.3806567
70.9099595 -107.9826571 4.8957972
67.4130572 -103.0189121 3.5252090
74.5245733 -105.0637443 3.7675194
76.1692021 -106.2616233 3.7948430
73.8624510 -104.5935012 1.5880910
71.6305729 -104.5991077 3.8569132
76.1083283 -104.8344055 2.4672170
76.5581956 -102.6845349 4.3456491
76.0626887 -101.7331244 1.6989550
77.8018049 -102.6690642 2.6875335
76.0068730 -100.4539174 3.6822916
79.9782314 -106.1819650 2.8005104
78.0755094 -100.3328230 2.4397723
78.4481575 -99.6660711 5.0233004
79.0948270 -101.0195473 3.4683780
79.6349091 -101.7276284 4.0497979
82.4114780 -111.8314122 1.9930674
80.0228354 -100.8288554 5.6819632
80.3014722 -100.6249699 5.1256763
79.9774412 -100.3667539 4.5257417
79.8237440 -98.0224200 4.3320710
78.7441166 -97.2146310 5.1063041
79.4188706 -94.5622401 3.6176327
72.3964803 -93.0135745 4.9915884
80.2771379 -99.1485598 5.0814265
78.9547522 -94.4676428 3.8150390
81.4633966 -102.2517652 4.2583858
79.1335870 -96.8481368 2.9724426
72.6825032 -88.0533402 5.2703421
84.3677954 -100.6999050 5.3092621
67.3964040 -106.8115594 -13.4488476
88.1962201 -97.3302183 0.0040791
82.7331131 -93.2063272 -7.7240030
77.9565390 -98.8119420 3.7310175
72.2952755 -99.7676532 4.0002031
73.7147906 -102.6994611 7.0267914
64.4569464 -103.5510856 -0.9926519
80.7050989 -94.7732016 -3.3224781
66.9216223 -99.7426045 2.6101650
88.7593945 -75.7307911 3.2744851
68.9137018 -64.8428197 5.0216889
72.3244073 -97.2770218 5.5026499
55.7416809 81.9567880 6.8630626
79.0557044 -97.8823939 15.8281892
70.4520642 -93.2127007 4.0243005
58.6237552 -98.1212486 6.2864274
72.1220589 -93.9954826 5.7871104
73.7817664 -90.1307851 5.3012163
73.4976312 -90.7891780 -2.0140651
72.4547627 -90.3576285 -2.6208075
72.0206847 -89.5649384 2.9773339
71.6083653 -83.9931419 2.6756743
76.5337203 -83.9616886 1.6765059
82.0088391 -82.5273542 -0.9120678
77.1261518 -81.7356668 4.5737709
83.5176489 -81.2187129 3.9264348
76.5186449 -81.6108642 2.8752293
76.3876251 -83.5266801 4.7170756
73.3582514 -83.3113010 2.8861078
78.3349104 -76.8243297 1.6159311
70.0934469 -80.3740922 2.4810610
73.9827938 -80.1389456 2.1006327
60.8793061 -86.7314858 0.0987408
73.3277311 -82.1843144 4.1351124
70.2049328 -83.5555034 -1.2946747
74.4184097 -83.6102990 2.4147090
78.4654303 -76.0812474 3.7898239
69.2310825 -80.6628974 -2.3797815
71.7777540 -81.5257180 1.8622422
73.7096263 -77.7722344 4.8733004
74.7851947 -75.1613967 1.8790198
67.5784626 -74.0898910 -1.3477482
73.6571607 -76.3385907 2.2619939
67.5262443 -75.9312187 3.9679485
70.5123345 -79.4034742 0.8831538
74.9014461 -75.1173755 1.8697322
67.6020241 -79.0213380 1.5666832
76.0773140 -73.5171767 2.8762071
71.1111521 -76.4898830 4.2191088
67.6981365 -75.2326783 2.5789403
74.9097778 -72.9841368 1.8255178
66.7765975 -71.9379160 1.1402524
66.4303950 -73.4859794 3.3070351
72.9229126 -73.9742594 1.4976964
69.6662445 -75.7543048 2.6661897
61.4086850 -63.3500879 1.4589473
71.9979611 -76.5883946 3.2259033
64.4384933 -65.2741924 1.7292434
64.9262243 -77.8644565 0.4438878
68.7326405 -74.0124242 4.4187407
68.0916800 -69.7370453 2.8896327
72.2342713 -71.5078392 2.6943396
67.0058003 -70.8022854 3.1869109
69.7574499 -74.2397449 5.6877892
66.8852716 -67.3331821 -0.1054842
68.3979438 -67.9786814 2.6939370
67.1375734 -67.0188682 4.0741745
57.9936188 -71.2324841 1.0974488
65.7799650 -70.8509948 2.2880760
60.1990419 -72.5424575 4.0287807
70.2867963 -71.2044545 2.4859372
68.1272780 -69.2646934 1.5000112
66.4090501 -69.5332659 0.6073645
68.4538603 -68.3755456 3.8904468
66.3605532 -68.8625576 1.6406658
62.6542138 -66.4583186 2.7553939
61.7274503 -67.6226275 1.9332523
58.9301702 -68.2374238 -2.7653539
61.0586612 -69.2206132 2.7542240
75.1622294 -67.3692113 4.3664590
60.1747214 -69.4926733 1.9310802
57.7528362 -70.2652511 2.9919734
62.2124485 -68.5613901 1.5744525
58.7241086 -70.0404619 2.8207995
57.2909412 -69.8617177 1.5923418
61.2776937 -67.9513636 1.9082384
65.2124984 -71.2804453 2.5520997
70.7702209 -63.5441125 6.1251668
63.9385616 -68.3594019 -0.4225716
61.7177730 -67.9775931 1.8506217
65.3422087 -70.6619993 1.3395048
61.2776937 -67.9513636 1.9082384
65.5351313 -70.5217858 2.8041277
66.3400029 -69.0823505 1.2323877
66.3802721 -69.6874116 2.1521718
66.1478049 -66.9463254 2.3593625
65.4399878 -69.3550152 2.3524940
66.2967168 -69.9684263 2.1764931
