4.7542675
31.0647147
15.1949809
4.4967700
8.9933299
29.0607899
4.9074312
4.8856599
4.8408230
9.1663645
32.1369134
5.0218699
6.9843201
4.7959485
5.0200973
4.7485920
4.6090314
6.2597921
15.9378561
14.8628507
29.3462049
6.9386225
15.2325701
25.9983510
6.5407048
15.3002881
5.8944248
11.5185048
26.1331236
4.5948938
4.6931433
4.7550538
5.0914123
15.6788657
29.5041708
5.0573535
14.8694449
32.1455444
4.7407237
7.6224800
7.0041962
7.0722583
29.5037015
15.9433717
5.9181182
5.2782183
6.2827631
14.2146966
8.9944408
15.4389884
6.9827811
6.7924795
15.3931399
16.1345665
14.8494824
4.8624699
5.2430955
15.5488295
15.9100955
9.9613081
4.3666056
13.1914280
25.7724104
11.3116482
15.8423668
4.8909919
5.0793576
4.9094977
14.8334164
8.9738956
4.6091210
4.8608304
15.1320836
15.9329394
5.2592890
15.0763032
4.7524250
14.7586237
5.4757653
8.2563039
4.5079979
4.9332572
9.5155508
6.7485308
4.5417095
5.7317622
4.5579835
4.6705770
5.5187679
5.9555955
4.5855688
5.1581747
5.2822629
5.4326276
4.5138802
5.4706656
5.3030492
6.7877156
5.0813178
4.6686376
5.0403696
4.6422244
5.2682832
4.3748707
5.5205946
4.7562596
4.6914797
4.7557793
5.9505489
4.5388320
4.3125362
5.0888433
5.0543483
4.8435569
4.9245709
4.9346264
4.3030709
4.8046358
4.7036400
4.9813657
5.2172469
4.5612028
4.6899777
4.8048149
5.1261652
4.6081252
4.7136547
5.1953433
5.5211485
4.9579996
5.8245378
5.3269099
5.0672914
5.0030220
8.1113582
5.1293962
9.7906291
5.5708571
6.7885463
5.5393456
5.2405931
6.8178311
4.7964201
5.2257180
5.5021881
5.6994165
4.8634671
9.8917458
5.8107315
9.2440292
6.2905234
4.9893027
4.5175422
6.2438947
6.3661521
7.5370495
6.7170286
13.3913837
5.9402070
5.4132048
7.7571362
5.4073807
5.7917910
10.6890084
5.9554801
8.6538681
5.2901123
5.1597471
7.6241564
8.6982974
4.4378429
8.2364165
8.5071930
11.2839749
4.2266997
8.4320688
4.4317535
4.5821089
5.0321290
8.6583552
5.4350766
13.5693617
5.8283426
3.2888638
8.3706106
11.5884743
5.1400756
3.9816180
14.6206581
4.5447472
8.0541264
3.8006664
12.7286017
5.6310477
9.8560731
14.1317163
6.3216081
10.6470953
8.9793202
7.9231999
8.9136984
4.3838029
5.7581439
5.5048518
14.9106441
5.9561796
6.1138750
7.9069934
12.1851350
8.0248402
7.5824047
13.5915128
8.6505336
10.6973205
10.2023757
8.2531238
17.5209304
10.7206451
9.3756100
4.8443527
9.5270153
9.5857366
3.1122876
13.1652026
7.5922679
7.6594790
7.3516683
5.8115779
8.4449234
14.2714640
4.6371481
6.8931664
4.8745901
11.6356094
17.9004087
17.9146583
21.9371877
6.0546003
6.3737379
5.9411658
9.5432290
13.2134685
5.1075490
24.6100876
3.1806265
4.2610466
4.1592212
5.4248718
17.2822822
38.1558877
3.9983934
9.9383744
8.9904876
16.6780339
19.3893708
9.3228895
19.0553174
5.3253819
13.2248736
15.9576367
7.7726771
4.6901779
10.4356877
10.7554020
4.9139594
6.0926344
151.8452493
1.4593974
8.6724658
3.4453525
4.6398276
3.2819016
8.6414076
4.3321137
7.8427843
3.7436382
5.0695797
4.1712412
1.3685581
2.9184811
3.5947937
5.9210596
3.0593557
4.4369703
5.6580257
6.1017312
5.3663166
2.3694283
3.0289007
3.6044188
9.0689283
4.1555181
2.8148209
19.8157664
3.7282635
5.6494760
3.7274279
3.6089093
3.7423195
1.8805791
6.9167994
2.6347868
2.7464895
23.7793934
47.5238046
5.2208721
3.1805969
1.7811068
1.6023002
3.7073092
5.8615958
3.9348953
371.8911118
341.4506632
261.3549252
395.8403075
3.4988606
49.4917193
19.6046415
64.9442640
6.7239312
2.9101142
4.5939677
29.9596929
70.6296293
7.4699716
8.5703681
3.0541180
415.5003308
70.9637863
502.6177912
6.0509111
26.9028673
14.2382322
437.1917288
35.1787713
14.1044862
16.4442599
5.8747226
9.5446671
27.4361856
14.3259447
5.4094959
15.7127316
6.3505818
23.5852713
12.0625560
407.2105024
16.3466568
4.2836633
35.4248008
13.5114872
421.8280283
63.5276468
444.7156736
509.6208943
448.2495654
427.2152979
7.6468943
9.9316814
22.2629921
4.9472305
43.3976896
8.9677257
1.4659934
407.4321347
38.8130105
28.3520118
6.2102538
1.4319616
2.4167066
10.7732396
6.8056944
14.8837443
6.1198191
7.8218174
2.4190647
7.7073520
1.7105893
16.8036547
13.5315870
13.3999720
28.2810331
27.2318908
9.9019384
8.2103083
16.0880715
4.1819214
21.3412551
19.5734564
17.3477118
31.3906155
5.3058276
1.5512955
6.8680577
20.2210981
12.0398102
27.4204990
55.3329699
9.4943582
48.7658088
444.6053105
393.8949795
438.8136465
406.4892350
422.7479369
473.6326997
65.9756880
487.1896539
503.8076148
503.8024543
515.4129429
509.5683468
507.1540922
491.7027721
513.7264571
447.0708995
496.0791419
390.2738873
447.7968338
488.0457327
415.0303981
423.5034421
485.8939113
3.2774718
474.1328957
475.0249967
2.1004412
24.8993988
46.7525686
53.9607095
16.7923062
4.8647905
44.7245257
8.5837924
38.9194001
15.4592752
47.5880712
14.1519951
32.7805474
437.6322913
465.4550685
432.6394792
474.1091016
488.1286156
410.5824731
441.7968228
40.3709486
495.2110191
497.8493431
26.9675240
53.2965972
41.1997584
29.7470873
28.4263095
11.4511252
8.9853064
5.1742660
23.8232808
9.7711655
36.8365882
42.4318036
20.5343487
11.3679975
34.3916310
46.9802899
66.0269021
53.5540752
54.3126483
7.7290209
482.4698169
32.6458754
38.5272618
479.5690786
18.6880343
30.1889507
39.8449281
21.3128211
5.8424752
32.5782218
404.3084689
397.4470043
396.4344489
20.7955928
24.8076530
50.3763124
20.7579739
9.6138717
7.6207533
5.0048922
62.0594250
54.7124587
10.2208774
473.5100483
8.9869395
18.7179801
9.4713015
43.0977070
16.8501723
40.7629874
2.0217963
21.0189254
9.1849540
9.1344494
42.7146321
419.2052902
21.0478753
7.7155117
6.4812480
9.2605742
16.6181404
2.5298762
400.4578265
28.0552860
405.2762948
73.5560018
8.7231917
0.8478873
43.3858194
3.8508285
7.8312657
20.4233689
28.3327814
10.6375528
21.6221585
14.4852812
12.4221632
10.5899764
32.1415873
13.5827006
54.8345905
416.4748026
15.8045601
9.4265324
338.9783954
26.9865784
56.2911653
5.4374135
0.7191041
2.8087618
416.0205018
11.2542381
5.9090371
13.3121404
32.1409336
6.0602065
363.9447100
14.6071148
49.1385606
400.4373795
436.2211207
429.7978541
341.0626428
373.5203300
33.9664895
11.8609879
424.6582854
400.4885772
26.3707263
18.0603149
27.0940575
393.7580553
6.1560853
40.7908831
375.0704238
416.9231918
314.0777109
28.6770134
10.9984426
17.5637830
11.5377034
326.4416506
341.2882787
35.8083421
26.4227558
318.9685475
410.7384528
34.4414792
119.4302469
380.7705576
326.1901451
408.2691868
325.7434474
318.6272742
29.3117762
336.7524261
429.7612454
28.4911638
18.9229147
11.6574395
369.0596131
60.5714932
14.0681154
4.5575415
14.0424234
264.8640998
5.9092692
7.7262501
336.0751098
11.4859695
19.8276417
16.7945259
4.9503042
15.1766783
14.5406777
4.1507172
7.1696894
320.1946987
446.0050548
385.9994575
77.3501328
20.2732437
8.6288685
82.6990660
26.5615807
49.2539810
53.4591415
48.0744616
10.5268952
5.4754142
46.3188689
11.2119848
40.7806122
89.9868416
331.2883987
313.2809654
24.2878985
26.5160121
6.1511212
12.1889358
24.4040897
4.4581991
3.4077584
7.4355867
24.0287180
16.2681939
16.9438230
6.9272073
3.5752918
5.2386940
33.1975510
18.1499987
21.3052325
19.4328959
32.3353614
18.0107379
3.9422219
38.9205178
52.4406299
8.9024215
13.8759225
11.4938952
26.3547277
25.2622180
1.8430177
4.6374255
16.4410900
8.9044775
0.6288214
2.4996782
47.4812637
8.1324499
25.3048825
9.2433978
10.9586373
11.0826054
8.6102937
10.8051952
15.4124615
11.2447236
14.3100782
34.9817061
121.7076192
8.6020623
37.3695875
12.3562693
11.3835527
19.1673719
23.4264159
2.0738243
2.2463616
14.2751059
20.5728876
28.2445437
65.5673920
10.6876419
48.5742346
25.8761531
21.8172326
11.9399277
32.1348010
52.9357156
299.5194739
456.8792733
302.0570920
10.2764345
17.1233698
10.5170849
11.2263712
43.7101665
10.4982573
44.8505118
45.0101220
141.5867831
25.4334248
28.6430813
10.2858341
5.5557389
4.0478072
5.4792892
6.8871827
2.6051574
18.3134175
27.0038758
54.1677634
24.6211324
20.6508795
2.1610742
13.6800463
10.0133232
10.7188350
15.5559149
54.2835398
10.6593202
5.9814806
4.1535814
10.4328571
5.0807742
283.2774313
5.8623693
10.8422585
281.7138626
5.1624807
5.3279433
8.2358107
7.1378890
5.7750879
4.5365620
3.4008795
7.9229493
8.7439008
8.2400954
13.8118768
6.9851258
9.8554247
2.3033224
2.0550564
2.9499133
3.5734642
3.0761626
2.3798695
6.4249681
6.4052517
1.5328586
2.2535113
1.5214470
2.9241244
4.0884653
3.3274105
3.6962351
2.5433477
1.7894918
3.2752362
1.8500847
0.5998684
1.2931298
2.0270723
0.2577253
1.7542404
0.8274743
1.8099923
1.0871289
2.3917788
1.1893399
2.6222970
3.1041990
402.4052579
286.2590818
0.2106341
2.6852221
2.5167994
2.9982970
4.6825945
0.8755058
1.3892292
4.1007839
3.2168663
3.7836786
2.9001910
3.2584169
2.9882835
2.4518341
4.8691242
2.0932256
4.0342604
3.5763830
1.5827409
2.2939288
7.7617837
4.6680657
5.7402329
3.9428836
6.9665000
12.2569031
6.0089061
2.6369642
7.6958097
21.5388395
23.0039812
18.7039669
20.2149674
4.2094881
15.9027408
16.8462567
5.1939942
10.2947776
5.6255339
9.5414579
4.0454182
7.5293478
0.8021140
19.8319675
4.8436652
14.7958835
15.9557455
0.9999725
16.7001790
19.2487162
21.7803453
21.7517217
7.0500205
11.2914509
14.7536566
17.4898847
21.2224166
19.0218656
23.2249318
7.7708617
8.5772926
20.7300409
11.4813623
15.9480337
0.7627700
12.5819835
4.2893165
16.3154535
14.2526459
6.7976005
8.5592777
9.0967496
4.8960388
9.9094308
12.2616879
7.8854524
4.9721151
3.0252618
2.8632012
14.9113053
12.8441300
3.5813079
5.7277298
10.7572267
22.4036245
3.6377157
11.2700728
3.7259453
3.0248284
3.4737026
8.3045956
4.2493965
13.6540538
2.7697952
5.0293646
1.2883622
31.8478623
2.9472743
34.2908972
14.3681010
5.2858009
7.7729212
46.9064172
13.1612902
27.3884709
32.4994417
20.6735505
10.7860616
3.2519485
1.1593615
17.8912442
4.5374302
12.5615957
10.7590883
5.3151033
8.9641935
4.7683788
29.4118652
9.1692274
4.0801466
8.5180101
8.4631008
14.4820690
12.4302564
4.1911663
8.2891189
1.9413972
4.0461801
6.8012043
18.4727780
14.3214760
10.9290174
6.7065404
17.4574133
6.4558540
11.5324772
10.4096331
5.6569927
5.8526695
6.5534222
1.1611218
5.2962812
32.0035925
46.2228213
5.9622069
10.7111921
29.8527797
3.0299968
15.4165138
2.3724681
2.4423249
4.6543261
13.4136135
1.3328304
18.1849819
13.4680034
5.4841890
3.1938628
6.6036824
9.4823053
6.1165958
2.0310849
3.4438039
3.5156953
5.3923625
0.5652243
6.5448769
1.5870453
2.8474528
4.1216556
10.4809736
4.4525658
11.7651631
0.9246820
1.7730381
6.8129557
3.5423097
2.7109956
4.4201595
8.2653595
3.9892945
16.2007676
11.1778778
22.9959542
6.7072085
7.1363735
12.0957012
10.0875145
1.3225897
4.3781259
2.1014685
8.9310477
6.6478976
12.1413647
14.0362844
8.7308523
9.2551161
13.2483376
6.2904043
11.5809055
2.9548923
7.4695886
19.2216300
7.3993006
7.1768942
5.7774750
0.6416632
9.9077478
7.1473894
2.5541157
7.0148707
10.3639445
6.4710323
3.0135529
1.1207294
5.8486543
5.5527546
5.2250492
11.2560435
12.3594348
11.7771767
3.3924984
14.5408493
6.2458299
1.2616923
2.1479057
7.6611159
6.8086281
7.1107717
16.2854375
5.3851920
22.2590349
5.7194497
25.0505429
11.6775527
13.2101399
9.4444650
16.0747571
27.5261499
4.8132883
8.2925008
4.3008478
3.1352014
7.1557788
7.6264243
8.4328048
3.0935094
1.0024104
7.0336311
9.0133435
20.6375635
2.8809988
4.4295833
5.7655805
9.0000343
5.7435319
23.8857378
6.0269731
29.3761308
27.8953438
6.6003676
6.9093254
4.6125433
21.1557806
10.7583520
9.1455730
5.9704280
9.6782436
8.7045449
1.1868419
7.9998310
0.3226152
18.4189382
13.1586818
10.3936693
4.6727631
15.3243622
9.8609569
2.8148304
19.7406260
38.1916910
1.7600789
14.5723737
7.7005700
3.4330651
34.1732223
14.3804259
37.8467686
3.3320859
3.3585693
3.0181547
28.0011143
9.6389399
5.1730163
3.8749000
1.7621659
11.4787781
1.8550284
4.7841294
5.5997132
0.7829594
3.4246618
3.7165609
2.4022808
2.2384438
4.7983263
11.9205966
1.2865036
7.2164719
5.4310390
4.3182966
24.9430928
3.4261839
35.1465957
16.2555406
4.7096137
8.9204008
33.4452249
12.6501143
18.4471687
13.8516496
3.6764342
33.3662239
13.3577775
18.8211682
5.1034293
3.9304901
15.4058430
21.7319136
4.8497475
9.6072388
19.9887715
20.1710035
2.3648011
10.0019123
1.1166578
8.1558739
1.6149145
6.4304519
5.6483251
2.3239876
4.6857748
24.8422044
1.9521418
20.8135150
1.5985754
8.2819843
28.9016933
17.8237713
6.6553581
24.3786227
9.6163440
8.0616181
1.5086584
8.5788017
5.0952082
10.3992238
7.9287562
8.6176727
14.3077443
8.3216789
27.5595190
2.3262626
1.7513898
1.3755353
3.4162156
2.0037270
7.2534286
0.8117910
4.9274480
11.2648528
19.2103535
14.3674203
25.5259969
12.4188457
7.3908633
4.5808650
3.9589170
6.3558993
5.9359488
6.5905539
4.7003323
3.8810352
1.9749313
4.4864621
4.0276105
5.1155965
3.2961633
6.3769508
6.8111677
0.4317162
8.9147664
4.8894951
3.3051790
14.9924619
2.3763568
3.1048368
18.4843295
5.6307775
7.7937557
3.8772209
15.0279491
9.2995236
7.3194275
20.7819738
5.7599605
39.4904155
4.3696644
17.0537885
10.7954062
1.9881581
6.9927664
4.1779291
14.1160719
2.8638900
6.7568747
3.0341997
4.2816307
21.8347590
0.8151223
9.8015604
7.9626295
27.3243535
15.1655673
5.0947420
8.3719295
3.2148013
14.5499662
4.5565198
11.7272240
1.4789406
12.3571472
8.8444312
15.3223220
3.0117756
5.3875863
5.9984510
13.1965639
9.6230499
5.0543470
4.4318620
3.2336368
14.4603329
3.0063085
14.7425751
13.4073762
25.9631831
6.4434349
5.5948075
23.0300023
4.8631599
10.2037385
17.5500803
4.0938929
21.1813803
16.1879525
5.9848193
4.7488788
4.3102866
7.0704629
8.5095049
26.9454193
1.2981646
6.0809742
3.4975650
8.5436172
22.6318601
17.5061053
9.2856255
24.4413982
2.4661658
17.2441420
30.5714450
25.0675047
10.0845770
0.5020597
1.8958766
19.6838896
15.7994648
30.4867994
143.6527060
3.2526297
10.7048866
5.9566984
9.8979605
3.5857656
5.1971287
4.5840514
5.7903019
3.8234954
1.4354214
6.1924337
6.3272946
8.0390892
5.1520597
3.7410625
3.6364278
6.4909042
4.7316241
2.4770056
2.6578688
4.6838798
1.2543305
1.4460200
2.8057369
3.3703263
1.4984430
4.9194029
5.0920860
1.2864667
9.8710069
8.1460465
6.6723422
30.0104296
24.7427102
6.8418598
8.4660673
9.1041900
2.6942760
3.5146601
2.9913817
1.9245989
1.7908722
3.6683385
3.0230249
17.3752894
22.1670194
8.7011721
11.2080306
70.3474137
16.6028283
22.6649244
23.5058742
25.5320889
15.6320914
20.0563118
11.1929200
3.1708738
14.7328741
1.8221315
2.4898855
2.4527593
4.1181887
3.0223404
4.9208332
0.3329830
2.1196835
4.1520599
1.4624652
1.7300891
2.0880798
5.9977179
2.5708149
0.3157882
1.3005555
5.6834711
5.3717796
6.6511092
7.0064998
3.2382300
0.3661028
2.0818402
0.1458131
0.3555535
5.2132929
5.5488773
0.4333460
9.2027845
5.8892895
3.8116054
1.0194618
3.1516731
6.7847141
2.0768949
1.1569523
6.0018321
4.4818366
1.4447193
3.1014221
3.3301043
1.3847899
0.8682136
0.5542886
0.4682416
2.0950507
0.8246185
0.6462766
4.4190499
0.6343153
5.4421139
2.2438786
1.6880196
0.9389561
2.8712671
3.5495155
1.0514927
2.3138385
4.8367552
5.2303808
2.4958059
7.2780644
3.2176932
3.1704456
2.3765576
3.9409806
5.6510021
7.9727079
1.9750146
1.9592758
1.6643919
3.3590919
5.0387111
0.9945018
2.4244391
5.5471148
6.1026418
6.4418079
9.2253107
2.2184952
3.0872093
1.8611151
6.8869530
2.1930508
5.8287873
3.5809072
3.7416629
10.2377452
4.6155297
5.9903595
10.0394793
8.5811002
5.3274781
7.6552705
3.9371463
5.8716980
1.4354039
5.7999342
1.6254892
3.5118289
8.1741174
1.5400165
1.7992640
1.4215165
12.5768868
6.6750893
1.7092150
1.9074307
2.8964910
4.0471861
4.8296515
3.6704237
0.9769756
3.4176022
2.3141073
5.3657867
1.4448581
2.0246407
1.0726682
0.4724376
6.6006908
3.5766017
5.6185506
5.2341574
17.3150096
3.7765911
2.2159143
4.6326255
4.1026140
4.0765229
3.3883766
2.7233299
2.2356527
3.1394674
4.0995489
3.3930852
3.2563263
3.1746588
6.5873671
2.8579664
9.0192802
5.9749576
5.4478076
7.7318890
2.8175527
4.7984359
5.5537063
7.0776856
6.6147737
72.5737549
96.4923971
50.2741209
30.1183076
54.2184464
6.6089458
5.6738142
28.5297442
29.0595127
3.7989846
3.3187413
12.4733186
5.2088072
8.6521717
5.3409433
12.7871347
10.8731802
4.2690192
4.5344453
7.3866699
2.8443052
4.6065022
13.7861281
13.4596500
5.8475580
19.1762041
11.4867754
9.2795766
5.2801575
4.6487183
6.1215288
3.3579391
6.0238613
4.9146195
8.6751066
7.4421461
9.1821204
6.1388241
7.3871927
10.9549254
2.8105269
4.5458658
14.7820363
2.0760123
8.6954688
12.8834953
9.1715212
6.7437898
9.6708803
8.6092078
8.8322129
7.3808926
10.1429299
7.4724456
2.8362812
8.1495888
9.0265478
7.6401416
13.7799418
5.5870880
7.6691077
6.0731348
4.5588156
37.8642104
1.9418842
4.6273252
2.1207208
11.9310335
9.9502479
0.8140159
4.1486551
11.2667711
4.8369500
1.0237359
6.2543556
7.4349989
11.1547504
4.1641614
2.2325110
2.1555250
9.8174001
3.0004575
3.7879262
5.6213177
7.6292602
13.3203246
7.6245025
4.1121020
3.8519679
6.7307405
7.6354566
11.6576573
3.8574129
8.6244534
4.1289406
2.5691387
1.5194697
1.8709583
3.2450144
4.9879611
0.5939124
2.5479399
2.1088378
1.4409880
16.3417331
2.4026943
1.7170265
3.5455835
4.0607535
3.2631505
4.8274029
4.0293738
1.9605935
0.6476396
12.6807634
3.2329202
7.6939519
1.4329713
7.5969507
22.9384112
9.6127218
0.3084251
2.6403940
2.0789385
0.5965785
3.9351266
6.0295910
2.9121202
3.8736746
1.5970703
8.8370465
4.9383787
2.8963013
5.5989938
5.8887781
9.8230893
3.9433480
2.9653332
19.0816555
2.5093093
3.1957389
3.7607533
5.8027336
6.4821916
23.7461840
8.5368794
19.2186255
12.4421560
10.2050625
11.1636864
16.5552027
3.7626507
10.6132632
5.7778990
10.4642558
13.6228930
4.5027856
17.3387957
95.8667852
52.6548921
19.7108281
52.7615303
90.6178798
86.1113190
183.9761169
64.9717864
46.3501226
10.6130841
44.7694174
41.2843676
19.8770612
68.3851557
18.7905776
61.2387305
33.4306690
71.7776513
50.6158953
64.1353936
15.4114412
85.4365609
88.9670158
42.0616132
71.4687712
24.8892766
6.2513265
7.1167092
31.4520211
5.4729520
5.7718564
7.6676308
358.5567961
46.7445765
254.0593833
114.0212094
102.8051033
7.6817557
1.7602411
2.8096228
272.0612113
11.9297619
4.1676331
9.0141732
27.9408353
5.8694571
9.3060857
3.9639579
4.5447525
8.8301267
7.2418113
2.7567037
8.6361676
71.9517894
100.8663845
18.0419921
5.5841516
2.3845710
0.6015579
8.3373801
6.9128811
4.9495858
2.3654383
6.0752163
0.6872816
4.3204580
4.7548817
1.4653253
1.7542798
5.8365894
3.4635962
6.5403980
4.3718997
6.1166905
8.6285005
16.6442431
7.5321849
20.5498553
3.8448944
4.5401943
4.3525401
3.5540335
2.2941199
7.6324268
10.2633511
4.2102424
4.7013499
5.6001384
7.7575865
20.9580083
537.2069356
192.4702916
222.9879807
50.6294879
122.3176503
96.6786856
145.1504979
15.2825751
39.3647359
25.8265197
104.0833631
12.0152445
61.2742884
104.8540188
76.8985206
79.0544355
62.6566589
32.1080734
26.4100588
17.1336888
10.8869095
10.3315064
7.4249280
7.6114573
5.7911728
8.7832156
4.8922418
6.2915478
2.8955748
3.9514360
7.5378226
23.6260508
8.4910004
4.7447086
7.8902585
34.2639690
52.5472321
9.4454914
5.7490245
6.9623629
3.0991939
9.8484620
13.8153854
11.2463876
11.7170542
5.7913080
9.3193566
19.3758746
9.1896331
17.4681091
30.2633499
22.9353102
20.9137387
10.8104037
5.4904904
4.1676723
19.6371018
20.6419536
16.2141501
3.6942605
11.4846352
5.8096360
8.7395484
20.1890250
15.5844997
21.1959606
5.4173337
9.7878747
6.3575458
3.3184274
10.3110460
5.7781942
6.5239778
2.0661244
11.3527470
5.1757271
7.1083572
4.3356410
1.6129169
8.1234484
6.6501942
8.7177019
6.3816257
2.3995324
1.3366998
8.0083426
4.2874766
2.1662915
21.0313560
1.1999487
2.9192856
7.3761388
3.6608328
13.6548579
10.0266480
21.0704148
7.9846312
9.8044466
3.6265729
33.7614522
24.3265817
12.0158844
16.1360207
32.1059358
16.0355354
3.9597189
8.5781978
3.2345928
9.8903767
4.1448321
26.0657075
16.3203550
12.8140072
4.2099770
16.3369243
19.8350868
30.8398246
6.7937314
6.7592287
17.1706436
10.4165719
3.5917305
3.6047983
9.4357363
11.0740816
4.1000976
5.1926712
6.1456150
8.7617944
4.3086163
4.5582883
11.2360879
22.7323115
4.0047796
24.9727036
23.6047451
7.7518521
15.9218899
16.7445603
27.6596968
6.5285684
22.0650713
3.6677233
9.4944702
29.6374036
23.1813374
3.1173635
3.4790679
5.5866989
4.1438378
2.8893516
4.7363064
12.2750754
3.9089331
4.8050451
5.1775003
6.5180077
2.4199399
11.8062426
4.0973354
9.4457826
5.0318581
4.4611796
14.5906674
6.4111511
5.3224816
3.8626811
9.1137105
5.3640095
2.8783397
3.9441905
16.7474083
14.8264448
5.3366574
11.6096636
25.1693557
17.4356268
34.2453183
22.1049426
4.5902888
8.7994427
13.7416254
13.7265061
10.5296972
4.4919978
4.5807086
2.5013913
3.5932990
9.7299264
7.5264448
11.4393532
28.2407045
4.2095258
6.6882012
11.9656379
4.6542288
18.6761004
9.7533912
4.6066392
9.1916726
5.4583238
6.3202320
24.0895732
5.3806707
11.3526211
26.6507311
5.4646334
2.5432709
18.3228420
7.7037927
15.8141648
6.3753005
4.2913787
2.0722921
11.8448983
8.8681279
8.2686651
4.6053950
5.3184672
3.6570241
5.8896954
4.7860234
3.6015569
5.0371430
4.3973488
8.1310185
13.2581857
7.7140729
4.0663418
10.6923036
2.8583427
4.5037919
3.9131419
7.1948815
7.1854855
2.9096944
2.4177416
34.3897169
3.9738921
2.5521501
2.5052978
3.1470962
2.1300385
2.3456323
2.7311863
3.4732046
9.4248741
2.8937221
2.9269433
10.6638744
2.7187764
2.6804601
4.8483531
7.0293977
3.7078704
2.2545674
2.9877926
5.6479230
4.7766041
12.7462376
3.6257217
6.8043903
7.0377323
12.2490691
20.6560377
5.8898302
11.5260983
7.5496528
3.3867525
8.1094304
19.8159033
9.4641224
8.8818430
4.7862438
11.3183540
6.8532039
7.4274602
3.2390278
2.6973278
8.5296294
25.3252024
7.3465215
12.7587880
12.5906164
9.8449419
13.3196484
4.7249582
10.3426286
3.4195780
6.4187964
5.4282851
7.7939448
8.5409472
4.5295520
10.5416116
2.5962781
4.0369498
5.1575998
13.9831245
5.2307677
21.1596184
5.3566649
7.0319386
14.9597704
10.0327136
3.0521237
2.3977991
32.2367031
2.9548031
14.5155163
10.7218584
15.0387682
7.4647812
2.8867934
6.8627521
9.8556986
15.2950956
4.2456697
11.7301745
11.6695876
2.4921247
8.4670939
3.3108085
4.1040340
3.1069855
2.5940695
2.9362570
6.1989348
6.1444441
3.8281591
4.3170183
5.9561773
6.0809660
10.6698837
6.3215109
4.8837759
13.2807445
4.0987370
8.7025518
10.0111093
9.9669295
2.8324168
2.3496136
3.2656148
13.3411027
11.4466645
4.5331872
3.6306202
3.8035322
2.3595836
5.0432967
1.4600423
6.1857769
4.0837807
10.0963689
19.5474054
9.4391920
7.9511303
5.8636273
12.7528086
3.8261668
1.1533994
6.0022887
14.8828964
2.8828784
7.4790756
0.8295838
2.5531311
18.1250569
13.7677274
2.2843401
17.6842065
21.9438775
19.5590193
4.4894639
40.2611705
2.6429267
30.9587069
2.0898464
8.5875115
3.8280334
9.0842916
16.5317801
1.4016711
13.8985458
12.3904600
10.3226992
10.3859167
5.9979718
18.1188106
7.5055773
2.8333041
3.9693918
4.9227230
4.6204086
16.2607688
9.4712746
6.9140943
3.0557480
9.7664531
8.9627058
3.1260518
6.1372485
22.2618875
9.8988177
8.2253638
6.0220463
7.1863396
8.4763421
5.7106884
4.1265626
3.3707662
4.3527509
3.9332683
2.4139824
5.8323411
13.2385953
2.3799668
6.8519349
4.5824701
10.6402935
11.4506485
6.1003718
5.5079742
12.7269391
13.3173330
7.1018275
15.7428234
16.0941392
5.1586772
6.0691071
27.6786063
14.1164434
31.8196869
26.8072346
12.0252116
4.5803669
14.6835088
14.8759843
18.9607606
8.0048861
26.7704448
15.9740954
16.4999522
24.7084203
18.8947612
18.2539623
12.8329689
26.6876782
27.1841588
12.9667603
8.1173019
2.2385979
16.3487290
3.5069659
11.3162702
4.4034654
5.1359449
2.7814101
5.6502677
18.9924602
4.8379927
4.8261257
4.0759876
7.3239043
4.4751626
12.1954513
2.3985276
8.4305484
5.7885707
8.3493624
13.0786727
2.5067487
9.8885168
4.5703366
19.4936332
4.3444278
3.2987008
3.1760270
4.4770999
0.9165311
7.0218253
6.2621885
5.3685165
10.0986753
9.2005285
5.3853443
2.2572575
2.7021620
3.7269721
4.0460610
13.1300594
3.0215170
6.1924448
3.5774072
6.9877417
4.2723442
4.7623713
2.6748511
2.6534761
10.7160621
6.9235694
26.3977461
30.5593813
31.5776296
37.1516556
30.6104928
20.5313251
23.9681187
7.6082006
1.9097526
6.9556950
12.6572254
6.2297177
4.7609076
4.0173993
4.1470504
4.2484687
14.8467450
6.6542322
6.0480616
12.5228353
5.6485226
11.6891962
6.5747408
6.3674247
6.2440955
4.5714868
9.3274954
6.4138327
16.4916529
4.6661191
8.8756557
4.7691376
5.3344858
7.0313643
12.3173162
11.0609833
8.5986521
6.0914681
12.0944905
16.4184608
7.6166100
18.0385429
18.6482987
8.2082286
21.2201480
9.7684351
22.6375091
22.9753078
25.6939076
33.6714531
32.9737012
15.0008790
33.6714639
17.4352720
35.9548959
41.5364627
32.6361965
34.9361756
29.9001887
29.8246170
27.9455921
19.9143315
37.5033111
13.3831138
18.5766147
21.9418552
7.2255784
20.8312072
17.3351516
14.6784655
9.9071009
19.3904855
21.7354187
7.3754224
5.6409102
9.8641185
14.2489367
5.9975441
5.0534150
11.4414690
6.4640120
7.5392227
38.5074948
5.5872551
7.7369323
7.0599171
10.5722728
10.1436741
7.9755961
7.1550089
6.0489006
7.2850527
7.7771334
8.1223608
27.5858774
13.1384967
11.3636584
4.0148769
5.8231673
8.8998315
45.4721045
15.9866139
9.4295113
10.5965103
5.3942592
3.1758422
2.8581537
7.2935571
6.5819773
7.2754363
6.7268154
3.5932578
3.9672687
5.3495374
3.2468422
4.8721079
3.5033608
3.8837524
6.0547605
6.1934397
5.1502340
6.0085922
5.1648730
7.5021616
3.6648028
4.8582994
4.2898755
5.3959228
4.7419305
6.5279483
7.1436949
4.6527835
6.9737081
7.9044063
12.7631764
8.2012793
17.6257324
16.4241091
4.3888118
9.7841471
15.3616853
3.2845173
10.9446642
5.3733474
12.4574410
28.1330267
11.6518866
29.7164929
23.9242119
9.4720143
19.0425688
7.4296611
19.2219378
5.3674511
8.0616362
26.0680655
35.5470217
21.6419906
30.2301689
16.3348203
24.4700554
10.2657384
11.1888448
13.8583361
11.2817442
3.7013879
15.9822066
15.1324044
11.1955903
17.5237832
25.1667147
19.5523491
8.4824301
18.4828265
8.9681009
13.3850613
22.3783147
24.8337609
14.0438341
22.7208378
1.7665996
3.4427597
9.6298357
13.7067857
4.1429904
16.2552577
11.3015254
19.6361970
15.5746264
5.5591409
8.7096203
8.0520035
5.8150414
4.9188293
5.5970833
7.5720592
6.0493038
5.5670860
38.2336474
5.2735032
3.6789462
2.9436735
2.2820057
2.9050308
4.3063979
2.8497102
15.1649479
9.7959297
3.3046650
2.5313992
24.7206671
9.8226893
3.4876929
12.9304794
2.1334392
13.7128322
25.6873428
13.6335171
17.1328458
4.2446574
4.5632067
2.7526233
16.1022334
6.7063460
2.3072991
3.8395487
3.1358379
1.3442634
7.0972326
9.7414813
22.2574777
3.1618664
4.7891763
13.7878774
4.8617558
3.1460800
3.1134832
4.5779660
7.3313541
2.9649441
5.5789054
6.1451875
7.0611216
3.1731937
5.0297361
9.6530548
19.2171520
4.6008252
6.0080756
4.2280024
10.8025676
5.0172440
5.0973691
6.6300388
5.0008245
9.6450192
12.6072082
20.4665586
29.2549141
7.5113939
14.7320229
8.5477360
19.2182577
12.5969410
7.3941763
14.7671902
14.5826656
11.6327060
10.6094811
8.4481815
14.2845873
22.3636317
18.4386227
11.6713732
7.5796800
23.4965456
15.0045329
10.8440729
16.0001363
87.0490665
88.8242263
19.5006250
17.9257271
27.7365476
10.8573701
16.2794317
18.5013248
15.0937251
16.2602866
6.5532132
23.5038833
11.1757043
11.5338513
60.0922820
44.6385310
13.1211476
63.8558326
11.6126299
8.8842756
26.3598873
9.5329032
18.6633233
17.2987030
18.0022008
23.1521232
78.4201036
54.2336751
70.0036985
14.1919950
8.1149541
32.6672603
18.7010157
9.5008273
32.4755614
73.4697683
65.0168432
22.9560966
40.5956815
46.8042375
378.4891040
9.9451383
15.2917030
11.1384870
20.4142620
37.4506501
27.5277368
26.4270435
5.8774763
9.6546625
37.6926203
46.6067341
42.6607388
98.9708018
25.4284950
10.2694557
14.2039656
16.0722568
18.4616217
19.6227525
17.4542265
29.8248581
1.2452996
11.8034743
16.5758438
22.0230740
47.0056520
15.8655701
28.9862447
44.5346713
42.3856658
12.5056677
2.1751660
1.2770837
20.6769398
6.4761555
20.3433042
9.1556052
5.4139557
12.1235455
27.3454035
147.4635020
113.5827070
103.7381434
20.5812845
28.0985789
3.7681221
18.0283235
1.4487010
15.7972253
23.2661684
101.2808620
143.2122121
88.2702848
32.3764789
65.1482069
55.3297171
22.7012076
14.4619827
10.2564055
208.1016920
22.4761465
11.8603728
5.0265512
10.8428294
19.1981463
2.8176350
21.6275788
2.0091721
21.7433740
10.3962370
3.1242695
13.0535539
34.0921638
7.4223436
19.3737901
13.2903407
7.2757460
18.2548979
29.1509569
33.7158095
5.3645963
25.3111721
41.0527230
27.8049804
9.9643657
10.3260876
15.9793739
13.6104385
4.1692509
3.8222829
10.0934836
6.6152481
3.2682803
2.8004780
30.9144325
4.9942048
5.4988095
10.4620395
2.2359160
7.6956262
23.2340785
2.5710453
22.5542733
10.5581522
3.3213752
9.8703484
1.0475210
13.6574332
1.7523692
9.9477822
12.6735377
11.2022938
7.0871974
2.0055406
6.1438171
19.5317250
5.9075096
9.0474068
5.8355429
6.2043135
3.4095086
9.8984191
22.8417538
10.6887381
11.7410247
1.3096265
11.9162253
2.1240752
5.4869662
16.0625166
13.3670609
8.4545986
3.7205196
10.2823876
16.5817424
11.6273345
16.9869407
8.5058592
19.5231762
23.1689556
14.3174402
9.4456531
25.6659965
18.0420074
17.0050651
25.4853033
19.8272079
14.6833146
13.6403714
17.2757706
18.5949599
16.3299172
1.4920855
3.0498794
11.2029320
36.6997273
11.1072667
10.7686478
4.7483082
8.7764059
1.8615283
3.5028566
5.9093470
1.8315365
3.0012936
4.5345911
6.2645969
15.1793473
11.8140933
7.3622526
2.7040938
7.7288223
13.5208399
6.2308251
19.9005253
3.1827120
7.0236658
14.1709848
7.2006501
36.5627658
13.0315117
2.4298170
1.3643569
2.2983140
12.2877731
9.6053385
5.5087191
16.7909224
10.4244577
1.0220340
20.5244370
4.6526061
4.1694989
9.2061701
3.7001495
4.0248021
32.9178120
43.8966833
13.0948348
25.2468286
28.5732841
5.1700866
8.3866749
24.7797332
25.3146930
28.1012649
9.8768960
26.1382363
29.9857825
24.2831773
26.3488606
18.5399605
14.2819803
18.2897926
38.3133299
38.9313486
29.7955680
33.1258738
27.4664414
19.6098319
47.3332115
24.5122129
32.3803479
30.4953497
6.3169411
21.5011772
30.0054879
14.1953848
42.3849358
28.9815485
32.2099333
32.1509666
20.2150027
28.4220024
3.4232711
28.6769349
25.6725812
15.3697279
20.3857410
31.1685166
23.1036397
27.0557290
23.4217367
16.7332944
48.0339314
88.2831812
21.6306566
14.6995309
24.6908186
27.8330403
18.1086468
94.9011437
83.4964418
89.0863768
44.3641975
28.6311559
29.1115217
10.2404587
48.4330219
83.0803689
34.9578688
24.3562031
29.6200197
0.7560742
17.4162622
1.0309392
120.6901016
86.7825353
101.6757098
13.9701362
18.3191263
37.7274099
75.8221029
11.1863581
104.7294435
28.7049857
5.4626334
29.3617558
37.0568077
51.0212880
123.9400594
104.1559890
111.8750486
123.1033567
124.2336571
26.6240186
41.0459787
113.1191699
70.6411601
2.4375957
39.5528849
48.1381054
20.0635022
155.2707967
4.7242558
125.0576305
70.1948286
11.2622942
13.7106263
5.5015106
10.0452711
66.2443635
72.8185174
7.9345841
8.0243393
12.9566093
8.7165373
0.4307383
1.0139336
6.4669299
0.9804515
14.2742255
1.6918198
16.2803288
10.8542510
17.2494715
10.0789110
11.6825287
13.2231643
4.3952317
4.4216680
19.7777903
4.7722424
6.6161587
51.1149807
1.9549352
7.0458075
1.7467766
5.1432457
2.6985883
16.9190467
13.5552044
1.2166180
0.9406368
11.4649245
4.1334331
1.0935070
0.9511278
5.5419186
1.8286492
6.9580172
2.5132122
20.2250558
16.3503918
0.9747851
9.4999586
12.6965245
4.3582131
6.7261327
32.6124309
36.2908940
15.4964508
39.2700800
8.1205389
6.2461616
2.5699174
3.6990725
0.6229821
5.2023683
5.2718509
8.2894665
5.6108643
5.8533352
10.3334184
9.5652027
29.4803432
8.0712728
9.6897100
7.2638025
15.9060208
5.6832502
11.5544692
14.9983843
4.2032532
2.8178662
5.5497735
5.1281975
2.2300566
16.1339883
15.2848783
4.6520035
12.9992486
3.9558074
4.7677099
8.1404073
3.9024109
8.1647951
106.0556711
2.7151998
18.8256368
26.3137497
55.7533335
141.6868729
4.0550543
124.4561638
140.1319633
8.6958821
147.0442816
21.6019622
125.3452389
136.4554336
124.1564583
1.1431968
66.6352005
2.2042420
1.6549572
1.3901901
2.4132017
2.4870584
4.3722278
2.0794985
62.0946367
2.8472439
48.7719940
29.9586925
22.2819984
18.1983302
16.3347322
2.9744821
2.0562394
14.6761660
5.5498946
1.4787697
2.6113781
6.5666819
3.9140574
1.6335732
1.9767286
4.9796002
1.5107433
2.9513342
2.1950410
1.0251229
2.5669260
4.3349453
3.7131568
2.4866109
2.3019994
16.6775226
6.4705239
1.5900187
5.5657652
8.0899544
3.3972887
3.2474737
3.2594143
6.2012388
1.8012956
1.6769752
12.2075077
4.5880709
1.1547339
9.6257916
1.5377408
2.4750308
2.9129442
5.2549878
5.4974784
1.7618705
6.1827461
2.5285290
11.0759530
1.0501747
8.0455872
4.6200373
7.6619526
8.9083816
6.7607257
3.1727507
10.1366951
4.8478674
10.4390742
4.1863906
2.1579110
4.1155959
15.7668695
36.4609818
20.7542741
31.1112386
12.9964193
11.5853935
13.8712109
27.1690260
10.9501456
1.3336922
111.0206134
72.9189318
2.4413922
7.5119282
24.3907922
8.1184948
5.7123795
33.6382014
10.7221266
20.3157074
18.8160972
6.6833637
3.2031784
1.4167341
1.1217765
6.7066553
6.8342057
11.7211747
34.7648858
10.4025651
17.1139720
6.6850087
14.0098760
275.0991755
29.3967330
5.5533553
10.0065154
33.0743515
7.9085443
14.8790198
7.6842162
45.7927594
23.3823162
22.6484515
2.6268119
6.1152910
16.3869566
13.3605979
53.5660316
75.1664978
22.3070613
11.3785425
22.0950637
1.4359050
7.4865234
4.6948841
25.6996339
18.1811857
52.7211151
32.3364608
37.7479386
65.4713624
32.7084483
19.0470636
9.2958837
40.9711754
6.9067333
27.4570065
5.6364095
4.0025554
36.7306139
13.2246039
7.1713479
23.9718897
8.3754540
10.2690494
3.1728212
5.1847888
1.4869266
13.3326022
3.2095655
2.0171606
7.6767535
4.0402700
5.8692517
6.9090147
8.6175394
3.6873651
16.6684514
13.6776392
41.0617938
20.5422603
11.6962595
17.6887060
37.0811585
75.8064929
64.0660971
8.8406060
8.0520593
12.5079563
7.5592209
11.4185790
13.1760276
11.6230214
36.9969507
25.3572868
4.1647240
9.1593226
3.3530222
5.7001944
7.0096755
18.3063247
4.7622643
13.3001761
13.9085904
5.9474783
14.5966085
4.8177369
17.3074754
33.1050869
71.3967990
3.5354674
11.1271977
3.1333194
25.3811416
14.0945874
72.5800607
16.6342820
33.8355866
19.2385028
23.9960968
16.3806721
25.9174721
3.7474888
6.0458452
5.0721937
24.8241809
24.9219295
11.2363253
14.8866951
20.3406160
14.2070489
11.5150063
4.6761270
11.6027965
12.8154194
1.2875070
6.5299775
4.0113514
5.2431386
3.8053957
6.1692540
5.6805299
9.2143282
29.4567146
9.6390712
21.2827480
10.4100789
11.1840259
14.1919013
14.8344711
9.1904343
16.7682966
2.3589845
6.1686108
10.5136709
10.9106612
6.2706831
3.2759551
10.8601177
29.5482754
11.3325707
9.7530138
1.1157625
9.9230611
0.7624450
6.0759569
4.3105761
10.2356592
0.7296998
6.3243756
2.0331788
7.6011118
3.6195541
203.6972078
14.2449394
21.4437158
3.0680275
7.0067412
6.2461343
3.8220615
5.6000502
3.2374552
31.5894703
44.7554400
20.9259097
20.6125402
8.5086991
22.2895201
16.8449298
6.1602026
20.0502862
7.1654372
4.1237049
6.9767204
6.8129682
6.4737683
38.8517314
8.1519790
30.9666190
5.1825930
6.8386215
9.9384771
89.4574058
5.7291374
6.1777087
28.1215276
20.6384011
24.7356335
9.8291206
4.0064806
13.7732840
1.1707981
19.0072957
3.8675991
15.8548149
5.4643800
4.4746540
2.8546640
4.9575327
7.5974048
8.8748013
25.9675660
5.8414680
2.4934324
21.0470497
7.4949227
4.8868023
2.9336015
4.0712193
10.3488097
6.5696345
0.8702683
8.0235670
10.6984276
8.7225484
5.3309861
0.8508092
3.8425526
4.9935044
0.8954526
5.4024548
3.6200899
6.9722491
1.8275508
4.2305922
1.2052395
6.8147718
14.0798664
9.2903421
2.1741541
3.6107209
3.0700360
3.4694085
7.0437468
1.7976610
4.4754972
6.5902069
9.9265486
0.8374248
30.8013658
1.0660172
4.4551139
1.2506202
5.2032745
10.7405042
7.6451231
20.1957119
29.8890727
10.6088532
24.3467450
10.7287055
18.9084772
20.5157937
30.2105503
26.5982141
27.7667535
10.5878906
3.3871438
6.8242159
7.3096631
22.2452026
18.9630729
12.4169271
3.7426569
13.8255012
6.6773905
12.0388863
28.4768376
30.6684998
17.2359237
12.6991823
226.1364765
125.8117407
345.5814867
188.5293528
242.0669232
49.4135211
48.0828673
12.1192299
9.3071826
33.4177770
22.7128370
48.4773114
279.4726318
17.2499544
8.7742736
45.7253767
35.4753968
27.5008802
11.4827199
28.3579925
11.8646549
38.6113256
70.1464421
10.2508309
16.8484667
30.9413063
38.4329266
6.9479809
75.7808456
21.0103377
20.6154184
12.4285652
7.3106073
222.7679943
54.5092537
26.9812973
5.8346253
7.9297653
8.0847568
3.2700686
22.1334212
1.3663667
21.3287680
198.5519588
112.9375262
22.7641545
12.7053353
35.0348411
18.6542542
13.3603145
10.4550692
76.6855725
38.9311844
1.9659204
7.8541589
12.7113869
6.2699858
1.8714593
1.9410153
6.8576686
5.5910676
2.8645950
4.6290871
1.7201973
5.1911804
3.1915446
9.1854301
8.6464672
3.7645025
7.3816395
13.5142069
4.9496652
6.2955713
6.5129789
18.4902495
6.9517435
16.4896649
8.0637636
11.7178399
3.2862109
9.0685222
14.9681977
10.8474933
19.9233045
3.3963711
6.6675258
8.3107135
13.7194488
2.7446916
13.6073345
2.1429271
2.9254624
9.0638414
11.1330993
1.5681772
12.3815411
2.5989974
8.7915398
3.0305347
7.1753344
0.4825868
7.3149007
5.3034254
2.3868346
10.5095500
9.5177046
17.9689181
1.3354381
15.9860931
17.0259706
7.8399883
6.3392149
4.7439785
5.4245549
4.1963052
4.1062064
3.6406185
5.8803460
6.7808485
9.3983479
4.9152834
6.2907335
8.2069051
14.3033946
10.5535874
11.1284944
14.4531933
6.5637529
11.3461730
12.4130117
7.7515860
8.0126862
12.2779704
4.6830252
2.1640945
2.9326363
1.9416272
18.4339161
12.6434756
13.0753766
13.4709046
12.0057001
14.5976886
10.0600910
5.5415434
4.0522685
3.4194471
6.3817021
7.5720632
16.1674341
9.7082372
7.0909318
1.8743461
8.0695467
11.8694791
51.0816308
2.2102633
7.7176967
2.4355796
3.9033525
10.1057322
11.7889842
13.8108985
7.4115508
13.2442441
7.2394642
1.5039658
7.1432163
6.6517931
3.2696549
9.5631595
2.9152610
2.2285187
1.7111694
2.6164905
7.8351947
15.9656706
9.8292856
11.7287933
64.7521864
77.2425063
23.2826282
6.5231299
138.0797066
327.7909324
26.7197373
143.7713908
47.2999994
117.0648858
142.5263267
390.6617523
122.9534751
65.6378436
20.4600864
14.7599248
292.2489730
393.6993717
2.6231047
1.0646457
1.0050123
261.4324448
5.6157731
146.7211028
393.9642709
351.1481845
125.2121439
23.0066279
10.8045078
31.2892556
16.1179125
21.7539757
12.2820158
14.8487032
14.4087444
13.6825774
26.2235826
7.4082216
13.8131008
19.9934577
19.3721946
16.9880104
10.2062754
12.3378738
8.1178273
7.2768044
8.8780112
8.9463076
8.3002998
26.5902364
9.8439884
8.9271098
12.8710902
11.2215551
18.5753089
14.0432225
14.4728835
7.7324151
7.1864502
7.1655431
7.8404720
2.7748302
2.9424621
4.4621423
5.5226446
8.1867993
8.9137329
3.8714290
5.6416458
22.2286244
279.9985721
4.9895574
271.2675510
185.0010646
279.4208631
3.8336937
10.7753775
9.8235194
6.0601716
3.7845918
11.4297398
6.9995848
2.1659591
48.1968450
38.8952063
17.0748959
6.7583639
9.4186641
6.4938366
2.3340910
6.0852132
10.9485650
50.0101428
2.2086200
13.2621175
15.7526526
37.2031839
13.8892262
38.1910977
49.6355995
68.4967983
260.5708052
54.6339235
21.1161400
21.9491697
28.0658398
3.9432903
11.4483031
2.1758248
10.9243630
0.7362498
7.4115373
29.8181700
16.8544604
12.5098243
14.2225395
33.1831177
19.5366912
484.9713140
25.3085278
12.4057514
14.6808216
32.2232088
10.1147062
2.5227920
12.5254808
18.0594973
26.2469061
101.5460221
20.6395121
11.4595120
4.3985128
9.6699391
8.7984786
2.9117593
6.6873131
13.7321924
7.9091158
9.5714721
15.5665556
21.3436592
10.1077651
2.2275317
8.2471214
7.4869607
3.9903470
4.0913144
11.8621682
3.3479721
1.5332545
45.1943590
15.6209917
1.7205472
4.6058014
4.3281876
7.4068466
12.3897376
5.2509389
2.7967685
1.1629781
14.2485468
5.9890498
4.9796320
5.0272649
5.3414450
3.6131368
1.1411751
15.9126985
7.0169104
4.5700965
3.3104295
11.0547241
6.9043710
2.7753741
22.3295492
19.3065216
13.6691783
15.8833600
2.0403962
5.9371077
5.7551344
25.9213824
4.0325311
19.3649927
2.3745403
13.0622633
14.6957705
4.4489732
29.9035903
10.6387014
18.2160528
9.7266708
10.1031658
6.5771747
6.0785819
2.5209037
2.1993297
2.1996140
5.0447478
4.6924783
1.7679402
2.6615172
1.4867353
9.8081004
5.9580472
2.1021565
1.6292834
2.7437310
2.8322213
3.3903456
3.5411791
24.0780595
0.8073749
11.0372363
2.8950472
1.6681850
4.1166648
0.7012122
5.2247240
27.0557238
8.9792714
3.7477814
4.8986919
9.8131711
10.5814309
7.7040872
7.4643757
3.7481516
7.8780133
5.1191908
9.0865835
1.2648937
15.5357064
31.5931060
25.9465544
15.8071508
4.9953121
1.5063296
2.7222195
4.5144574
1.5644420
19.4042579
31.7366160
14.2780815
57.3879243
5.2806969
2.5529068
13.4085506
7.5366449
2.4842022
11.5019410
3.1617113
7.4401717
5.7059353
4.2946145
10.4873813
5.4044990
3.0866944
3.3603599
3.9058168
10.1006040
8.8635929
3.6748638
6.2167104
8.5147400
9.5248219
10.4378792
6.7921525
9.7236409
16.4207680
3.4366093
8.5811644
7.7415724
4.3181985
3.4871047
2.1193168
7.0407698
9.4821026
9.6672425
9.9420741
18.9559727
42.3848462
13.7728253
9.5603241
13.9396225
12.1970146
5.1072807
11.7536630
1.7415404
13.4225388
7.7375195
3.4411299
2.7218694
22.2100344
15.4577502
16.9167521
13.9574264
32.6351283
6.2994317
13.9608582
16.7792389
3.9036796
2.8273073
1.7013062
12.9265609
8.9357931
27.8070339
9.2514361
6.3990130
41.8871089
11.6183589
11.4645885
30.6331380
5.2582025
12.0835299
6.2150751
9.5967319
15.9686885
9.7130289
16.8529513
24.5945381
52.6438297
10.0154591
21.5252895
35.6405422
6.2093260
5.5787130
9.9345284
1.7996803
8.1169867
16.8333962
36.1861096
19.8349827
5.1474150
3.8053885
18.8044453
5.8533178
4.2870174
30.7908953
142.7414758
20.7871550
7.6069997
14.4147175
6.7216687
10.9006248
12.7982360
2.4729911
7.1851665
5.5445726
2.7427052
6.0987481
3.8736662
7.5072203
12.4737286
34.6701445
9.9256031
8.4111269
14.4603964
5.5191631
17.6117644
2.4820770
32.2470952
3.5433916
11.6567592
9.9949024
2.8802273
3.5195183
9.8440292
11.0590243
1.3349085
2.0590692
34.6080813
51.8992807
43.8809885
49.6890104
4.0987981
29.9005801
16.1183846
11.6893285
20.2678268
38.1611359
26.2781913
50.7345600
4.4074263
15.6790132
3.7658216
15.9245776
33.4735757
11.3343716
1.5902568
3.8821986
26.0938368
4.9264448
20.2451476
10.1096240
7.7344677
17.9563817
3.7357384
14.2669494
19.6064518
4.2924526
33.9035169
9.5672823
54.6825260
7.4328802
0.9022920
8.0416049
9.1391896
34.9406839
12.9601015
7.1881024
58.8672975
11.2310258
93.2408695
41.4744741
24.9983852
21.4396346
12.0486670
12.5500747
15.6032306
17.3430673
13.0663590
30.0785001
20.7006933
25.8008861
21.3467861
2.4234894
18.9423453
62.4381061
15.2564100
18.7182770
10.0720456
11.5819575
47.3230449
24.5178788
29.1409546
26.5726860
26.4871831
45.3727866
53.0187243
21.0384451
15.1633935
30.4766203
19.3190045
23.7017669
27.6531647
31.4312626
13.4807440
14.1635942
60.4795414
110.7933283
17.0624805
60.2089025
114.4071612
34.9418728
43.2528751
23.3175384
22.6951168
5.1513295
93.5240036
17.1123035
24.3783354
15.5313615
74.4837913
59.7392384
17.6780200
19.3666628
29.5403559
57.4590495
25.3221448
10.9048635
12.0401724
9.9368970
115.1518472
27.3164491
21.0621412
7.5024315
25.9244356
53.0780388
19.2608263
26.2888971
5.6792402
77.9565920
13.6074977
18.0096990
2.9347153
13.2794543
0.9499694
10.1223690
8.2242649
5.2109283
2.9971206
6.1000274
6.0769891
11.3385980
10.8076464
11.4842894
7.4593732
6.6037480
2.9017820
5.1315225
12.6187874
14.1911728
25.8891916
11.9088137
9.9531617
2.3448155
15.2775214
11.0296205
16.1267759
10.0120882
13.3221961
14.5291331
6.8144531
3.3606968
7.5400561
45.5526245
22.0623629
11.5621156
4.2854625
8.2451600
29.6820151
13.3861353
13.0433862
5.6850209
31.5786186
16.7350257
22.3406019
1.9257452
12.2557634
18.3165782
14.0964051
13.7226047
13.0316582
23.4516118
4.3574716
9.8771529
18.8021549
3.9359135
4.1400678
5.8425574
7.0557760
5.4017319
1.8880623
2.0809414
9.8232405
429.0812122
618.2659173
4.2741002
9.3099264
574.0204933
500.3387444
656.4461564
81.4284357
62.5715203
68.9469215
18.1598167
26.6035284
15.9112718
24.2420535
20.2538036
23.2416042
35.7181308
35.9240248
34.8913785
11.7610457
10.6076302
18.7086576
12.1527560
11.0934683
87.1337972
79.8220432
19.8451460
87.3630827
113.4377986
91.2346490
163.5779802
92.7238586
86.1958648
102.9746762
16.0936457
77.4833719
85.0398459
12.7681912
31.0546180
13.6708953
16.2898888
50.8927925
17.1571889
89.0530492
14.1371911
22.0311296
55.8592458
278.9285701
67.8273280
20.2799219
15.9676501
507.4831864
26.0385271
34.5078546
10.4479784
10.3616627
17.9095842
18.6737537
19.7002036
18.3809335
14.8970542
24.5732494
27.7237170
12.8378709
14.5433450
10.2177439
22.0005359
15.6851526
10.4139854
13.1052138
17.9650841
12.5382429
20.1758414
26.2102477
17.0777124
81.2294462
41.0774491
25.6231364
12.2765157
14.5999973
14.2386283
5.7406823
20.7693983
11.9989376
12.2335763
12.9143642
16.3229960
13.4354126
12.3290045
8.3457459
11.4312938
9.5008712
13.1599164
10.2151676
10.5311804
14.1798089
11.2666462
8.6994230
9.7196898
12.3398199
12.9684715
9.6238750
11.0404814
12.2078610
8.3080295
11.2501830
10.2485707
12.3138317
10.0575716
8.8506364
11.0483931
12.5210623
10.4955856
15.8863928
12.5437629
18.5117455
458.7866829
520.0957155
523.4168311
25.3445308
18.9718092
15.3552287
13.5537544
284.2449268
27.4409242
24.5127827
32.7425216
567.0130979
581.6301853
14.7432281
44.8026134
43.7640303
13.5741961
14.3219849
33.5534769
17.1828410
12.1205650
6.5403468
15.9068497
17.4513777
26.6104966
11.1697590
13.6005020
14.4118081
9.1278960
14.5943614
11.7379845
7.9526896
14.3556421
15.3467352
9.9120262
7.9778688
9.2235155
9.0630063
15.0309680
11.2713625
5.6862816
9.9243717
10.4152864
15.1314336
6.9165392
22.1141451
11.0476621
12.0527180
6.8417707
10.7011989
8.2480677
9.9188031
19.7699173
16.4482875
10.0696009
10.7405858
13.9057245
10.2144757
17.5279224
9.0671825
15.7751975
15.8895782
11.2042078
15.6915566
14.0881950
11.7504600
13.7711169
19.5073872
16.8379932
17.7215397
9.4357604
12.0999552
11.9970575
7.7898619
14.7674615
19.3008135
22.4884624
13.5135178
15.0526728
7.4998513
21.4972735
11.3319624
14.4818615
12.2804488
15.0533746
13.9476773
16.8385984
9.7350432
6.3719305
30.4574998
95.1771947
14.3127958
18.1927385
11.4834297
504.6293611
19.5417297
33.9112109
38.3263165
19.6770781
59.2746011
10.2599316
13.8744860
9.1541189
6.5309580
21.3585587
12.4632168
4.8234033
26.3797219
12.1426451
15.4599510
7.4221281
4.8106302
5.6270469
8.5207103
4.9269662
16.0867403
7.8389577
6.8192599
7.0386452
37.5427675
33.2887352
32.5713225
9.0134323
19.1624417
4.1944408
13.8489843
18.7903007
21.5580571
21.6504351
9.0122313
17.6215431
290.1455683
11.3784413
585.4083338
30.3089766
77.1378930
10.6472325
22.1595852
603.5242398
599.9706942
606.0141782
11.8638572
7.0679142
160.2192127
579.5528721
15.6193019
15.9866427
106.3019941
554.6604848
576.3010261
590.6380089
573.1211478
17.6690514
18.1501511
38.6449084
582.3593994
7.1045476
6.8101652
10.5089540
39.0557961
9.3072584
9.8595570
7.8868773
6.0312813
8.8034121
15.6785633
7.8570862
4.5084428
5.4487203
6.1296444
4.3092499
6.6389512
17.5502073
6.5426860
6.2064381
4.0579163
4.8891970
11.7118138
2.8921648
4.6640432
0.7180568
2.3295176
5.0204489
9.6579568
6.2664835
1.3113293
13.9358938
3.0960749
13.9625245
1.2234217
2.9371181
10.8222459
4.4134129
4.5428737
11.7803838
1.5674358
11.1081373
6.5735478
6.2612564
4.1108581
379.4159209
222.6195543
9.5309814
7.9224072
11.8465645
4.9696239
7.3826666
5.9917559
5.3484468
6.4406238
5.9146830
2.9433369
1.7823095
6.9844085
6.7879049
3.7663976
9.8072459
7.3913163
82.1180167
32.0207957
4.3521920
66.7435745
126.1520966
3.8484368
1.3620310
4.0227259
7.2077348
3.3933370
5.6036186
10.3651538
10.3678992
10.1429373
11.9063856
13.1425411
3.7385574
8.2994120
5.2320365
5.0653894
6.0065657
3.1152178
6.1087840
5.6111549
4.3351929
7.7747271
25.6815587
2.8763564
4.4705135
12.5579600
16.5638751
3.3581480
2.6860882
6.4522948
10.0999311
25.3992904
10.6512473
7.1116415
3.9059767
6.8718866
48.8992689
44.2527954
42.1645545
152.4292808
42.6399155
514.9197999
78.0517360
56.8983308
68.2936926
26.1964992
37.7819384
51.8300836
48.0279275
18.8412954
24.8495686
20.8018927
26.6170527
55.8366812
61.8413314
27.9048810
26.2129473
40.7101208
30.6421595
9.4958926
12.5321946
12.0639555
15.7026426
5.6336696
21.6154516
5.8203699
44.9382146
1.9111832
7.1237778
2.9853710
2.5536937
12.0139627
7.3362562
11.5467494
24.3007467
7.3622979
19.1361531
35.0001347
11.4771745
14.5050271
5.3479478
29.0617159
28.5290590
5.7743692
4.1064002
18.4364732
24.5957449
89.8214851
45.8126069
184.1017537
37.7032135
15.7057064
51.4595941
19.8036328
12.2446319
9.1052149
5.2920389
6.4708695
7.0327997
6.1315599
9.1085071
8.7525595
12.6723150
11.3242170
5.4627759
5.2820445
5.1617375
6.2934588
5.9511147
4.7109390
5.5431568
5.4932329
5.4612866
5.1686617
5.2145180
4.7162340
4.7131820
4.7355293
6.0491727
5.3310095
5.5091827
5.3100009
5.4061883
5.5228088
5.9649623
4.5992238
4.5992624
6.0179529
6.0531751
5.9703362
4.9790801
5.7467342
5.0873754
4.8929962
6.0831066
4.3652699
5.0216400
6.3466922
5.5514646
5.9428565
5.6692885
5.9684250
5.6351011
5.4283679
6.2938773
5.5565494
4.6994377
5.9958392
5.2141775
6.1483734
6.0698689
5.4619979
5.9878498
4.9007200
5.7952936
5.5198741
5.9949758
5.9849710
4.5422486
4.6069694
5.9666236
6.1044578
5.2152156
5.1750728
5.5128551
5.1686828
4.8863405
5.8088733
5.3603610
5.3298366
5.8138977
5.1175561
5.6229843
4.7331649
6.0121623
4.9429781
5.6697669
4.7103765
5.2141497
6.0452755
4.5064537
5.9527377
5.2626280
