2.1260731
13.2493314
3.3764808
1.9830545
4.9213093
12.3764568
1.0232068
2.0888464
1.9918797
9.2574244
13.9009620
1.9495577
2.1706238
1.8284787
1.0767931
2.0118681
1.4300511
3.3829642
2.7361759
3.4032664
12.4893255
4.0440319
3.1447966
10.1583313
2.9833527
15.2300059
1.9096976
3.2593945
10.6898980
1.6875974
1.3025831
2.1268796
1.7253399
2.6462751
12.4765932
1.9621191
3.1087059
13.9331720
1.6845814
2.7194095
3.7806862
2.9119511
12.4744877
2.4082270
2.3134375
3.5576898
2.0019856
5.3125833
4.9211964
21.7288474
2.1775722
4.2033618
2.7825651
2.3291158
3.6415684
2.0141336
2.3278280
21.9641638
2.2670774
3.3664740
2.0032914
3.2739053
9.8653066
2.0294977
2.9122522
1.5623714
1.3002076
1.7470234
3.2579236
5.3755798
1.6069869
1.1454961
3.4197050
2.7329115
1.2654803
3.1486284
1.8206310
13.8139453
2.3767449
5.8088621
1.3462089
2.0938310
9.0397001
3.0744321
2.3068185
3.7739581
1.9310969
2.2167143
1.9827937
0.9770427
2.3291803
1.2099479
0.9386304
0.8405709
1.0816554
2.6111527
2.4027592
1.3073897
1.9407297
0.8262718
0.4578951
1.6091411
0.3749595
0.5262315
3.0511678
2.0985632
4.2636644
1.8589091
3.2935574
1.9779201
1.7272194
1.6391556
1.6291962
2.9735814
2.8616620
2.6323745
3.0943445
3.1570369
2.7819747
3.4823749
5.9695299
5.9268188
3.9340857
3.9960452
2.5146707
4.9096074
4.3933382
3.8643438
4.6349850
3.2141267
5.3432521
2.5177694
4.2862191
3.9245111
3.5147811
2.1451553
2.3078379
3.0801875
2.5656273
3.2336386
4.6525113
1.1526350
4.7312533
3.8167529
2.7162728
3.1893096
2.7287212
2.0401826
1.7148074
2.4124990
3.5583083
4.1661339
3.4138539
1.9396377
1.5994362
2.1660906
1.0430295
2.5933869
3.0823529
2.0925455
4.4149484
1.5683892
3.7028489
1.7500486
2.1967701
3.6237575
1.2001466
1.4840520
3.6739567
4.0519422
1.5218249
0.4254723
1.5737921
12.5670967
2.9483194
2.5237212
2.7582687
2.7612997
0.4503176
2.0814634
0.9176207
2.1230234
2.4790169
2.7196496
2.2914951
1.7185926
1.5586420
0.9016506
6.7918207
1.7488218
0.6167909
0.4051617
2.8970853
2.1272719
1.6864318
2.7863597
1.6864753
1.5570555
5.1707158
0.9243868
2.2020511
0.7072526
2.7488159
1.0606671
0.8251803
0.7652141
3.0212622
2.1256156
2.8677276
2.3442513
0.9533799
3.6026894
2.0150147
1.0449365
1.5573630
1.6068652
1.3780238
2.8715961
1.2311686
0.8690324
2.1770406
0.7464978
3.4065120
4.9418240
4.8552343
2.1192226
0.7452852
1.1182932
1.2885832
0.7655213
2.3349192
0.6686373
2.2257175
2.3857013
0.9705583
1.3893059
4.8910987
1.8258852
2.4898237
1.3569192
3.4468595
3.1728175
1.2071393
6.4096318
6.1446446
2.8088905
5.4097459
0.6230440
4.4359904
19.8211001
16.3719762
7.4327239
4.7649575
5.1564052
8.0197771
3.3981710
10.7488461
0.1416495
1.9621046
5.5742075
6.9629511
8.2644043
2.7082178
4.9614772
4.0487845
12.5641370
121.7089984
19.2088340
25.5042178
13.3055718
9.5274927
17.2786314
9.6136351
6.9738567
7.5209828
4.3305735
6.7431637
11.1988257
4.7161698
1.5036884
2.7585629
6.0515428
9.0109834
1.6633656
1.8595604
10.9674807
10.5371773
1.3501944
2.3660727
2.0681587
15.2554576
2.2554525
14.5018273
42.6396853
0.5763137
11.9076220
6.6044674
6.4643779
6.1605887
2.7821909
11.9277926
5.8392251
0.6759670
118.1325354
142.2412120
14.4243125
0.7877530
4.1746372
3.2623745
1.2991094
17.2136011
0.9129300
100.5858277
18.0359694
125.2525154
119.2278358
11.0794113
162.4016668
58.5541884
147.8782947
13.6997213
8.0205183
8.8355327
179.1744228
69.9642362
0.7879403
41.5675778
9.3270053
76.1506597
132.8943119
100.2446320
177.6675313
175.2198244
72.9932876
175.2489548
51.3368920
29.3827090
64.5797365
1.6662030
35.6642940
22.7765448
4.7276922
16.6474755
10.3784070
12.9825134
9.1321579
175.0249363
48.0810966
179.6894665
16.5736560
10.0591231
3.4002599
33.8890971
134.3573117
39.1180473
19.8904993
29.0279984
35.9511690
23.9845339
5.0187026
8.4228974
24.3758890
157.6731995
37.4092610
6.4917973
143.2917901
41.5103287
82.3365919
22.1287384
5.8378408
6.6046230
8.7077141
23.2227913
8.5172273
7.8390760
8.4358949
3.5868852
9.7931166
9.6032698
21.9247227
21.0015328
39.3534257
43.2564772
40.6252496
6.2412409
19.2265891
22.2056532
19.7244349
14.0955256
14.9883431
11.2230905
146.3339353
167.7411893
20.7412197
7.3708473
9.3637928
10.6078981
159.5325044
17.8574865
15.8065443
73.1555278
13.8555447
156.3717000
24.8709801
54.6555853
34.0503417
35.9283126
128.6145090
45.7360061
119.0098967
79.5759797
62.8549701
57.6235846
46.2346542
127.8481232
55.4385216
16.8756535
40.7562786
169.5490558
54.6201225
54.4378293
114.2373081
63.0730469
40.3938401
171.3329385
31.7592829
54.9318707
176.0374796
13.6235428
41.8642158
43.8107074
37.7947470
3.8999787
31.0131257
9.7803780
27.0835953
178.8920429
30.5064568
10.1949034
20.0057422
158.8273683
49.7710719
9.7035830
34.1585602
179.3778158
170.2461738
7.1742500
64.7629185
126.5630621
115.0482457
47.1889143
78.8843986
29.1646871
95.7316487
13.8757368
5.8681856
29.0428744
10.0662845
36.0740456
20.1638707
64.1137531
158.4408252
169.3270730
177.6786762
71.5092942
126.8495803
143.4188770
105.1213049
176.5359112
8.4933041
95.7799320
39.1938172
103.6310447
62.7809891
78.5464416
13.5761121
178.7533020
96.8545136
39.9821959
64.3639103
135.9616342
16.0980080
24.7649645
24.2241849
14.5302198
40.3098917
144.8410336
5.4806150
9.5712829
10.7898973
142.6039248
14.7631339
36.9215274
86.9595638
169.1037996
8.0931723
174.3210817
72.3105055
42.1483132
176.8001286
169.4851031
179.5265500
157.0879569
172.4896531
128.6482588
28.1588097
172.0440756
162.0109235
174.4981108
33.0932625
28.3329431
16.3929381
3.0666063
44.0001101
27.7304009
105.0127101
14.6528181
28.1265451
149.2387774
22.9473638
34.3889682
1.2075976
43.7209790
5.3522959
3.7776967
26.6370461
1.9261595
146.7829167
18.1978805
38.8771524
119.8859093
13.6962543
43.1087509
37.7765797
60.5343590
14.5153957
90.9488150
21.9644064
43.0855858
23.0313254
32.5576326
54.4971863
53.5087396
19.4367781
143.7597353
95.5738847
47.0161089
178.9514489
55.9755440
27.3579655
45.2586439
131.2616578
36.9708065
168.1894968
107.2216111
179.8138198
26.8362500
175.3425747
119.2589471
74.9336961
179.5649286
154.1132130
4.4281526
59.3442042
39.7041867
10.6603870
91.2648278
178.7887563
62.3832929
16.8025134
144.8127045
80.0986817
151.4200928
65.7357867
21.8122929
91.1414781
134.7635760
56.7910468
137.7727556
33.9862461
135.7476144
8.6879148
74.1711838
146.7072323
33.0663724
166.7410887
67.5236958
23.0403825
23.0296397
170.3313729
20.2920510
164.1108351
37.6395080
7.5007934
10.6750390
74.4817714
18.8747016
21.2094672
170.1928592
42.0282605
57.2865933
57.6973627
7.7598507
93.6627015
27.2281021
14.0903037
12.0868491
9.0337695
122.6816875
29.6055750
167.9279795
169.3243832
3.8417714
76.6122031
91.7086227
17.8628343
56.9629796
125.9328352
15.7588062
10.0477915
161.0400636
6.7661621
55.4660334
90.6899592
78.7133938
88.3883224
28.7529954
3.3366453
2.3582410
15.8804371
33.4539693
3.4013114
13.7372820
15.6682926
173.2108310
15.6119663
13.4873562
14.8109366
4.9981355
3.2041267
57.4130333
167.4772785
47.1724776
176.3426214
22.5414597
28.7572119
1.6308623
169.8608061
108.8624523
20.0704682
179.2928833
1.8312286
19.1702988
4.9153121
7.3354333
2.2282010
1.4816913
3.4433482
9.5372064
11.6694154
15.3678039
16.3617998
6.5387895
13.5957882
15.2884508
11.8220535
15.6901720
25.4542374
5.8901497
7.6312472
3.5467615
4.8219031
38.2865174
8.5217046
144.1312527
64.1659885
17.3764680
60.9117694
11.4718968
16.9008761
3.4863964
85.0500610
7.4626981
16.0591059
63.1084680
29.9221373
17.3354510
37.6826373
135.2656142
44.8577961
123.6522469
4.6899983
14.4663570
135.0779827
94.7923371
164.3769923
166.0386180
151.4694055
156.0826352
165.2634142
141.5785416
129.6150313
118.5208131
11.6289047
71.3466619
63.7088674
13.4882863
2.1331284
8.0273358
2.2336208
4.5375834
5.8331813
17.5855058
33.7007053
48.9870044
172.7174068
19.4310074
8.4720245
14.7812634
12.8953523
13.1935709
9.5034100
176.8023105
9.4212292
7.4376669
8.4552650
16.3272213
5.4586141
3.5237560
6.9958493
12.6754890
31.1341688
5.4548080
4.8989996
20.7832636
5.0613580
3.1591046
6.8202820
2.2578510
178.6821563
175.6726078
179.7940134
172.6612364
179.8158679
173.5972968
1.3598817
3.9315325
2.7165247
5.5709340
3.9746626
2.6048016
1.5928454
4.9370753
2.4950526
1.2160621
2.7975294
4.1089830
0.7368509
2.9206176
1.1147156
1.4613458
1.1860168
2.1921772
4.0274611
5.3254429
2.7090746
6.9035618
4.1078895
3.8843090
4.6978718
5.0727187
5.5778329
6.1582918
4.4756955
6.6460551
8.2501330
123.8741940
26.6886952
5.0410313
2.1749292
2.8227270
3.3081385
8.8627318
1.9254296
2.5591538
9.7558930
10.1785244
0.9369663
4.2768714
6.8662535
4.7341415
0.7984928
3.7636913
2.7309475
0.6969679
5.9673296
5.2927229
22.8437791
15.6181129
2.0170428
11.5378254
10.0861598
1.7036287
5.4318144
10.4846817
9.4873726
4.8483823
3.9090730
4.5809919
2.9118278
8.5194037
24.1578094
1.3680558
2.3540362
4.9284775
4.9700696
0.8471364
18.1619971
12.6409867
21.6110655
19.9804495
1.2815070
27.4657282
4.5623915
8.8281842
8.4317085
1.2246911
6.0716148
5.7697304
2.9688592
9.9581119
15.7530165
6.1858390
2.2247806
10.0313613
13.1924118
18.2879562
2.1523888
24.5269138
126.9111198
5.6707676
4.1953711
4.3411627
10.4342460
13.7398287
3.1720480
1.6223161
4.3013418
5.6575752
21.8828072
7.9701880
5.6428822
1.7460944
5.3639946
9.3948948
11.5732781
15.8287960
4.4526943
8.9252581
8.3849394
12.1293253
5.2015826
22.8330199
2.3769777
15.4767280
3.9541488
8.0573402
5.8393279
5.1305190
3.8579359
14.9670385
11.5980730
8.2968910
0.8856792
45.4729581
2.3004012
75.2385220
156.1524849
7.3153458
9.8374959
33.1110494
17.4728570
9.2992488
39.6536757
16.9637462
9.8439444
11.8197388
2.6605485
16.1770695
170.4181026
163.7332027
33.5152068
7.7625997
166.3282333
2.9618333
21.2020601
179.5093954
2.9950731
10.7192718
6.3081112
4.2085708
4.5292102
11.4669497
20.8739108
4.3120131
6.9651042
177.1983592
23.6659255
11.1975736
14.9472130
5.5791871
8.6725059
1.1458397
10.5173392
16.3289319
5.4663164
4.1827775
1.8680256
2.7455592
12.3046294
43.4677326
47.0050541
13.4437700
6.0593637
35.9091121
2.4344165
13.4996865
4.6276573
7.7512975
16.3971238
11.0670583
2.0391271
0.6050664
23.2471824
11.3684762
15.3079311
8.2381494
6.0687476
13.0119368
15.5053729
6.6230190
2.0872800
172.6822458
5.3212110
16.9541781
5.1897877
1.6761274
2.5945507
9.8669618
6.0714949
7.4161576
19.5864720
3.1034828
11.0537086
8.0957405
6.5094575
8.5607636
13.3444757
6.9216657
20.7713542
169.2257811
16.0310759
9.3463744
27.0558722
17.2472951
5.1080221
10.6218180
2.0994390
5.8134841
12.2671864
15.7765068
8.5773292
12.6805053
7.0220243
9.1298102
13.3296688
2.3241977
12.4206965
1.3257768
4.7086100
7.7949825
1.7393499
9.0271776
9.6147818
5.9227101
30.1752125
16.2766749
18.2225370
2.9250243
17.1737793
16.0644173
15.9640774
6.1952261
16.7072660
15.4169322
3.5130870
31.3716020
27.6276676
29.6925430
11.6424560
15.4344116
9.0124510
12.7120787
14.0133923
14.0969404
15.5283734
13.6553678
2.1773682
5.0098078
4.6331291
4.8830580
5.2418261
8.7301265
6.2824853
6.2553574
8.2854558
9.3773476
1.7386349
2.8246075
4.3141070
13.3849117
11.2688345
6.4555521
2.2877294
4.8030690
1.3105856
4.4378954
10.7546330
19.7897530
2.6058425
1.3699234
11.8505132
11.7332836
4.2432189
18.2533054
7.8180738
27.0941175
66.2534644
3.2234377
7.9811806
21.1934734
19.4749024
9.2338111
11.2416819
11.1375507
23.9591794
20.3696303
7.2179394
11.5647558
4.6543772
18.6542085
22.3426265
13.9892934
5.9076205
15.3043996
3.1037792
24.9344817
4.5731374
16.0905697
2.1210268
17.2887420
18.5198509
6.4032170
20.3493926
8.3318464
23.0736360
7.5576267
8.2410002
9.2116355
54.6630588
24.0383323
16.2284031
2.3139888
2.4721296
10.9213431
7.3501241
25.0352211
10.6932591
0.7840416
1.9510389
5.7814111
6.3692022
9.2040559
10.1932753
12.2794324
19.3790650
20.9612854
18.8153809
16.2888305
28.2433449
13.4677226
30.4828303
21.6714901
5.1787109
13.7853537
41.1250781
18.8463567
19.3992411
1.2006523
13.7107191
43.1198831
16.0518772
26.4341434
2.5799349
6.1350897
12.5121673
28.0591549
17.0216519
12.2997372
19.0614791
21.7001062
2.4130734
3.1711836
3.1228053
7.2183925
2.0901435
5.3991315
3.0213401
3.4174538
8.4057474
14.5290044
2.9065291
14.8909285
0.8996729
6.2454919
8.0371645
5.1021178
7.0307113
18.8793464
6.1827787
18.0671548
8.7128207
11.5327082
3.5716264
13.1734137
8.7354509
10.7751848
11.8729392
1.5024653
130.7653041
1.9747221
2.7199525
3.3777334
4.8534520
0.5040784
5.8685688
8.8170981
14.6082013
26.6993849
11.2083965
2.2633565
5.4576180
7.0559454
7.8817601
3.3955484
13.8642175
18.6378675
10.9814494
20.0558183
5.4785727
0.8925822
7.5262542
11.7815094
1.5644796
10.1749664
31.0856920
9.9235534
17.6138078
3.6881963
3.7526566
6.7690979
10.4795065
7.6879977
8.0792725
7.6625154
2.6978943
3.8305023
19.8417310
14.6540797
4.0377752
2.0040385
1.9229275
2.1823653
1.7296712
168.9132912
5.9357978
8.7865630
4.7921682
4.8424594
9.7649065
6.0786987
14.0268336
3.9531506
0.6520407
6.2519099
9.3514360
21.8995355
3.5017956
13.7150988
10.4376697
2.4990124
9.3537126
8.8569795
31.8850569
14.8142181
5.4524903
15.1715212
7.3975069
6.1564719
31.6872586
27.5947336
4.2314518
8.0631777
6.3415156
11.2431625
26.6875603
3.7920900
12.5868975
6.8665023
1.0701621
0.9264872
17.9194987
8.6247951
7.8402780
15.9932367
5.9643083
6.3429851
14.8999139
1.5803742
13.0353508
11.8167236
7.7499831
15.4985110
8.1400805
5.3214089
22.8932521
2.7190151
24.8413493
6.2775549
15.1517773
1.9478598
3.0199994
30.3136660
16.4139137
4.5120186
3.2802364
7.0944203
12.2575824
15.3993916
7.8085138
28.4824598
20.1615800
10.4496831
2.7463686
4.3641530
10.9043343
14.8091613
49.4466614
19.4282554
7.1155450
15.6387576
18.2147513
9.0375322
9.4222062
12.4348975
12.1491042
14.6772150
4.0086009
4.2901440
3.1603609
1.5917154
1.5681259
4.7719926
7.7988654
2.6004576
1.9478839
0.6442320
3.4133571
1.1282886
2.7190512
3.5564910
2.5080365
5.4179623
8.5523336
0.8090233
10.6555506
13.1744590
4.4018270
1.8269428
4.1029295
3.1289829
34.2354192
20.1910149
4.8316952
2.0490022
1.9063489
4.1370402
1.5908961
2.9169478
5.9742145
0.8913846
1.6578693
1.8652209
10.3211099
13.6401975
0.9889235
2.3933679
61.7413317
7.2177967
19.6146112
19.5591066
28.0072984
7.5672840
2.6089383
4.1773783
6.8698847
2.3720175
8.0787650
5.2479363
1.6871808
3.3464480
5.3038688
3.0559400
2.5355694
3.0311687
2.8485631
7.3295810
3.6064890
2.7616664
1.8153484
0.7779239
1.9979026
3.4535042
7.2411298
9.3663212
6.8128573
7.6421710
2.0185003
1.7237892
2.4453966
1.2911729
1.6080175
0.7392709
3.8661089
1.3306741
1.9872677
0.7777473
4.9285100
2.7255168
3.6266093
7.9994308
2.1796394
0.5348873
9.5090576
4.7697126
2.2079787
2.3603461
3.0760574
2.5039185
2.5466700
1.5141966
2.9162106
3.8936636
3.3698811
2.1252819
1.7183256
2.1641783
5.9984421
1.1349641
1.0496406
2.9980908
2.7764355
5.2346488
1.0762393
2.0201076
1.9149653
3.9404388
0.4877996
7.2687252
4.6343571
3.8950063
3.3454205
4.4670841
1.3889266
4.2356798
4.6156664
5.8014989
5.2731944
8.3951889
11.4722803
5.5040480
6.8692153
13.9933915
2.1730063
1.6052577
4.1454546
11.3012615
11.6173752
5.0692546
1.3790942
7.7903802
4.1740430
5.2310141
6.9685981
3.9663928
7.4184752
5.9865549
4.9753668
10.1949217
8.9267567
2.7647712
8.7118948
1.9496049
4.9542159
4.6725590
2.3075809
1.6177321
4.3881180
3.8173827
9.1880060
13.5593052
1.0854405
7.0288868
15.8307107
19.4912108
24.5081208
11.4930465
17.0471483
10.9829477
16.0806754
11.3242194
14.6555078
9.7406615
17.3681931
18.8029270
15.4722117
26.4780465
46.4661547
6.2261414
6.8407678
5.8411096
6.9638673
10.4167611
14.8477979
7.1550760
3.8231279
2.3807200
2.1057192
1.6105558
3.2516822
3.2856027
6.0593210
3.9559774
5.4325599
0.9560956
9.4431923
0.6167518
6.3011027
13.5141713
8.5842733
14.5443255
7.2801209
9.4050967
12.7784581
14.4095579
7.2277470
138.9051721
130.9444052
47.6675988
27.6821809
38.1808930
39.2566346
23.8609971
9.7253889
13.6905860
25.4178741
24.9394711
12.0135013
32.7996046
40.4211811
12.4550086
0.6917790
8.1872534
1.1264627
20.5380168
2.7545508
6.6544551
11.2963735
20.1062228
2.8692212
9.4957173
40.1384943
11.9462873
20.2704342
5.3105728
7.6503363
4.8276707
1.0635416
4.1148923
10.5438162
2.1396706
7.4209535
17.0514634
12.4172875
8.2851668
8.1579066
5.8536786
6.1932419
11.7343323
3.3477499
9.8143056
15.3637903
11.7142734
8.6196987
14.7761259
13.2780373
9.4146761
10.2219222
19.7541808
7.2364930
3.3297359
10.2937125
10.3022986
6.7781513
13.2869040
4.6804797
5.9265309
14.8475032
13.2743884
44.7234334
5.7976619
11.0630323
2.5664099
8.2684856
9.1087247
6.0313970
2.7217974
7.1565189
7.1271117
0.4068287
7.6699562
4.3268713
6.4639306
5.6432189
7.7164786
0.8141603
13.7751257
5.8765484
2.8797655
2.1376056
4.4166023
6.9993209
1.4391739
2.7550101
1.4853286
3.6067513
7.6535371
23.2981567
2.6846159
6.3800796
2.4134249
2.0431609
3.7811355
2.0506930
3.4280065
9.9545246
2.9304114
3.4379563
6.0019353
7.3577160
8.8855482
4.4847146
2.7160383
4.2554925
2.3989952
2.6045198
5.1594412
1.3853137
4.3535022
3.1844980
9.9479217
1.3283884
7.5898225
4.4552492
8.8916926
18.2975328
13.5537048
3.9537576
8.6209915
1.1379200
7.2107942
1.6637482
2.9369996
7.0568100
6.2294498
2.5382753
7.1136135
1.4387970
8.9151984
2.8588817
4.0840607
10.8549268
3.6705088
2.4838482
22.6231747
7.6488723
5.8192287
9.0622098
7.7729627
12.1232285
22.9812293
9.7713893
20.4681157
11.8682387
6.9526263
6.6733010
13.1230145
12.3891847
11.6941469
2.7363110
11.7290711
7.1279293
11.8643350
13.2324302
83.9028559
64.3132924
43.0102394
38.5460954
153.6243190
30.2098191
132.9033350
7.5560259
87.8884065
16.7797511
102.0201373
36.6076899
20.9134430
155.7069898
12.6223808
103.3558815
39.5465572
174.0677752
102.7300123
146.9539536
28.7766875
179.6605903
121.3776224
81.1395240
157.5094139
36.8614062
15.0728183
23.3777910
60.7254153
16.7325224
21.9247272
23.1133593
31.2696212
90.0801369
163.6306827
110.2415165
6.4356135
1.9372429
8.0247979
3.3588968
131.3673959
12.4763225
5.7903752
1.2466589
12.9605385
4.3370185
34.1114704
15.3098502
18.0279156
6.2325296
28.6781685
5.9692400
35.4681509
99.3354425
76.8836942
37.9372007
31.7652872
0.8331766
7.5628409
8.0509354
10.3376831
4.2560145
5.4624960
3.6081789
5.9443879
6.6637059
10.3120219
6.9792977
7.6210895
1.8534215
4.9478185
3.9806629
0.6543470
6.1561077
7.5529855
3.5579044
11.0314051
11.7717518
1.2870671
1.9466256
0.4987443
2.5148949
0.7452568
3.9596417
9.6315452
2.5029384
4.0239974
5.3304548
1.3218324
16.1197601
156.1999611
93.3542478
177.6001136
22.5241437
126.1123048
96.6709762
137.9223208
50.2970933
9.2641797
179.1473170
171.6432818
28.7283891
137.6529199
82.4219481
19.0326506
43.6528425
66.3564734
3.4713080
17.3829213
8.3788590
20.4063690
6.7332925
13.1438899
14.4321434
10.2505217
18.4159697
11.8846948
3.3769775
9.8083816
7.6191147
15.4536139
28.7598567
33.2721898
24.3750730
25.9604348
12.3534328
10.8926123
27.8366448
21.0350579
14.6020470
4.9239705
0.9723519
16.4130769
22.0551927
12.3134768
4.7251056
6.2956785
22.7664262
33.9352790
31.6996851
11.2641525
15.4971954
9.7939621
3.3622327
3.7799685
3.2721323
7.6079055
8.5643823
0.9835785
6.2303334
2.2210402
6.4291097
8.9581635
2.0298383
1.8211506
13.0569009
20.2382147
13.7750953
7.9491686
9.3448547
4.8970850
10.6650945
3.2265551
14.0329749
16.4667704
6.6126937
5.0904509
7.3133333
5.4894546
12.0190751
20.3884612
0.4085899
12.1483288
7.1931890
13.1071368
5.8320338
13.7464658
10.7108384
4.1055892
4.2087970
7.0369351
15.4267982
4.4757967
5.4320751
13.4122576
20.6352606
2.1789082
2.5223284
9.9671711
16.4319160
14.1808822
4.1132033
5.9691157
8.6980607
4.1343463
9.1707184
12.7106416
9.6480596
15.6765212
8.6434718
9.1052352
1.4121817
5.8839113
9.6353510
4.2205643
9.1926699
15.6739522
14.5921141
8.9939339
4.8728291
11.4962493
1.0985386
2.8395710
4.3335744
5.6856827
0.9981949
1.0887394
2.9324100
7.8633051
1.3048036
4.2665091
7.9998277
18.7436938
7.8328676
17.1923851
23.6835061
15.3208692
13.8511418
5.9918968
15.4152428
6.9885634
10.4693156
4.4485480
10.8028500
31.4926240
3.1912477
16.3797139
1.2745610
5.1281728
7.9609355
3.8051890
4.2240262
5.6141363
2.6896314
0.6886086
7.7423079
9.7259602
3.9944178
11.4224541
2.2923208
9.2675614
11.9183878
4.4167219
4.5423381
2.8983799
12.8544495
1.4147597
2.6086586
8.1215889
2.2605099
1.9422237
13.3198174
9.7189856
7.3923619
0.8888196
25.3601873
15.3500167
29.9248851
8.5357957
0.9594548
5.0599056
19.4820815
13.5614594
3.2674820
1.6319468
1.2830919
5.2522579
7.0203038
18.7171953
19.3502489
13.7215320
22.7012489
5.4756714
7.2319063
13.8426217
5.3854449
15.1747521
7.3681400
5.4578173
5.5484609
16.7511114
8.8114457
20.9754724
2.4989419
1.1984969
35.4512049
1.5813886
10.0280774
6.9780251
1.7561777
11.9524652
9.1098852
1.5328547
4.6864708
3.7785134
13.3270136
1.2541195
1.0451451
4.0083218
3.5711694
5.1391933
11.7891191
3.2778918
10.9118689
2.3706815
9.1653770
7.5927283
2.2216151
4.8292128
9.0893805
12.3186418
7.4528684
7.4263638
4.4854638
2.4665243
4.0571202
1.4883975
10.6819251
11.3426823
4.5006207
4.2891798
3.6800698
2.9345187
3.1001425
6.7912532
7.9580302
12.3505773
2.4007188
5.1777602
17.4122073
5.0166002
0.3683076
5.0871283
11.8610977
3.2054496
5.7633361
6.7788786
10.3781943
7.2049343
2.2891956
6.3368410
1.9490787
3.0122464
21.2901046
14.1857110
8.4030246
3.2947011
5.0924249
0.6275598
2.0596634
3.6751388
1.9278697
3.3559853
15.3190751
11.1089520
3.1821583
1.6488610
8.7324607
3.2871889
8.5933463
5.8445262
2.7001811
4.2856802
8.2762840
19.7459427
9.0846455
3.7978032
2.7960089
2.5324588
9.9849751
2.7162725
3.6500916
2.9052488
4.5636832
1.5419654
0.8892351
1.8151153
1.9090447
2.4458978
4.1345736
1.4481090
5.1250336
4.6175866
1.0212266
11.2872353
1.0875436
3.2281907
1.7954976
5.3242784
2.2994276
6.4387212
11.4255694
6.8148345
2.4438470
1.1812577
0.6465159
4.1594625
2.2416812
3.8487764
0.6036510
4.8462665
10.5353615
11.4338445
6.6247719
2.6912358
5.1492914
9.1387258
5.7491635
1.7625498
4.4949659
1.5715576
5.9904379
3.1786993
24.5319922
19.8965992
1.2146831
21.6752606
7.4616179
5.9303820
25.1561214
27.6259347
3.9002464
7.3109920
0.6097458
40.2311488
8.0604105
13.6594291
10.9537908
0.6327071
15.1518448
27.3713125
10.4607977
3.9498188
10.3578390
4.7028401
10.5011972
18.5957418
5.5886914
3.6004682
9.5443562
8.4315389
13.2567829
1.0527541
2.2836023
13.3749549
2.9606814
5.2135395
5.7303208
3.9427106
0.9925032
14.6961839
10.2381942
9.5930228
10.9014679
0.5069517
21.8339061
8.4258072
20.3562055
0.9214525
1.9065251
9.4322784
2.7841631
10.3646897
6.2400526
5.1351788
5.0403186
7.6818391
2.4666000
3.5541711
10.5495526
2.0547025
2.2599168
3.2220273
4.3226761
13.3712960
13.1255482
2.3690070
4.8497025
2.0263086
6.7509892
6.4280026
6.4875793
5.8819402
22.2131385
8.7674053
5.9093305
1.9988745
4.1325140
6.0155296
6.4933678
5.5692991
5.3923680
6.7696040
3.6953816
2.5698007
2.1954173
14.8659073
10.7999546
0.2842749
8.8581448
22.2828573
12.0437732
1.6010553
9.0841078
2.8364146
6.1805951
162.2335358
16.0059005
20.6405910
2.2336631
8.1093709
21.6681414
13.9538189
28.5097657
24.1480592
4.1006382
5.1927054
3.7247862
13.9196820
10.2219486
5.6095003
15.6692382
7.6039452
10.5837484
11.3180723
12.5133695
6.3256931
11.3722285
14.1821707
18.6012469
16.7421067
10.8512740
7.7417153
16.3851679
4.4692275
12.0554294
5.8750894
5.0009757
4.3607416
5.9598237
19.5674079
6.3110210
5.1880443
1.1223807
3.2007344
2.3060347
11.9707570
1.9693052
9.1475374
2.1592805
14.8045759
19.2448076
3.6050799
9.1005545
4.3416055
13.0896262
6.2731961
3.4069884
4.1665905
7.1879686
1.8265173
7.3197619
6.6553054
6.6253205
4.7738548
15.8650081
1.5607338
6.8023150
2.1957058
2.6665969
1.6754891
16.4641319
8.6908568
13.3755869
1.0730641
11.0258588
15.7935300
1.3690608
4.4006161
5.5948895
26.5992336
8.5361898
37.9981310
46.0512463
46.3486836
51.1628340
38.9667854
25.7431004
31.2407416
2.4466995
4.7486670
12.7939341
13.2645291
6.4555097
8.0545414
2.0050007
4.9469191
2.6582784
16.6775767
5.9367630
2.1026981
3.7774728
1.0888468
7.4705263
3.2035419
6.6670019
2.2872164
4.9156267
16.0002569
11.9729198
8.3702737
9.6558495
28.6774271
8.0352848
3.0040361
0.9037658
10.4897619
9.5953016
5.9487895
2.0133809
4.7251431
12.9674219
8.9328340
16.2713871
12.9248811
15.8447588
18.9524468
14.2038100
16.1177067
16.5498311
7.1497228
5.7044349
8.1615365
16.9254802
49.6823337
10.3924921
46.8007546
30.9615715
13.2448559
68.8293336
59.0037013
53.8269020
33.1230873
12.7493566
59.6664594
21.6815640
12.5682817
6.4166724
11.9973142
25.4505493
14.2425309
16.7436266
15.3820518
28.4222149
40.4086358
2.5746148
9.7873744
6.6189315
15.1646571
3.5106416
10.1120845
24.2724266
12.0871754
6.9205590
71.6518133
3.0836988
4.6679026
13.8116819
6.3089036
5.4985493
3.2174878
12.7125532
17.1934064
8.6249599
4.3298967
11.2821846
54.6340031
42.5631460
16.9117968
4.8323035
4.9668837
12.0674220
86.2213125
25.2089376
29.6046017
29.5860080
15.0925214
4.8241942
3.6349125
5.9270372
9.6700792
16.4109312
13.1955733
9.0827446
2.1101986
5.9696581
2.1920696
3.0135692
4.5590344
0.6254250
5.4900268
2.9702210
8.1499064
12.2158862
20.6276816
19.4858659
10.2650664
8.3800356
11.4922217
10.6221115
1.4388680
16.2566160
18.6778572
1.9849402
12.8614897
7.5942168
3.6582493
3.3382780
0.8161832
5.1316605
6.3560708
2.0264458
0.8516549
7.5774157
0.8024115
12.8284292
1.6370169
12.2938929
7.1926425
11.7391842
12.1966005
4.2092930
6.9304472
1.4717949
8.4695588
6.6171229
20.4101258
1.3350296
16.3684805
8.7435020
16.7867483
7.6890245
14.3116973
4.7226705
3.4755504
3.4974242
1.9278621
3.9564514
9.0726676
7.8100443
7.0165954
7.5801339
12.5766684
7.8190719
0.9341047
10.4876111
1.5110333
4.9687903
14.4361608
8.9742102
10.5576480
15.4120449
0.7827374
3.9455329
6.3974229
8.5933199
4.0948136
10.3593269
14.4757060
10.9767177
9.9685425
5.0721351
3.2181606
5.4462275
0.5516902
9.2820436
4.5238658
2.9259420
10.8633856
3.6389921
28.3483034
9.3023794
4.3189931
2.9926016
3.5370840
1.5509717
7.0441977
2.6426665
14.9450554
8.7773562
3.3921337
4.3842397
20.2471760
3.7020280
0.9240828
4.6809817
2.3301609
11.7762439
27.0665495
10.6710745
12.7679585
1.8807207
3.2874031
2.9586309
12.0170495
4.1006619
2.1665231
1.3507318
2.2524619
0.7956986
5.2713361
8.0957370
17.9340683
3.4534573
2.7882721
12.2901758
0.8201341
1.4521181
2.8661614
4.2288515
9.3072733
3.1599519
1.1621646
5.7950752
6.3033108
4.3122607
3.2366862
8.7435552
18.8878949
4.0144931
3.9009830
2.5670331
9.6342632
3.1528505
2.9999711
7.1751894
1.9579653
7.1705319
11.7764346
19.3933776
34.7210162
6.1730054
14.1410796
6.1416862
20.5709647
11.6330548
6.6707726
16.1604760
15.1870493
6.2476454
10.3360491
14.1396044
7.6391231
31.1445398
19.7386540
11.1684337
9.1690778
28.5666490
20.0758487
11.6440233
21.1159274
74.1187456
86.3067907
22.1000779
13.2210532
31.8836413
10.3948951
15.2086843
23.0521457
21.6162511
18.3434516
7.1600133
23.0032680
8.6964843
10.2807714
85.5378535
56.8711228
13.9889057
74.4709346
17.8624420
9.9577493
37.0144008
9.7555480
7.2042937
26.7767083
16.9968143
26.4741066
94.1509299
87.1570958
76.5654915
10.6005193
6.3818198
29.1115199
14.1109335
9.2889240
47.4865351
53.9820975
52.5512854
11.8241694
29.1118238
31.2544626
98.4148340
0.8374565
7.4185245
10.4875638
18.4381678
28.5899566
22.9719011
16.0135736
0.7894055
14.0234716
17.5873389
59.4183427
8.2904019
95.8571597
52.3829644
30.6899531
33.1858969
45.8249137
44.0705855
50.7418594
50.6091072
7.9040755
8.3440858
1.1314953
6.6885919
9.2235881
36.2381981
5.1119843
5.4164478
16.0730405
14.7495681
3.7002672
2.9135715
3.1457244
13.5445454
36.7502495
8.9937292
0.6517924
4.9536033
10.5824342
72.4861235
174.3996206
20.2686257
106.0544067
3.8440632
3.3740913
8.9096549
56.8770844
4.0280510
31.9453328
6.1737665
24.6147222
142.6986512
62.0133898
1.8053882
7.8393767
59.8054798
10.6036082
6.4254279
3.8168685
49.6281198
23.1100355
23.0580763
10.1774719
1.7454079
41.3030847
8.2059155
40.2785880
6.5397086
42.3245910
24.5470028
3.9627540
22.6313582
43.4350282
1.3844667
35.6970476
21.8221784
19.4216750
33.6009615
42.9983042
46.8321786
20.4780566
1.1147100
57.8059439
34.7811464
18.9662020
25.4765313
27.3012419
10.4980492
1.9515172
8.4195394
3.1355188
8.3873055
7.6559735
15.0148740
42.0029588
11.8176646
20.3914088
17.6394008
8.0591690
10.2198725
21.0911090
4.5501997
3.9965520
14.4022444
6.0857657
8.4908952
2.4412381
8.5674769
6.9452612
1.5952855
14.5943079
22.1013598
13.7964905
5.7678106
1.6749687
22.4279619
3.4724102
18.0181394
6.4697850
8.2464306
3.3140354
3.8836573
24.4651230
7.3912151
2.8679953
4.2491923
5.3602217
3.8897432
4.7616947
11.9821342
6.0579226
3.7161855
4.0422057
14.7193907
15.5657661
11.2544903
9.3942194
1.3433152
40.5829486
9.0359687
2.1864201
1.3419248
7.8034458
9.0780851
9.2069042
15.9056664
5.1466118
2.9827951
1.6312627
0.9728223
6.1641443
7.7916224
12.5331856
12.1274794
10.1973905
13.6903244
12.6308825
13.8695003
3.0673572
3.1181751
9.4919635
20.1406209
6.9222030
4.2009176
1.8153137
8.1858620
4.6730557
5.8267526
6.3462451
2.3215037
3.2173387
1.8081552
4.6568703
1.7543302
51.6183388
18.4089561
5.1682988
51.1686047
1.9524153
49.8746200
39.4822440
2.0239470
11.2402009
2.8801805
23.9570850
1.5122220
2.0419430
75.7322741
3.4620721
2.5216302
2.9601943
3.0144242
4.1595063
4.2278366
2.3686230
2.4292011
5.4110342
5.0596141
4.3034931
1.0508343
3.3972079
4.1766660
0.8477447
3.6913892
11.7054601
3.4584329
38.9480972
0.9228611
4.0477162
2.2343708
5.7159898
3.9152371
1.7217998
16.5399876
1.5692142
8.7336271
8.1212380
11.3689920
14.0017685
5.3779197
5.9446185
6.1569427
8.7874627
9.4770875
10.8019596
1.0057863
6.6194513
46.7375028
6.2949418
8.0811748
2.0984540
21.5504427
12.9169243
13.1680213
8.5542517
2.0303995
2.0839790
10.2838366
1.7713212
9.0138730
3.0418367
22.9476032
6.3432317
4.3525169
36.9753504
20.1574810
27.8775516
5.0568184
8.6979704
8.7527839
31.8415787
61.6435765
125.9207277
79.7005416
48.7621909
19.5678376
19.8892382
5.9345967
13.6340893
104.5415504
0.8034952
1.1263846
6.5766271
0.6237984
7.1156482
6.2153968
147.8201983
70.2319969
88.5753515
18.0035910
5.0912190
11.4611889
7.3834215
6.1766688
103.2358283
18.2947193
17.0142454
8.1467092
2.6434230
15.9816466
74.2512599
139.7776374
128.6519681
152.2866673
177.1559950
5.7474544
2.8529267
165.0339165
60.8155138
2.1238383
178.9748423
45.9974583
7.1769668
122.3520474
2.5673972
152.3916970
52.1288949
3.7962570
8.9607050
5.2342422
8.0365029
42.6422969
71.6148241
1.1031914
6.2271964
1.7412624
3.1411558
27.1309938
1.7569625
4.9659879
2.2464311
3.9995730
1.8982674
2.3543612
2.2649302
1.1914208
2.1105113
1.1376845
1.5526520
1.5438705
1.1842839
2.8715591
1.0884017
3.8358043
178.3534741
6.3179770
3.3026125
1.9022779
2.3548734
1.7816895
0.9973500
0.9315300
3.1650294
1.8312671
0.6848161
4.1194330
0.5755918
0.8767700
1.0169108
1.1359798
1.8081524
2.5138221
1.4607136
0.7006623
2.0999777
0.6646896
1.6768915
0.6891803
5.0507165
3.5078329
15.7799492
13.0274789
1.2399110
0.6187659
1.0369979
1.0280034
0.4421165
1.5404603
1.0673779
0.8622959
2.7348349
1.0914979
0.4476932
1.3194841
0.7883149
2.1689833
3.1094424
0.7509493
1.8541835
1.5090588
2.5161669
0.0588032
5.1257566
1.2286771
2.1799248
6.3948657
0.6520020
1.2321018
3.0068700
0.8826629
2.8808303
0.7358063
1.4214788
2.9572794
2.5442492
2.4533782
0.8915386
13.5801483
1.9593560
3.8534235
21.7677004
63.0171906
175.6808434
12.4092212
166.5585985
176.8791846
22.2140099
159.3852467
14.0771587
116.1036296
170.0710260
142.5544674
6.4902506
13.4704530
0.2407969
1.2876980
0.4127134
8.5715118
4.1697281
10.2515590
4.0544438
3.3465914
4.5648422
2.7929645
6.8967828
4.9945634
4.3785797
2.3524938
7.0097950
1.0748755
3.9933359
2.3451641
1.5055464
1.8023017
5.6644525
0.4367844
1.4078987
2.1690481
0.6270970
1.9731575
3.9831572
2.9439596
1.9416506
4.3238209
4.5399785
3.0914462
1.7422395
1.2605286
10.6419171
4.8089089
1.9681974
4.4257485
3.5347820
1.0682068
1.7338162
1.6427945
11.0274298
0.5997105
2.6152906
5.2830135
4.3818868
4.4053804
10.2900240
0.9270117
6.8397241
3.0344586
6.1572185
2.3044610
1.4637680
3.9672816
2.3058807
9.8012156
1.0468217
7.7187643
2.4389818
5.1345850
6.2650678
4.8863532
1.2221685
10.1265088
2.8336951
8.9483407
1.7296186
6.7624087
8.5775874
12.9089502
32.7384695
16.3782707
24.7898761
13.3332286
9.8374472
11.2819725
20.3158341
10.7271824
9.7749574
131.3025143
36.0777297
14.9371487
23.6927811
63.2576464
10.6713536
8.9696129
45.8858227
6.9163460
9.4876047
26.6328666
14.1134260
6.6865657
2.7977586
6.6152247
3.6497386
9.8749438
2.0498254
22.1338373
3.7330044
178.0820549
8.7235361
26.3278371
97.6005948
51.7582507
27.5054864
27.6308875
176.8774192
34.1618191
21.9729873
24.4166099
72.8959624
46.6589739
24.6379008
5.8567457
9.7342269
179.0785431
19.2093318
91.3493208
1.6153329
82.6680370
69.9528726
101.4488592
17.4215183
12.6560069
27.9958609
132.7098468
98.5552779
147.8546142
167.7558449
175.5605806
108.0378604
74.1802097
17.4506903
9.3896232
24.0159929
4.7239839
7.5160942
9.1813605
11.9264246
178.4266194
1.9508889
7.2822738
21.7187948
1.8924164
4.5040692
11.4512034
27.3904939
19.5248881
7.0993480
2.1954770
2.5060517
13.7994361
9.8392137
6.9321873
17.3029810
25.5223322
7.3465881
36.8763554
12.9599936
60.9335624
17.7484787
11.8415042
40.8485841
63.8489974
31.9605122
137.3457603
165.2897700
1.4057646
15.5986763
3.6369227
25.0237629
14.8565340
15.0410044
13.6405284
9.3930819
5.6460710
5.0790463
3.6822194
7.2057920
3.8059667
6.1554150
2.9417569
11.1769614
11.1053721
18.0312320
13.5201092
8.8915059
17.1183100
34.8302875
64.5166410
6.7933398
13.8297246
4.6499974
10.4946608
7.5718104
33.7097019
11.0876559
17.2810525
39.1184857
21.1825975
12.6174627
37.6960429
7.1650735
9.5537942
21.9729292
18.3971608
12.2802073
5.7046367
3.7690854
6.8329279
4.6297020
1.2077510
2.4153741
10.5426849
13.5371228
4.1878309
3.0855157
12.5948792
13.2910572
14.9080095
9.7477633
18.0413624
4.4245007
12.6535528
3.6290166
13.4889117
4.5328459
0.6091659
11.3763794
13.4423885
22.0089042
14.5750059
4.4598307
2.3884805
4.2398477
0.9187704
9.1489780
5.6410875
8.5564309
24.3008258
3.5466621
16.1175944
4.0631654
15.2635991
6.0469680
10.0374482
9.1545465
12.3633856
3.1847294
23.9383522
3.4956908
24.4732235
3.9589337
50.6685379
20.8880242
21.4477078
3.9116527
8.0281569
12.0634596
4.8496970
9.5455216
3.8968318
15.9701946
178.8951606
90.3617645
79.3591838
2.1787477
133.7375035
164.4543994
21.1786211
165.2056912
24.1580402
20.0805496
13.2462976
12.7267692
8.7841397
11.5261306
3.2853209
139.5089908
5.0929722
21.2037387
173.0862676
79.2510088
2.5347333
3.8302014
26.1681351
15.1163456
17.7149081
17.0338179
4.4871657
16.6038173
9.5022705
42.7948457
6.6403852
24.5843490
3.4534360
0.9224997
8.3970991
1.6649445
1.5064728
5.0996497
15.7525317
26.0829558
8.2712407
4.7199521
6.9480730
8.7880165
5.8408817
9.5735195
7.8280509
5.1875711
2.7312257
14.4121813
3.4122892
7.6874521
7.6161818
2.8290258
7.0785878
9.4088894
8.4007719
2.3031372
6.7804117
4.5817004
14.2052645
10.6722373
16.8192466
0.2517951
7.3587677
1.8410719
17.3670590
15.4714635
4.3401227
7.6594229
8.3955100
6.3777011
1.4352507
26.6488939
6.8148868
3.7709301
9.4172646
2.3904471
13.3868304
2.8192344
20.1966272
4.3842393
2.8228224
36.4810927
8.0902418
2.3651818
3.2604516
13.8754653
4.3215673
11.7791341
17.2877206
13.8719512
7.8672003
2.6681487
3.2348270
10.4328321
6.8735170
17.8372093
12.8997151
7.9485651
2.3624474
9.4104313
2.0005655
174.3052984
19.1616058
5.7484942
6.4439663
1.9220329
178.2628325
93.3165900
60.8634122
147.1852456
178.8726574
143.0177274
177.2017313
158.3779582
164.7355042
160.1863640
166.9048069
147.8150219
96.4620751
168.8456392
21.2101662
27.6173271
171.4600793
169.5600938
4.2081012
170.2856086
141.3483098
18.3700512
7.2972232
148.8333227
170.7281887
178.2927070
161.2009941
134.5903083
106.2279646
136.9531314
177.2293441
133.5736637
22.0631402
87.1488143
109.1141416
154.9426079
7.9925626
22.1407753
23.1780284
11.7934347
9.5717908
1.0539696
159.5110669
149.1726591
138.9285097
177.4333528
26.6214882
36.7607424
29.9519965
170.3802734
11.5739347
131.2828278
175.5832335
13.7368430
15.2653390
8.7178637
2.5117223
13.1768437
3.7410953
2.5835954
6.9050711
4.1683973
2.8601836
7.6907190
11.2308654
3.8025086
13.3437599
1.3766530
5.4122661
1.9198823
13.2082335
5.8094778
2.9123083
12.0224275
6.0337615
3.3703924
22.9714572
1.2684507
14.3197873
4.8637106
17.0975687
27.7885823
6.1168149
162.7000529
2.7768056
7.7456212
1.6347243
2.0089254
2.7148780
3.1917469
11.0236790
5.9816649
17.4024194
9.2136773
9.7147424
9.0440822
2.6430943
2.4949166
3.1434600
4.5732447
11.6740033
4.1137415
3.0834979
15.6491264
5.4540510
3.9479146
3.7613185
6.7629782
9.9536821
4.9704935
2.2995472
1.1134391
3.5179141
2.2471230
8.5931399
9.1743879
9.9788434
4.3651776
7.4664886
5.2461996
6.1077189
3.4835665
0.8242010
18.3854075
6.5806139
169.6935505
1.1688644
8.4753508
3.3545661
2.2116332
2.3432782
1.3890583
5.6738317
4.3287245
6.8423922
4.4169916
5.2066131
23.6564947
9.9073450
10.4792656
4.1548088
22.5810184
1.2989139
4.0996068
2.6763092
9.6269283
10.1028471
7.6672033
14.8601649
14.0998156
2.9709652
5.0873580
6.5752247
2.6030933
1.1484029
70.7701687
8.2601682
11.3458905
2.0461619
3.2002728
9.8152564
1.5307853
21.4359368
6.3833008
11.8035359
14.6205048
9.6186665
13.0408650
7.0532354
1.8122516
24.3495652
2.5091203
3.5086950
2.6775702
2.3452887
11.7605721
83.7301928
102.6793127
80.1176731
179.1725601
70.3243823
175.6980440
141.7324548
111.8599507
68.9594226
85.1366532
74.5827669
23.8996232
71.3384926
109.0074702
138.5391469
56.9025189
10.8186387
35.8017116
139.9819213
159.4187980
100.0478618
161.1628966
149.8689950
154.9331561
177.5582185
175.9918776
97.6453055
70.3040221
147.7229511
91.0438163
21.9781304
45.4887645
174.5928535
6.0598608
36.3547965
15.7122303
14.7489275
26.6701295
17.6622559
10.2580910
7.8935850
18.5762000
31.2654793
40.1984228
27.4735774
4.8976612
20.0030605
12.7573569
3.5420648
9.0024310
18.7515211
15.3065211
33.8319874
13.0295429
9.4597792
11.9995353
4.1638137
15.4787840
6.8207590
12.8435707
1.8135994
9.8298723
5.1624421
7.2603363
176.4367266
178.8483657
173.5828544
174.0044034
173.9882815
158.8813798
175.4944133
176.4788861
152.2996639
173.2103551
176.0281211
161.2730470
33.4089008
161.2055415
178.6768710
162.0992155
7.7966710
171.0591724
176.3058257
169.6672871
174.1776562
175.0124494
175.3705767
56.4347971
168.2083465
170.5936739
168.2890298
173.4639074
178.5339176
171.3745037
169.2935550
178.2598193
166.7931803
175.1413932
168.9856959
115.0834447
178.2006907
139.7292256
20.9852592
48.1443550
178.7567832
179.8643957
166.1428730
166.1612284
150.1894446
178.3604484
176.3866310
167.5225757
176.5967456
167.7061264
168.6435821
159.6712394
32.6165778
20.6343925
2.1473136
24.1338497
61.1950047
51.7402754
6.0469598
158.8216043
166.1443832
179.7591761
177.6494676
36.4643675
5.1324841
43.8331342
15.4067850
154.6863017
20.6843436
5.9916310
5.5742503
10.8581785
13.4280428
13.6444169
23.8684746
16.1897832
24.1141057
19.3065615
23.2856251
28.2353174
12.0264415
10.0059820
18.1820063
20.2227430
8.0305158
8.5164883
26.0507940
5.9873137
18.9073664
32.8746716
25.2503669
10.0441249
7.5439103
8.0192153
12.9859915
13.3538223
12.7594947
7.9807615
12.9159655
25.6115670
3.0720546
10.3056978
12.6596959
17.2905487
13.4526146
8.6893242
22.7768616
4.7027690
4.2525315
2.8390329
15.3546280
3.9316163
22.4904639
29.4497221
19.3686518
1.3302806
5.6671881
3.2459753
10.9274854
6.5994332
11.2809348
12.1297300
13.2255456
2.9622886
18.4222187
7.2837881
9.4757047
43.0641188
8.9497928
7.8883689
3.1489467
12.9484812
6.9048039
28.3687358
3.8864154
3.7691438
4.2256922
6.5953729
1.7168709
2.3457892
8.5096766
4.4853429
15.8647262
9.9672287
5.2804983
4.9351186
4.2044519
2.3265290
3.1410683
4.3828063
13.3476516
8.2760863
22.7912299
12.3556765
4.7436638
5.6047105
7.7810270
4.1721656
14.9081506
3.1852771
13.8788975
9.1420544
5.4302161
0.6050234
1.0798017
6.4591577
3.9565674
4.6005824
6.7501835
0.5942387
17.4401460
27.6810958
54.9353492
44.4233263
21.5681601
3.0864374
5.6164744
17.8021401
5.6317577
10.4319489
5.2602848
53.7095966
91.9099225
48.9565836
26.8338750
7.0362161
3.6868984
25.1903775
16.0965413
11.1899293
5.8244946
6.7921495
3.4733137
18.3221119
7.1194375
3.7851935
27.4473944
20.2209773
6.3728982
5.0442551
6.8677134
8.1300618
12.9564134
2.1480284
3.0484374
5.1664151
4.3382671
10.0909719
16.1515576
16.1314304
2.8979031
1.1650789
4.4643122
4.0337898
5.0200115
1.3773804
5.7737778
1.4228213
2.9397689
24.5699427
53.7584014
19.0635159
5.9760103
14.1924683
13.9192786
4.6130438
15.8123561
5.2468782
10.8750167
12.7026430
6.2552447
5.4395176
1.4615729
4.2534333
6.2062320
5.2730979
14.4122661
8.6957985
4.6585574
6.7973105
14.5092703
6.7399312
7.0224513
11.5942554
7.0129698
9.9118237
9.1841173
13.3763276
27.3501221
8.7904306
8.4251029
49.3537452
9.7456997
1.7519700
2.2729163
6.2121222
9.5769831
4.8854994
13.1529755
7.5801445
31.5307467
14.5452829
22.4106616
10.8536786
10.6515226
4.3802999
3.0272568
5.2624547
3.9916123
8.8047356
31.7515188
8.9995390
3.4314569
2.4499942
8.6335960
15.5237288
5.6332431
18.7185899
80.7632531
5.8034708
5.6044979
5.8597115
2.9803619
1.1176326
0.6779392
3.4804265
7.8268396
1.2438496
4.5004734
3.0030620
6.3053762
5.2356141
9.6945070
7.9237313
0.6397635
15.5649123
1.9910857
6.3991022
13.7599224
4.4492111
10.4618195
1.3253847
8.7840703
2.9248115
6.5360095
11.5033245
1.4923014
5.9471436
2.1813882
3.5213229
3.2155771
89.6477074
84.5898808
99.9370077
4.7859456
10.6539295
2.5394675
4.6587754
21.1742229
14.2807116
14.7784702
2.8656466
9.9054901
16.2919451
8.7733778
12.8584935
24.7688622
6.9963508
6.8330068
6.7370954
5.1498358
5.1170952
18.5833077
22.9417392
13.2244919
3.2095035
4.6442152
7.6851183
0.8944105
3.7377395
23.6161717
1.3945108
93.2239139
4.3874534
9.8188525
25.8979909
2.7874968
32.9477100
1.9495897
6.8123824
43.8274244
1.9333716
136.0422502
0.9787619
13.2964592
8.0460061
1.0868368
104.2510479
8.3172104
6.2504513
0.9803974
18.4598351
18.5596079
9.4239256
8.3305789
10.5479615
4.8955846
4.0351351
21.8195793
3.5456659
4.9748842
0.7874112
1.1570522
8.0676113
8.4285725
12.8097938
19.4746125
6.7338398
6.5601470
5.6415870
4.7598529
16.5209698
5.0458627
13.3276343
6.7133374
2.6595317
3.5309958
2.5951349
7.6514110
2.0279680
5.4252869
18.7477066
67.9500785
3.8343997
33.0611721
161.9770394
6.6769734
6.8020084
159.6986188
4.4641749
10.1162758
1.3467765
164.0944647
21.3899095
2.4291574
6.1965091
9.4909320
9.8150079
5.4751412
5.8686702
9.1451331
32.5210103
175.7579013
13.1949001
7.1686834
4.9553968
4.0304105
25.9295014
3.8123004
3.3248498
1.7930096
178.8612633
1.3258161
2.7520501
7.0606970
10.5285654
11.6121447
6.7786615
2.7719207
2.8643245
19.9829004
4.2434101
2.8683538
7.6115368
4.2026301
2.6369451
6.1740722
6.4000015
11.7667431
2.2817789
1.4224288
9.2092692
7.1302240
11.0597161
3.9038198
24.2418064
0.5108616
6.3179169
4.1859401
2.7688606
5.2096564
8.3514656
11.2649581
7.3720472
3.4392332
75.3321350
2.1553147
5.7801555
7.8234595
10.9828753
13.2554087
12.9829825
17.5123656
15.2331329
13.7178121
1.3410041
3.9898203
14.8941925
9.1847135
3.3393512
3.7477933
10.7088262
6.2808295
36.7478898
8.9768549
1.3555331
38.9498973
28.1907086
9.0408384
6.1404361
3.3592511
22.5567464
11.9292076
27.4373928
4.0503733
66.0334590
154.7898459
23.3404324
1.0566333
161.5139362
41.1252814
12.3694878
178.7336709
125.6939334
170.8215771
34.6843406
25.7248575
13.1511159
38.4730957
12.7181478
21.3216759
42.9904463
52.3862411
84.3629777
31.0477281
17.9430091
33.9913628
13.1336457
25.5262840
168.9460519
174.4052395
58.0543590
83.8617594
151.6113067
165.7750628
80.3927251
168.3426765
178.4351540
159.2605652
18.5160629
174.9924057
174.3210581
179.5469978
176.6712513
11.1244152
27.7288115
6.9358997
2.6644859
90.1099791
18.0991422
67.0744301
102.6601882
178.9515542
64.8119129
48.0640343
28.4167756
153.2868555
25.6707968
10.6661131
6.8710558
64.9563512
42.9551678
48.0576327
34.9133049
70.7822506
50.3524955
59.2352795
78.6651791
20.1700618
26.0153279
7.1589580
18.3996807
4.1862228
0.6316077
5.2921696
45.3705710
3.8889774
45.6557474
71.9367542
22.4510512
128.4031701
51.9461819
36.0019746
1.9979565
20.7200335
8.9939436
164.7419468
14.4689559
1.8518039
35.7866577
1.5116920
55.3702940
13.2885782
12.0744054
7.0756059
10.9955172
6.7696839
2.4212616
36.6752988
28.8108072
23.7302806
12.3120702
20.7714447
11.1760070
22.1279621
1.0192547
9.2340182
4.5424766
8.7575037
3.2724369
9.2493158
4.3840377
1.0613028
1.0172175
21.1421720
4.4700966
4.1966540
7.7916334
30.2884220
21.3194231
12.6260457
153.3053940
81.7105659
92.5094572
108.2444075
13.7247494
3.0675290
4.0595848
129.6076515
14.9962766
25.9230784
44.5647120
54.1140399
34.4066294
14.2416238
95.9951064
25.1562781
82.1808595
16.1395552
94.0809175
2.4978126
26.0453931
67.1770110
18.0389520
21.7737480
10.6815601
15.7276701
18.7151307
13.2830865
2.0420373
20.3782390
13.3630097
4.9160676
14.7892984
21.1119423
11.7572597
2.0282225
8.4226132
3.5640633
19.9104719
9.6736897
8.7564131
1.8495396
3.3567081
10.5182766
8.5346139
134.4047191
18.8135330
17.3886264
20.4694850
3.4275207
14.5504214
6.7843183
22.5199264
19.6814603
1.6208089
9.4912157
6.0610459
5.1215778
3.4723374
6.0674724
0.8585096
6.4504432
3.1482458
6.9288895
5.1422296
5.0455344
5.3307555
9.8145928
4.7313248
10.2185965
0.5305127
9.7644682
7.5029002
31.3543765
13.4869993
33.2806480
9.4508837
17.4017157
8.1552097
3.8838392
38.5492151
3.2298017
7.6350635
10.3960574
4.7125226
6.1243707
3.8149939
5.7695173
36.7969533
36.7656960
147.9514124
2.5027187
17.1365458
5.1970853
65.6233862
2.1638188
75.0861469
129.6919177
9.3687199
15.7879445
13.6186876
4.7782922
12.4160207
3.8392358
3.7640682
4.8015230
18.9662599
1.9391698
6.2539904
10.4149187
2.0029453
18.3342599
20.4594905
18.8927479
20.4566341
4.7987273
15.5304610
20.8444738
8.4190753
8.1646257
39.5339020
5.7834487
18.0733522
2.0900956
35.7240360
4.1442766
6.9803805
16.6963901
24.5936179
114.4565040
5.3542918
153.5766480
8.1712124
154.7770336
179.6521350
78.7203414
13.6122415
91.5890896
85.7793734
77.3960789
112.7063448
10.2486982
7.1344281
17.5183084
48.7467127
15.5195981
24.4541822
71.0739766
39.1374889
27.3699143
89.0372231
43.5110731
156.6462759
50.3476157
145.5778646
71.9376681
4.3998445
0.8183192
2.4911663
26.2846966
1.7009008
2.0541223
3.0764218
1.2751633
1.9876950
3.4554593
3.4514849
1.6210953
1.2249266
3.0823138
4.7674109
5.3103359
2.2898940
1.9055639
2.0928261
2.3983267
5.3308702
1.6277863
11.5665206
19.1136577
3.0461712
4.3964291
17.4305580
31.5126396
6.6548278
5.1426265
0.7508947
4.5544028
23.2760186
3.4943451
10.9598638
3.9074136
11.3386154
7.8055905
2.6769238
5.1647690
1.5596886
7.9901031
8.1674555
5.7738115
108.0510092
135.6383542
2.5115699
7.6061885
8.5542297
3.0699673
0.9165305
17.4281337
4.6911219
1.3341939
1.7442123
1.2986372
8.9541604
1.7990054
1.6192046
10.8527022
3.7444728
2.5884408
169.6174487
9.0606669
2.6246705
61.6191629
79.6514195
1.6463285
1.6311480
7.1955965
2.0034150
5.9938501
1.4323754
37.4513499
11.8386987
8.9570404
2.0466557
10.7289822
1.9783629
1.9216506
3.8306475
0.5343464
2.1724070
1.2443446
6.3783708
2.5772057
15.6120797
2.9529668
22.6186606
4.4454911
3.2004992
10.4269068
11.0375222
4.3938196
1.2579595
4.4819709
6.3411075
24.7818743
3.0834825
4.5750120
4.5497768
4.3813528
178.7090845
63.0495691
80.8972668
101.6538119
98.1235827
178.6229543
27.8217076
104.0580346
7.0041299
73.4791255
90.2436539
64.8951628
49.7833998
86.0125583
97.6610877
85.5853098
69.7966292
61.2839259
55.7232421
101.1927749
91.0209311
38.0308014
57.8312027
46.8374146
5.4743428
17.2018351
11.1054578
5.8532375
62.4041783
73.0636411
32.9774439
32.3320061
50.3371494
27.9830536
11.6701420
7.0431581
41.9686665
42.2908281
34.5538759
45.4301983
5.7607286
40.3305485
5.5086410
8.3627331
10.5043213
16.3447167
8.9893209
33.3515421
14.9480480
20.8029667
15.8834562
179.8808747
1.4387226
143.9847493
58.3326419
28.1215751
26.0458309
9.6485788
19.2473631
10.5090916
4.1140029
5.5453200
8.9561278
8.3454701
10.0929967
6.4750686
5.3920385
6.7789690
6.0040853
2.6973972
3.0516461
2.4833673
2.6449702
5.1790631
2.7516191
2.9168985
2.3740779
2.5119331
5.0608460
4.8420337
5.2541290
2.9130172
1.0963546
2.6968845
5.0519846
2.6725197
5.5645075
2.5717354
2.6186613
2.7744050
2.7745511
2.6611198
3.7915166
3.2713374
5.0025015
2.6029769
2.5521115
4.6183019
2.3746411
2.7384136
5.6952657
2.5632880
2.6066736
3.9485185
4.9694621
2.6768760
2.9516068
5.0963908
2.5099036
3.7547848
3.9371957
5.2860617
5.0951810
1.9679449
3.1449936
2.4249322
5.7195094
2.8470696
3.5467430
2.5906924
5.2824376
2.3038470
2.4409858
2.5706931
2.6775225
3.5365107
5.1544616
5.3879780
4.8750489
4.0391563
5.1254991
2.6784321
3.2768881
2.7816203
3.4858053
3.4252280
5.6820066
2.9298289
2.1568309
5.4956260
4.4650582
5.2808251
5.0894909
2.5090579
2.9098650
2.9366383
4.5608243
