352.3191957
541.5780724
720.1649062
314.2766645
293.3250384
670.3758283
177.9660212
229.5771941
278.1751652
512.0678379
559.0673197
423.9763864
437.2210958
54.1703751
503.6762193
108.4716964
5.6725869
401.9331985
536.7166496
561.0663280
204.7159656
553.0431972
25.2874806
68.4915339
7.7820756
2.2943880
578.3974969
553.8543029
3.1611295
338.2382136
112.1807534
579.6008374
23.6562520
7.0608366
102.7464173
34.4575872
3.7136415
4.8305769
22.6655263
111.7161024
141.4291529
26.7655014
10.0725997
17.7847965
5.7220088
3.6251744
6.0398915
16.7089156
8.5794223
17.8748704
1.8847072
8.3380008
11.9856162
7.3399127
5.2319635
3.4631662
1.5008184
5.5983917
7.8681927
10.4132829
4.2264015
8.9183208
11.1162783
6.4907108
16.6896798
6.7127878
5.7107159
9.1746791
3.6729159
2.7303060
4.7079691
124.1785001
8.3031247
8.6903822
5.9102702
7.3743525
5.4266979
18.5539989
2.1356964
9.4802122
7.3888543
6.0656515
2.1912445
10.8277199
3.4838385
3.9992993
6.2717215
5.8134428
3.3306937
18.6875216
7.0164326
3.6891328
3.9642026
6.6452694
2.3525122
3.8745603
4.9513682
15.0532187
9.1480222
249.8628180
9.4867501
12.6715211
9.8459664
5.4642161
6.4867198
5.0360460
52.9133976
44.5061916
182.2736104
277.2073544
238.9375225
2.2513379
5.4903595
4.9663762
4.1108086
3.1263227
5.5959188
1.7747633
2.6959081
4.7577612
7.5196777
1.5351498
8.2684755
60.4531944
14.4114679
16.3203704
32.6715682
7.1957287
6.2339070
1.5010387
6.6355197
5.9022973
7.6145986
2.4257510
6.0046697
4.1592921
4.4912463
2.2485043
5.8614493
2.4575667
1.5169497
11.4896751
16.4246709
12.5435923
9.6265030
2.0132604
7.7067986
9.0117405
4.1832584
18.8095149
19.8376079
2.7862588
1.2891838
2.8650927
13.5939046
13.8952223
19.5515317
22.3524060
5.4159154
6.9863032
31.6167502
4.6172979
4.3779550
9.6874723
2.3243055
7.0599092
8.0456550
3.3793177
1.5663716
3.0414063
2.3664410
6.3849490
25.2689005
5.5128846
5.3004490
29.9466725
9.5480753
3.8078455
3.2959626
3.0488162
4.3257844
258.8190807
5.5826686
71.8162777
35.3178304
3.4496762
4.3670446
4.1164295
7.5326022
2.7582287
6.8485762
10.3131654
7.4443486
8.5129040
8.7507591
7.3842026
2.0446235
2.9514576
7.3882149
4.0152880
10.4958591
19.0412797
11.5788399
6.5076032
7.8735903
15.2014759
49.5919729
4.4242455
5.1815421
252.6243403
3.9531020
1.6171927
4.0651936
7.6870300
5.4893699
8.5735840
8.5161287
2.0299185
11.6992368
3.8039810
3.2072782
4.2786978
3.7778997
2.9896912
17.3641204
6.7477550
4.2438458
8.6001779
9.5276909
4.8030700
7.1142494
8.6452231
4.3432878
3.6567484
4.5564264
6.4751167
4.4722152
3.1245183
5.8533350
4.2856691
6.1632992
4.5340858
4.9157131
3.8300864
3.5103168
3.7677786
3.9076712
10.1324950
4.1212569
5.9170818
6.1320474
3.6697587
3.2949848
8.5714668
7.1859210
4.1575954
5.1513346
3.8179431
3.5924263
4.7989636
5.5011953
5.7989146
9.1376742
6.1246463
4.6653216
4.8092305
3.0049215
4.0001273
4.2886866
4.3103060
5.4167915
3.6839228
7.0050034
5.0800134
6.2587217
4.3978550
10.0802776
3.6861519
4.1130206
3.8604326
5.6583300
5.2365221
5.1047802
2.5475561
2.7334235
4.3127172
6.0808475
4.4456198
4.7078775
4.9665972
2.9680913
5.2325227
6.4484572
2.3273248
3.6783141
3.7650389
2.3811899
2.8155904
3.0690520
3.5819909
1.4062641
4.6444893
2.5665868
504.2460722
287.7120011
5.1717136
5.0625529
7.4976513
9.4055194
10.1273337
4.9418618
3.9412436
2.6924230
7.9710624
5.0173893
4.8216697
7.7071606
7.2302036
9.1197778
10.3803194
9.3493690
249.1510734
14.7764183
10.1000060
23.0239285
87.5301365
11.8353387
20.9051984
16.5056218
16.4924590
16.7466689
1.9102778
59.7839846
14.9100235
14.4610753
9.7098464
19.6112210
11.4129130
11.7814090
15.3326958
21.5921447
17.5398422
14.3147019
13.5863291
15.6516483
12.4266766
22.7813860
17.6315700
16.0128281
58.4497841
30.0897813
20.7400200
20.3865427
20.6871684
31.3817481
164.9511720
32.5415807
30.1816321
19.8467885
10.1689895
19.6738856
11.7327143
5.5755809
66.0637693
8.8912704
9.1529099
31.6873623
164.9031866
14.8201984
81.3279663
18.0650246
9.3584336
4.3641925
13.1596566
117.6691274
35.7867494
9.9034728
14.1727913
22.1295376
14.4365835
17.1845805
1.9661218
19.3161705
9.2342464
6.7084414
10.1928387
5.4669483
8.3319470
7.5403012
28.1464407
4.3743210
10.1246250
3.4953694
7.2729920
14.6284081
9.6389027
6.8423299
3.8230155
2.9043057
17.0432544
8.5849127
8.6813884
128.1734882
6.6526804
12.0482644
24.7640650
7.1499840
9.7734169
5.8397977
7.0466977
24.9697924
25.3482067
9.3069619
21.6427465
122.0159665
11.8373160
3.2014678
18.1387375
41.3639591
209.8797801
5.0461869
22.2072152
15.9124345
17.0495484
4.4380851
4.1807041
11.6502608
3.4522403
111.1684304
18.2012022
19.5700050
106.1538763
11.6840446
9.6855521
26.5656029
116.8776749
103.3157671
10.3114365
2.1010811
12.8275822
7.3381567
5.4811046
4.0777699
1.3595911
2.3487366
2.8556750
9.6330830
12.6654389
3.8527048
7.5213322
6.3629749
100.4386137
15.5288824
9.2005386
11.0015291
33.2971139
11.1629217
12.7231162
79.4167521
239.5664811
150.4722328
13.6872543
212.6093455
11.7303838
20.8485600
19.6979475
3.6746436
7.2197190
22.9978038
195.8259031
10.4944721
69.2620171
105.8912356
4.0815008
3.9156764
83.9690121
10.9935677
8.1477186
12.4763656
6.6710527
12.7902208
19.2480928
17.5272093
24.2866776
19.5364222
6.4885642
11.5384631
2.9939882
220.9940479
15.1739825
6.8233656
3.5548588
1.3379303
9.8501720
5.4940208
4.0888555
9.9231127
7.5097116
10.2826666
10.1980829
3.6385565
3.1528451
1.0895173
1.6854090
6.1265278
5.7247547
9.5047286
3.8809583
4.6607859
2.3949114
5.6897674
3.8165001
2.6358298
12.3643678
33.4159976
4.3604835
2.5049645
9.2692180
22.8482201
15.2198654
29.2655080
338.3635073
1.1159480
8.5598793
116.8973095
476.8075196
3.6673746
2.7758741
3.8844033
8.8675244
0.9296852
10.2132114
7.9421256
356.8392821
3.2769236
13.4423894
233.7338944
8.1289241
186.7909898
10.7898449
186.2098337
5.3820540
8.0719944
39.9477644
30.8490827
338.1575675
239.5416741
25.0714571
274.2371512
435.1187185
265.5709200
284.7695837
323.5412727
252.2411367
17.9458691
246.3680450
254.8152945
119.2229743
70.7675798
5.6349600
121.7830170
214.9927543
421.6680797
308.5971996
124.5897315
274.7951950
9.1214175
302.8057604
335.0903152
7.2126282
211.1491951
3.1751648
176.5127563
9.1548128
167.2674984
7.0778886
378.0433631
7.2334907
228.1833368
9.7783193
334.5358121
4.8404271
241.5186136
313.0552966
4.4165210
252.8492980
229.3302900
251.6412800
107.4006478
110.0189789
25.2828024
278.8892239
66.3227483
67.9308841
2.3017746
35.8302639
240.3133649
48.6202186
252.3261661
20.3941513
212.7795198
142.4299382
216.0220371
20.6845755
17.4293755
32.4241266
31.8459947
13.5407847
407.6668389
21.9346462
20.5969957
311.9745893
119.2339821
3.5323587
94.9558926
276.9845615
251.7294807
262.1308224
239.5858054
301.4767514
21.7121297
93.8231470
25.1682708
4.8010413
28.7509879
453.6719840
162.4275968
15.5227307
82.4335483
55.8071711
16.2739936
12.8364970
258.8614658
427.1516714
158.6894462
20.7641082
38.8494629
292.1429566
39.2010981
22.0715554
270.6062301
236.1917455
192.1753824
87.2549547
41.9299192
14.1796998
127.2629167
168.1860465
48.7094439
14.2476903
392.3663544
271.3917480
23.8421560
190.7425717
17.3520640
24.5951382
289.9171050
214.4712125
80.0195278
14.9381846
390.8378485
293.7009718
16.3406364
44.7972082
83.5922814
207.5008360
40.5891341
11.7130383
420.2883632
16.2910587
15.1190693
199.9385654
47.3457063
227.3697300
14.7600083
4.2395617
13.6359246
10.3235017
6.9254504
7.9315413
1.6742900
7.9440402
41.6313772
9.8816809
13.3252245
25.6291994
23.7299240
1.0963195
72.8292792
6.9501272
4.5296871
0.4853679
11.3600049
3.9195930
4.5326429
4.2182088
12.4883907
2.6560935
7.5688629
12.7153059
15.5614643
6.5350302
8.7232691
19.7855496
3.9138652
38.8906167
385.9546717
7.1096115
4.6055477
2.0682642
18.4109521
2.1717861
1.2770472
3.9192440
131.3073450
10.4049840
4.2228074
185.6412196
10.4736872
2.2632251
30.6898820
31.5174892
22.5002742
346.2925544
414.3034021
18.6466583
13.6615405
5.4514182
139.5792500
2.3384666
5.0363324
3.7725620
9.5077033
8.5447279
8.1648972
11.9699154
10.5092734
91.5214276
7.2002066
138.9855933
39.6462047
14.2426395
19.2508800
11.9656613
14.0182009
18.0910605
7.6301561
14.7337155
6.2020260
7.4580179
11.2842391
0.6507398
3.9070935
8.9024913
10.7690294
10.2268614
6.9766405
18.5656513
6.0357985
12.9424019
21.4066400
11.3380172
19.7073593
5.6388019
5.1463855
21.2072758
4.9791618
7.0957850
3.9371954
6.0397109
9.9529342
8.2802554
10.7559167
6.9008886
17.3324091
7.5477689
2.4580480
8.7525636
9.3220352
6.6233789
4.0189923
3.2732862
4.7028744
3.5984293
9.0193496
8.4190430
4.1901035
0.8435626
16.3005598
3.8187155
9.4096734
5.8967024
6.6049621
4.2306343
6.5494118
4.2827545
6.8081376
6.5365429
10.3766214
13.7167687
3.6684977
4.3179255
3.6365355
6.4194006
3.4747548
8.1409067
4.6964813
6.5157989
10.4151669
2.1648396
10.9235017
5.9493552
11.0085471
8.6589126
4.8488966
8.4720599
10.8264464
12.8783202
9.6002665
6.0615517
7.8417539
6.9956132
8.2796732
4.6241903
8.3018623
4.4236744
4.3928906
4.5432932
7.0977973
8.5401379
7.3208457
4.7646254
7.7239888
4.5637755
5.9612179
4.8734736
9.4030979
4.8880087
2.9719577
8.1507041
5.9378528
7.3765896
3.8455499
4.7034405
3.3648033
4.9661441
2.8516376
4.0438818
3.9154187
6.4846428
3.8290956
4.6209850
3.4721503
1.4309777
4.0936426
4.2080636
2.2047748
4.7631461
1.4247340
1.9761318
2.9723442
4.0121330
2.2038848
0.9137942
2.8827635
3.7693422
4.6407052
2.0075288
2.4640918
3.4278976
2.5729290
1.9124011
3.6547902
5.7771841
2.2855810
5.0083939
1.4373051
3.8059933
2.9803866
1.3560691
2.9009795
4.7645266
3.5184516
3.6044908
3.5375507
5.8293470
5.7333840
1.6266635
3.6100573
1.8029457
4.1645474
3.9698949
4.9990171
4.1139150
3.8457958
6.0405992
5.0027285
4.5685675
4.3172894
5.5806740
3.3467916
5.1248743
3.6351731
4.8236496
5.8654621
1.9954070
3.8301657
12.1649778
4.6497007
6.4622464
1.9523190
2.7041281
5.7631908
0.7812255
4.4136115
3.0762731
3.8543199
5.2137559
7.7222113
3.4979386
2.2804724
3.8505156
1.7777332
4.2573168
7.6277577
5.0587491
4.1784520
1.9027289
3.2447793
6.4566732
1.7933925
6.1468107
3.2665506
5.1159928
3.1302657
3.1310159
5.1339328
2.4864941
1.9858462
1.4719298
1.6251070
1.8537485
3.7075790
1.4369660
1.1529748
2.8479814
2.3905803
6.0234034
2.1028756
0.3819829
1.5613594
2.5535486
2.4374612
1.1635711
2.0829109
1.4795618
8.0729878
7.3442153
14.6553979
5.0244145
4.0074266
6.2620464
4.4941452
1.8317111
2.8019521
1.9529988
0.6146043
1.3926870
4.1115671
1.0925459
1.4138669
3.6124024
1.8488106
4.7188564
0.6654770
3.3749400
0.9501256
4.7755276
2.2988015
1.5422765
1.5820200
7.7114930
7.7565734
2.2231666
12.1479127
4.4919206
2.8277480
5.0754595
10.2273391
7.5513885
1.8309544
10.8776555
5.2855950
7.0126466
3.6224835
4.3527179
3.9914620
5.8682713
2.2017436
2.2848495
4.1492429
6.2421864
5.4530122
4.1648582
3.9697422
4.7286826
9.0246351
8.6444151
3.6881863
4.6172241
1.1356240
4.3623634
3.5815389
4.2798358
2.3411743
0.8207528
2.9175241
8.0862659
3.6652603
4.1347659
5.1124616
6.9270468
3.9028038
6.9545082
2.4705983
5.5729789
0.9889262
1.0264921
0.9647313
1.5861530
3.1867287
9.5799337
4.3457074
3.0258099
5.5010155
3.5757486
2.8911852
5.1840064
1.7042209
10.7810476
0.9057839
2.8289998
1.3658141
3.0898330
20.2546702
2.1159282
8.1856885
6.8627042
6.2460385
5.0281279
3.6996858
5.4921639
7.1857338
15.8188216
6.1802180
3.0017047
6.1381983
4.3251563
4.1280101
6.9077857
9.5784063
11.5609304
14.8434482
0.8240058
13.4467343
10.1665229
4.6923770
1.3516289
6.6579010
3.1710244
3.8997282
9.9737757
4.8608846
2.0832839
2.5484151
7.9485581
6.7310027
13.5007120
5.3511847
8.8929513
9.8274580
5.0746835
0.5439988
1.5155355
2.7432276
3.3072955
8.7333165
2.6318975
0.5387792
14.4102445
10.4595271
17.0351261
1.9380756
1.6132068
1.9455481
2.0484264
1.4245626
2.9591742
1.9569477
476.7936504
0.9401439
12.5031942
494.6723563
1.3819570
2.9464663
0.6245301
0.5184553
7.8788555
3.8599763
4.2166338
3.0927229
4.2655073
2.9712325
2.1752083
2.4200554
8.7869851
7.5939616
5.0974919
4.3601196
6.2100133
3.4336421
3.6927097
12.0943081
14.5081326
4.5310560
6.2489342
9.2153906
3.5546848
7.6520392
7.4496787
10.7003728
11.1470874
1.3114589
4.0586028
5.3334805
4.8069452
7.5901120
2.4008796
6.7810629
3.9924408
6.7314463
6.0902421
6.6279639
2.2010816
4.4766370
6.2251286
2.8619996
6.3220448
5.4746909
11.8862690
10.9148753
11.2848215
8.9603432
9.2732581
2.3871561
3.2491273
203.9110020
5.4875642
16.7780623
12.6962058
11.9840286
15.6013798
2.5699187
203.1123271
209.1703344
3.3158150
200.1159776
19.9105767
3.1925867
428.7205985
11.1727180
206.7839579
3.0773962
15.1738159
12.5138693
12.9937136
9.4273883
6.9888530
1.5571120
128.7664782
2.7412555
19.3705994
5.1355926
8.8630836
10.0766900
9.7460044
12.8752920
7.4271441
6.0046920
8.8940725
6.3089075
9.1734513
3.7607933
1.4629626
11.2499452
7.5684680
10.3003119
3.9229846
5.0610105
15.5425475
16.4105207
45.2727413
8.0972472
9.3594546
2.1893353
10.3324672
3.4756914
7.8485175
6.3912747
2.8303937
3.5904275
4.7347956
1.7199233
7.0769811
2.6431641
4.2395008
11.7661136
3.9799115
9.8900986
9.9517837
5.4150265
2.8959825
3.8240553
8.1317791
3.4053726
3.2518247
9.8418189
5.9603831
8.1992909
3.3330654
10.5869943
12.3769137
10.0521464
3.0189669
17.1784270
10.0064537
8.6977789
0.5062093
1.5618263
4.7496769
4.6280111
3.1175997
3.4848952
2.8746698
2.7606107
2.0385173
2.1312542
4.0954274
3.8143576
4.3959153
9.6911188
8.4789184
5.2239356
0.5662182
1.3458146
8.9970321
9.6957985
4.6192485
2.4046938
7.8641828
2.8771912
2.5044973
6.9492400
5.4980325
5.8790079
1.2292853
2.9250876
5.5590739
2.2815503
2.9679480
3.7930250
5.6512086
2.6363319
2.9944667
4.6380479
4.2236383
4.0519872
1.3286494
2.5007102
10.7180785
6.5630564
7.2319628
8.9420177
7.4600239
4.4147642
6.2086902
7.7625602
7.7294489
6.6721351
6.1733811
8.2980754
8.2967379
7.0946375
4.0504338
5.0233563
7.6950478
8.1824057
6.2944704
6.7195782
5.4985411
13.6008191
3.8065916
4.5620378
3.8929445
6.8174861
3.8574708
4.1017838
5.1977116
3.5664780
5.3118934
7.1765796
7.5299604
3.8499795
8.0250228
6.3371858
9.1976769
10.3859094
10.3165939
8.5846534
4.9804901
9.0083363
5.8742044
8.7202313
6.0070079
6.5321028
5.4986446
7.9306946
8.7366079
13.7826088
7.6901434
5.9633771
6.9659090
5.4633772
6.5940528
4.8816652
6.3249624
5.3255744
5.5228343
5.0273685
4.0602486
6.1369244
5.7132695
5.2907368
5.8625049
9.0478593
7.0801515
4.2950360
5.7318389
4.6998130
6.9380535
3.5357321
7.2559317
8.3506719
6.0650792
10.0571408
8.5204591
9.9976429
2.7668082
5.1163340
6.0393540
3.2480031
9.2015669
6.1917505
5.2582271
4.6193446
6.3510071
4.3674639
6.1096288
7.3027826
6.1128286
4.6516960
5.2802502
4.4134463
5.7826511
5.9168445
6.5864142
7.3470479
4.5804517
8.8726491
4.8543315
5.2847941
6.0599207
7.1412383
7.1813815
6.2030282
5.9310205
6.0350544
8.7238786
6.3250695
4.6063256
6.4387745
5.5823508
5.0937812
4.4030027
6.4769776
4.4543093
2.1666687
7.1116260
5.1401898
5.8920799
4.7724217
6.4716945
7.7668143
6.1760480
3.4234282
6.1552400
6.4386550
6.1478574
5.2990932
4.2205788
4.8337381
4.3358354
3.7655342
2.4872167
2.9455584
3.2403578
4.0403509
3.3673400
4.6780889
4.6980163
4.1785564
3.2109855
5.2806404
3.3770661
4.1463359
3.6523455
4.5966913
4.3451958
4.5363054
5.6576066
6.1873260
2.8366630
7.5461566
5.5589612
4.3116392
5.1156300
4.6018156
7.5672186
5.4757677
3.6804064
2.3069805
2.8681116
3.1105699
6.5348824
5.7621716
6.6160305
5.3702671
9.5783944
4.5486720
4.6377484
6.6453914
5.0925634
6.8078321
5.5167793
3.9261042
8.2604996
7.5750157
5.7481938
5.9039375
3.7467429
4.0014035
2.6273049
5.6786151
2.7103208
4.7521312
3.2301850
6.6925045
3.4724636
5.2071471
3.4854105
4.9166037
3.9504098
3.2149104
1.7326041
3.9778410
4.8438770
2.7264256
3.0902012
2.5314348
2.3121775
3.3165727
2.9524216
1.8367129
1.5266311
0.3789493
1.6387039
1.6228608
6.2206291
1.9608294
4.3295602
2.8441768
4.8526527
7.2551343
5.1894994
6.9848387
3.0495671
2.7314239
2.5800100
2.7632063
1.2620413
7.9842640
10.0451563
3.9058922
0.6691429
4.7261389
3.4803085
3.0027323
2.9211158
4.0111157
7.2309996
17.4274590
7.3912181
4.0530071
1.1305575
2.1405645
8.9413924
5.8994994
3.9234247
3.7764621
4.2493618
2.1077674
4.8326511
9.2885028
4.3509846
8.5543837
1.9638535
10.9681696
0.7069227
1.6345872
5.3041568
1.6767095
3.9064867
5.3912617
5.0511932
4.6776911
1.1825174
2.1229715
2.5023464
5.5923160
2.1847262
4.6534811
2.7341507
6.6729633
5.3019373
2.3567417
2.7797498
4.6210869
3.3628640
3.6630396
2.9087939
3.1118915
3.7788951
19.6297700
8.0964904
22.2378999
33.5448999
5.1285237
9.5658934
10.4946222
6.9655976
9.1006883
31.9303237
34.4807898
5.1898707
7.8435138
15.7191845
2.9216743
2.6645226
5.3952121
4.4023134
3.4517499
5.1389170
26.6342910
4.7060442
13.5766835
12.9913865
3.6588963
2.3024016
7.6664954
5.7572166
19.8966347
27.1179859
6.5690397
3.2387401
7.8205326
3.7972867
4.1878917
8.7187844
5.9238155
5.7438361
6.5808575
4.4145559
4.0575550
4.1499363
3.1944425
6.1351017
6.3737472
9.0568488
4.9199425
16.0841246
6.9658033
39.8045761
17.1218215
13.1749029
19.0251874
103.3337835
7.3975412
14.1941344
141.7623424
3.9046642
5.6254369
5.7317373
7.7979326
6.9056055
6.4253450
8.3947294
2.9571760
7.2857446
6.1687292
3.3626789
1.4107625
8.7860219
14.8108462
2.7068275
7.1936799
1.5536941
7.3126939
7.7468682
5.6673078
7.1170545
2.9808523
5.6314926
4.6057636
5.2502990
6.6299955
4.8540784
2.7965703
2.4435985
3.2046300
6.6554462
4.0929708
1.8427239
2.1995504
12.3427355
4.3321303
26.3551244
7.6672759
9.1007465
7.2028565
8.1910723
16.9398269
8.0430272
2.5398644
6.9936427
5.0339470
7.7612762
9.3870148
9.4406052
8.7790562
706.9645281
9.1543737
12.4102888
6.7998296
4.8901217
8.1677057
7.2929109
669.2725580
9.2547075
4.8026657
14.8432695
719.0841721
9.9103451
3.7480720
4.2442504
737.9193965
47.8902244
747.7682460
3.1205725
2.4661076
4.3202131
723.0896912
10.6078208
7.6186590
3.8225725
13.3633093
729.8203895
184.6451506
187.7325026
207.8368412
194.0744903
177.9336828
196.1816732
185.5757869
181.3688078
189.2470632
203.9773400
136.7720025
193.1655357
186.9053875
185.2988201
183.5371891
180.7482477
175.2004452
191.8749616
189.0298391
154.1998029
198.1232100
285.4559597
187.8909450
191.6661450
144.1113583
259.1931906
176.9659453
195.5873597
169.5238819
174.6172570
182.8634010
157.5225189
184.8800662
195.9371614
143.0639842
190.5122342
182.2864455
170.4171996
173.8644697
179.5614287
185.5126368
186.5419045
182.0842822
184.5210589
257.1582077
175.9899616
192.2648556
189.0784126
182.8755868
197.2851614
203.0064101
193.3796021
201.0563979
196.6469341
192.3540072
189.0180500
257.9753771
186.2991505
238.0602893
185.0377747
192.0238155
113.2688885
183.7419298
188.9227889
191.8617932
247.4695957
186.2101861
176.7607738
178.2595589
178.3327256
184.6534833
179.3542612
178.4957568
184.2524094
189.1183582
188.6440824
6.6325055
5.1122436
2.4446596
4.2492212
5.3587521
7.6078893
13.3147941
4.8595043
11.0561279
8.6999590
1.8226469
1.5823061
4.8680417
3.4203291
3.5179529
5.1387999
6.4115783
8.3002853
8.3256810
3.0193789
4.9717243
2.7101419
6.8547050
3.0797534
7.9790749
4.5373982
4.3914615
4.9245901
5.6255746
7.1012853
3.8972064
5.2698015
7.1131923
4.5322371
5.8464271
5.2857959
4.7827032
4.3957587
4.6945103
5.1222271
4.3886669
5.0555469
4.6593034
5.5759554
4.3637883
4.1320745
4.5813452
3.4641422
5.8975493
4.6461602
5.1109269
5.3319655
4.7031029
4.3285955
4.6584680
4.4992793
4.5640720
5.0335542
4.3363592
4.5605129
3.6541788
7.0476653
4.9422469
6.0629082
5.0171653
9.4999377
5.1416861
5.2876611
4.9175772
3.5518075
3.4860465
4.3926053
3.9107658
4.3901233
6.0179247
5.8799435
5.6388346
5.5113981
4.7047691
4.9983908
5.6689420
3.7973935
3.3545433
5.0816168
3.2959621
4.5195384
4.6765230
3.3725225
4.9608077
4.5313550
4.7525973
6.7711786
4.2242502
5.0658625
3.2120012
5.4878022
7.8027526
13.0931296
5.3573255
6.5476719
5.6443647
5.1332072
5.0458464
4.0042204
3.1416322
5.5914866
4.4656109
3.7320209
4.3803748
4.2590308
3.1718124
3.3765853
5.4967769
2.0522458
3.3332898
2.7590619
5.7836767
1.7736832
3.4598801
2.8600670
2.1322685
3.6903272
4.1404474
3.8282726
5.2149833
3.0017373
5.9763936
3.9820776
4.8494382
4.3767822
3.8983545
2.8272132
2.0270435
3.2170282
2.9189666
5.0883036
3.9177803
4.5952822
4.8604060
3.8279411
5.1465556
4.1693124
5.2908942
4.0749680
4.4233747
2.9892357
4.0497773
3.0228076
4.3536869
4.5004964
4.5333358
4.4134127
4.7034979
3.6162726
3.5813716
4.5252096
4.8552544
3.7587337
3.5700137
3.9155768
3.4166709
4.8789918
3.7091613
4.6337630
5.4557467
5.4787804
5.1401214
3.0253616
5.2643535
4.6493422
4.8434510
5.0145733
5.8942018
4.1252137
5.5330920
7.2843161
5.5145112
4.5114714
3.4844531
3.6204641
2.8388627
5.2310706
8.0445067
3.3142480
4.7018591
8.8010041
6.5705796
6.0274636
5.0104151
3.9490276
5.6104555
5.2635688
5.0067720
4.0496474
4.2212215
4.6605989
3.6821318
5.9324606
1.8596236
4.8820525
4.4511721
4.6792821
3.3463844
6.9998042
10.1519047
7.4081921
6.1846204
8.8847274
4.1807783
6.7317367
6.1276711
5.0095878
5.0476886
3.3007458
9.8519131
5.2454290
6.2575796
12.5349482
8.0556774
4.1395126
5.3472377
6.4038962
8.9582229
5.1324281
5.4001522
5.2237799
7.8477658
6.1458485
20.0003880
4.5310298
5.3894560
5.4099866
11.1823682
5.0902351
4.9268688
5.2180838
3.9526209
3.2202392
3.0412000
4.7220535
6.5968489
5.1855266
7.4610697
14.4546366
4.2628420
5.8667150
6.2070616
5.0413091
5.2507512
5.0092799
5.2475976
15.8865715
5.4612939
4.8911566
7.7285523
7.5349505
3.8446807
4.3839959
0.5009225
7.4645091
3.9823796
3.4895558
4.7430585
8.6616338
5.8610653
3.1568311
3.8039143
2.1404853
3.1219067
2.8426090
2.9670177
2.9693123
1.0304407
3.9680388
1.8120246
4.0386073
3.0676722
6.5008761
8.4790590
10.5472600
4.9335935
12.4967971
5.1016308
8.5837683
5.7300095
4.6145057
4.2909303
4.6835000
5.6091032
5.0141705
4.3413604
4.8630701
6.3760764
0.7007734
4.7943663
3.9110727
5.5254449
5.0784992
5.5755413
5.1119078
10.0717482
5.3402997
3.4192683
3.7982697
5.0361009
6.1026150
5.1023586
6.1309336
5.3058059
4.7881506
9.4544562
1.8194131
3.5237401
4.0665755
11.1729746
3.9800855
3.1484355
4.5807002
4.1104050
1.5438539
4.1584981
5.1585984
3.0561244
11.7263683
5.7131396
5.0687086
4.8440193
4.6439681
5.0761827
5.9955593
5.9946405
6.2985777
5.4659522
6.0179846
4.1919215
4.5734716
5.7924061
1.9209451
4.0575577
3.6063094
4.0234132
4.1448895
3.2358016
1.9636110
2.7831215
3.9145658
2.3022788
2.3882609
3.0263404
3.3857840
2.9703192
2.8569420
2.6160172
2.1883999
3.9757961
3.9279331
2.9977990
10.1815100
5.7170275
7.9442270
6.1996401
6.0998381
5.6568387
3.3929204
5.6033887
6.4444315
11.7022070
8.3923908
8.1838924
5.7141084
11.8620761
5.2725711
8.3275985
7.1487856
3.2071484
10.2054340
3.1457596
7.7295356
17.6254602
2.9606487
3.7946797
6.1494712
8.4790554
2.5589724
10.5898308
6.9836278
4.7704132
3.8300299
3.6603838
4.5480347
4.9804919
12.9430791
7.6896670
2.9685994
11.4889326
13.0695486
38.7223122
12.4001614
13.1477772
34.2055926
10.0764564
39.8290670
10.4416534
13.6179759
8.4611093
10.5622649
9.4983422
11.6927108
13.1335588
39.3438263
41.7450321
37.0486750
37.4340385
12.3979272
4.1810299
37.1286955
5.9643856
35.1837883
3.1411699
9.2896406
46.0238264
39.7576005
43.5485754
41.8220543
39.2795271
39.9644995
8.0763428
39.0893973
5.1739378
11.8590255
7.3747218
9.9232814
8.4109171
9.0285812
9.8415664
7.0323953
11.3927688
10.4196888
11.2620719
6.0552779
5.5940728
6.1173036
8.6575467
8.4793825
10.1978833
8.3615777
11.3704738
11.7801009
14.6593629
11.8285737
14.0069119
14.0123528
15.0156114
10.8821168
14.9901745
6.8359942
10.0881873
12.7497347
5.9222625
10.8053013
10.4447505
8.9647214
2.4629212
9.5300984
14.2066346
15.0180574
20.3690652
17.1124271
4.0203336
4.8049704
9.6928427
8.9093211
10.9881491
8.2480089
10.6280959
16.6626671
11.5705683
11.6924525
6.9982118
9.6322706
5.1238726
7.7153973
5.1221742
4.6039225
4.7424523
4.4369152
6.6236787
7.3836027
12.9844332
13.1291304
4.2887155
2.0883532
6.9182494
3.2471924
4.3568083
4.0673015
5.2020699
4.1770142
4.2200091
4.2607984
8.3146377
14.1672946
6.1098202
11.1369709
14.5300301
7.0159488
3.9042812
6.0277470
4.8213363
4.5159918
5.6420148
4.8497912
6.5289367
5.2932902
10.1833355
6.0726037
4.8622788
6.0124387
9.3163406
4.1806154
4.1569020
4.5071711
3.4995735
4.1949117
5.2280643
3.8347493
11.8306383
7.0134314
4.8107462
7.2688332
7.0029915
10.6880213
8.6285096
3.3152359
8.1090530
6.0162167
3.9593338
5.8201195
4.9113426
4.7228939
2.4905927
5.7262435
5.5538130
5.6629717
5.8223875
5.2523635
5.6992923
5.7697347
6.6024595
9.6391529
5.1056568
4.3568796
6.5650406
6.0794268
13.7545400
6.6853728
7.3738296
4.0620728
24.0563822
5.5091801
5.6634476
6.1042265
6.6902220
6.4835639
6.7518661
8.9469905
4.8814273
12.9419102
8.8521101
3.4857686
4.9331710
4.2461015
4.8086085
6.9765878
3.8033801
9.7604679
3.1459283
6.0835326
3.9743265
2.3779178
4.0354517
4.1018148
3.4813443
7.8105036
33.6390104
3.5876460
8.1581036
38.6342494
7.3553904
7.5502513
2.0188930
3.1946808
7.9078186
3.8235100
7.4353387
6.2007648
3.6532637
4.9809452
6.4999438
7.5812947
5.8790680
8.3631448
5.4094210
5.1955651
6.5250968
5.2451360
9.2483654
9.2008202
11.2633574
5.2341231
9.6776272
3.8338790
3.9669979
10.9754298
9.6124386
15.6843103
17.2729017
5.7100787
6.4621509
6.8937706
3.6847852
4.0558213
8.3586294
4.4158154
4.6064118
6.8595719
4.4158645
4.8826802
3.7304572
6.3158104
5.5928209
2.0779728
8.1094588
8.5705172
3.6139111
1.4183326
3.9571181
3.3103659
4.5413951
5.3827064
9.3970041
7.1446730
12.5611749
10.9072062
11.4604401
4.0969891
5.7504534
4.1590510
14.9692195
44.8147523
10.8995903
5.9045065
6.4775715
11.1144087
4.6165556
13.5889350
5.3251509
662.9852690
4.5560088
676.8969089
681.0084568
10.8330914
3.9309443
8.1826773
5.9388565
2.0799165
11.4687509
38.0003915
8.3291851
40.2574622
668.6277887
667.2109418
676.1452258
672.9978655
670.0331029
689.7505962
679.9321208
658.5601434
24.7084603
12.6573297
23.8259618
13.9325867
14.8023805
7.4613341
8.5586781
3.2580558
6.2782103
17.1158630
3.8009037
4.4601422
43.7049634
6.7749152
4.9801046
7.8961151
3.2732294
4.0584132
4.2757763
7.3719538
13.4850532
12.5060061
4.6446395
29.4145807
2.5833170
3.6525343
1.9772543
3.2023642
3.7137365
1.9854976
1.2922101
17.8054228
3.2949355
4.2354045
4.8469564
7.0473625
3.4513854
5.0699163
15.5166600
2.1199996
7.4014633
13.1753607
10.2229833
4.1041266
6.9784630
1.4750871
7.4217393
2.1835400
677.1115063
2.4310282
3.1724463
9.3870833
9.2912437
8.7795563
2.2511692
48.4152138
11.6812435
67.3456894
7.8745849
54.1899338
4.4423066
5.2057935
8.9044144
10.2627926
6.9741289
64.9451927
2.3390115
10.9391522
61.1663779
11.6413099
632.2200168
2.9692290
12.4873408
74.0409256
59.7616223
53.9605416
3.0794433
5.9129774
5.0518731
14.0196451
3.1550735
36.5814130
41.7041116
323.8960559
1.8147754
46.1805963
5.8347217
1.9468976
2.3252913
2.9774937
3.6899404
4.8711223
540.8004232
68.8771164
12.3109946
49.4131233
487.6973498
315.6739419
28.5882957
1.8129494
22.3987647
205.0486820
28.9157246
4.2552192
15.5622932
315.8953911
432.6772369
611.6809246
311.5792469
228.2480143
149.3522449
11.2839951
14.9043306
78.1427199
22.1916079
170.9715188
48.2003716
290.0590886
344.9264961
27.7884721
9.3236426
13.2055574
14.9558173
18.8202658
13.7528151
6.9441498
15.8197563
112.2953988
155.7422713
10.9457108
10.2344703
316.8363870
173.6307312
152.3248187
9.4870270
20.0717993
81.9860611
11.0951989
13.8139928
8.2047733
28.8771945
15.4225167
5.9367591
4.3476525
3.2054365
9.3444728
3.1416539
8.5019843
11.2750164
8.9147885
6.0344535
5.9566247
12.7616566
9.6143755
14.1414622
8.3451259
8.9594451
12.4004265
24.5208370
6.3048153
19.3978276
9.3709366
29.7340902
3.7573662
7.1062646
1.2069008
5.0456771
4.0253831
3.7845949
4.5581259
12.4613788
7.5517826
9.8654951
3.4948052
7.2630731
7.1577794
7.4465429
7.4572785
8.3026711
7.8018497
14.3944132
8.2918598
6.5351050
9.1209559
8.1615623
6.7295755
6.2791832
7.7476679
5.7154151
5.6279993
5.8590549
6.6046290
7.4196640
5.9128238
7.2608888
3.6833821
5.1675883
9.7459481
10.1341297
3.7523942
10.7834937
6.8623006
10.1574442
5.8997530
3.4658013
7.0231501
7.2439757
4.9257183
5.4273914
6.4626189
5.3305110
4.6534392
6.9722743
6.4432134
6.1551798
7.7625172
7.3014056
5.8110567
6.7504548
4.9955764
5.6739490
5.0645218
5.6080806
4.7400995
6.4696883
6.6798387
8.3499820
8.0197409
4.7869248
3.9962941
6.0221159
4.6334457
5.9494830
5.2054538
5.0625738
7.1048960
5.1826534
4.1650264
3.7046325
2.6453794
10.1458287
6.0498510
2.9874233
6.5647107
4.9028417
7.7390416
4.5806242
2.8029112
4.7378324
6.2956721
6.7490925
5.9663307
4.6773428
8.0337055
4.1667025
8.5457164
7.7184659
3.2664532
3.6916350
6.6849725
6.1367295
7.8767716
4.9164546
4.8812168
5.8795907
4.0612925
3.2705487
3.4083958
1.4768354
2.5633242
3.3992906
7.0674859
5.0332843
1.0271000
3.8638170
4.1540640
3.4523400
2.4986153
5.7856063
3.1801884
3.2163585
2.9637030
3.6977802
5.8041528
3.2864442
2.8979334
5.4960871
4.9016606
5.0305171
6.2392510
4.1012369
1.1435374
2.5669738
3.4370096
1.2396585
3.0187035
4.3064446
2.1339068
5.4456392
0.7614804
3.0524653
1.6344029
6.3301669
1.5781250
2.2101418
6.3329456
3.6158308
3.5012510
3.7105307
2.6652228
4.5580520
3.2162090
6.3233726
0.7481556
3.4530814
3.6107847
0.5647019
3.5420976
2.4960817
4.6312321
2.9205223
3.9193561
1.4083016
5.2174926
4.7756122
8.1472273
4.5380990
1.9273891
3.5830922
4.5967202
6.2890226
3.4558716
3.3226899
3.5209259
2.9381007
3.4746325
4.2256204
6.3213232
2.3836096
2.2989294
2.8581511
3.0521792
1.9773880
3.0862494
2.1882270
1.4572121
4.9635672
2.0604454
1.7839453
3.1723623
1.6576373
2.8901993
4.9382435
2.4477737
1.9080866
3.0547671
5.8295562
2.9981221
4.4277069
4.5974462
4.3777607
3.2502753
4.5358605
4.0287692
4.3630887
4.4750361
5.2368874
5.2515837
4.5310905
6.4939369
4.4174797
4.9106799
5.9403971
0.8839583
1.0310604
4.5173788
3.3967965
0.7517793
3.8714556
4.4183289
6.5833108
7.5710886
3.5354918
5.7395867
5.9121392
5.8626102
6.9989894
9.7606740
2.7018181
3.2902597
5.5738594
4.5110373
4.1777793
7.6817625
5.1351905
6.0954409
5.8769121
2.6297491
5.7909062
0.9069387
6.3766334
2.0050049
3.8006655
8.7615484
222.5642810
212.6277308
176.0030184
2.5360853
226.4980852
0.9493275
3.7487062
1.6862385
2.8917019
4.5730141
5.8354721
3.0663389
7.0520844
4.7553404
1.6404238
3.7584245
2.5477309
7.1803299
3.3546612
2.1868070
6.8871537
5.5326108
4.9916908
9.1825832
4.0093344
3.1960765
2.2800362
5.6357994
1.8785466
8.1873517
4.2387789
9.8087043
6.1006782
1.3975524
3.4201091
4.8927518
0.7925632
2.5725355
3.5301108
341.9285766
9.6012969
21.7295029
49.3473368
19.6179713
106.5159053
108.7909570
551.9939093
48.5192303
6.5110737
19.4822863
36.5561833
49.5205894
7.8529517
357.2913216
367.5039556
371.1429818
405.3605193
36.0822218
560.9820351
545.2706310
357.6813966
525.2029096
467.3991131
396.6811996
513.0452758
338.8638321
455.0445301
370.7158966
127.0917698
15.6655301
39.3329566
493.4290193
330.4089737
340.9518387
468.1646247
122.1883393
355.8656379
347.0794927
406.1249651
392.0972267
333.7543272
340.6489443
336.2819678
346.6881583
370.0039672
336.2257318
342.3541246
331.8507871
334.9192017
338.5128983
334.9480586
345.2959281
348.8639564
357.9181971
398.7014013
496.2850979
325.9945655
460.8410196
339.9058549
349.8814514
463.9200309
319.7680862
90.4766358
62.9279108
452.4638429
449.1255828
396.2476945
498.6168159
396.8030968
9.3152848
343.8148461
68.9493179
361.7496092
344.0405944
369.4549393
334.9832580
336.9625224
341.5753358
371.9970640
440.7696982
417.1367138
416.5974881
456.8698454
8.9771674
169.4762553
446.3312518
54.0945683
93.7336371
15.3278441
20.1775866
13.9754491
8.1480613
4.5586474
11.9657719
474.5405767
2.6269324
416.4853318
2.2366936
10.6563783
35.9439898
6.9787127
80.0846274
28.9843690
6.9114227
19.5942267
2.3485145
3.5867907
2.5533905
10.7650438
14.5417410
2.6480256
14.7099294
55.2952741
2.7484700
2.9839187
3.3194042
3.5760661
6.3932796
2.8633393
5.8390006
3.6382370
3.4940487
4.1368717
4.6489013
4.0615194
4.7641719
2.5551595
6.5020958
2.1762178
10.6536434
2.8450968
10.0669989
1.0699667
2.2944235
2.2194173
5.6152164
4.5996370
1.1233590
5.5256214
8.9003403
4.0103364
13.8888554
9.6907750
7.2616488
1.6125420
8.3306219
7.8334212
2.5680060
3.6820883
13.4089154
15.1557190
16.5691789
1.1974360
2.8617883
5.0208863
5.9450651
19.7985655
9.6826981
1.8945550
7.6864410
2.1338889
9.0882181
4.2975805
7.6823262
8.4131643
1.1620860
7.6166686
0.9429731
1.4609661
2.6593345
1.6026906
2.4218510
2.3262599
2.5289351
6.8826929
4.2159118
3.2080183
3.9439677
3.2569258
3.0612621
3.0255837
3.1810491
1.2768418
4.4723991
1.2186922
1.5239953
3.4569182
5.0782717
8.1740000
3.3796986
5.4773772
2.0122048
2.2369311
1.1848739
7.7039903
1.0638650
3.1845211
1.1603333
1.7417915
4.2355068
1.1144182
2.7740499
4.4169726
2.7583124
3.9367674
2.3588535
4.1827785
0.6861690
8.5568266
4.8921243
8.6691242
4.7213181
6.4199129
2.6497623
2.0632724
1.0561110
3.0115722
2.3471725
2.5866871
1.4122519
1.3489709
1.9078114
2.4964447
2.2888364
1.4814760
2.1010036
2.2289055
1.2135669
2.1399262
0.5952884
1.7888930
1.6306129
0.8547213
1.2367230
1.2942945
2.2705495
1.1444197
1.4910668
1.2605738
2.3063743
1.8160809
1.9660733
0.9736645
0.2488896
1.0652181
0.8557012
1.0862156
0.4531606
1.5700594
2.0553910
2.3331672
1.6947089
0.8634124
1.6600700
1.1530291
1.7255074
2.3916099
0.9042697
1.4205135
1.1938375
0.5037528
1.9141615
2.9848193
1.3040724
2.1819382
2.0330920
0.9334469
2.0672866
2.5607711
0.6230056
0.7512061
1.9761371
1.4013288
1.3438283
2.3362988
1.0492735
2.3922404
3.1454683
0.8313443
2.0718946
2.3875442
0.7851166
0.8111886
0.9797785
1.4243143
0.9968816
0.7509158
0.4907498
2.3298453
0.5984253
0.5684367
1.6260209
1.4329927
1.2962704
1.7585617
1.8633585
1.5805538
2.3211645
1.9007339
1.5721909
1.3613836
2.6762530
4.4628263
1.9647946
1.9086270
3.7685300
3.3834850
3.0568251
1.4470983
2.6774017
0.4628642
1.5597185
1.6891979
0.6136386
1.4065165
1.9692983
0.4628223
1.3984881
1.0866620
2.2953596
1.9907281
1.4099631
2.4766365
1.8960599
1.3958397
1.2710993
0.9087264
1.2490855
2.5452637
3.3492755
0.9208120
1.6846240
1.7815552
3.3104725
2.7972496
3.0229881
1.8847822
1.9616913
2.1465794
2.0111116
1.3438716
2.0288126
0.3324826
0.5884931
3.3162609
2.6627255
1.4299874
3.1327758
2.1145855
2.8363490
3.0669835
2.4566800
3.7791921
1.5049952
2.7300622
1.1191233
1.3015364
1.4832724
1.1619858
1.4192354
2.0357720
1.8942732
3.7855238
0.8929662
2.5465527
2.7939399
3.5661149
3.3893173
3.4018370
2.9555455
2.6235752
2.5709892
1.6980206
2.0281486
2.3911979
3.0106093
4.7470867
2.2982594
3.2466729
3.2673873
1.3887361
5.2987661
1.0214727
3.8170886
2.5818772
9.8871305
2.6293281
1.8931952
4.1965154
4.1067840
6.1015611
1.3982539
0.7468680
3.2087018
2.5030862
3.9807322
1.6385590
2.0843479
1.2479268
1.6370985
2.4608833
2.6125939
2.1381725
3.2066031
2.8325753
2.6589962
1.6683620
4.2894162
1.6834861
4.2150541
5.3169654
2.8650433
3.3130325
1.5345797
9.3091801
2.2441881
2.6765923
2.5150089
3.8941309
4.4195621
4.8526754
2.5178811
2.1377423
2.3253565
3.0101283
1.1344333
1.3246847
1.6962148
2.5795999
1.6790434
1.8308186
4.2690145
2.6645516
1.6298313
0.8371172
3.4993444
4.0462241
0.5835781
4.2956774
13.5840909
1.5397905
19.5174836
20.0242919
4.5126876
2.9005025
2.5257156
2.0756818
4.5933398
1.9391082
3.1296267
2.7052016
7.2192605
5.6879506
1.6427719
3.2039114
2.9429789
3.4544899
2.0882630
2.5987983
3.4892634
4.3089386
2.0992304
3.5483197
8.4239837
8.3081059
1.9978878
13.8743000
6.4919695
3.2946158
7.5188964
23.1473284
18.2089556
5.2410267
8.1993377
7.2244077
7.6007749
5.7223890
2.9338395
2.7123162
4.5727166
5.3234792
4.7539855
2.2520998
22.2227638
6.5880939
39.4455012
11.9986631
20.1976331
12.1533574
3.3078208
8.5685540
2.3614426
3.5915844
3.0356839
2.9710017
6.9802200
4.1058845
3.4079201
4.1547502
18.0879059
8.4130097
6.8302845
6.1511517
3.1951317
2.9497295
7.0522708
6.7346142
5.5668500
2.8099482
5.7312183
4.9216662
9.3867429
2.6897882
2.5092390
1.7982551
0.8755825
0.5305548
2.7724860
2.7828778
2.0547619
2.3649618
2.3361731
4.2538464
2.7292241
4.4581369
2.9521646
2.7426609
2.8919362
2.1692165
2.3862247
2.0314384
4.2831687
3.1406293
3.8577253
1.4996967
3.4040784
2.7630031
4.4211340
1.6277398
3.5580599
3.3735477
2.1290003
1.4321611
3.5915947
2.0140584
3.1499758
3.3468616
3.4827827
3.1042072
5.7700870
2.8965214
7.0970474
1.7468164
1.1591114
6.1466189
9.7780741
7.2037584
8.4631000
3.9927601
3.7036262
4.2422832
3.6879070
3.8748678
3.3687033
3.7673240
4.8952784
2.0771561
1.5528787
3.8836139
1.5345311
2.9010371
4.2682028
1.5249522
3.8589317
2.8175730
1.6072444
2.6745018
1.4258696
2.8618182
1.2729209
1.9067491
1.6871426
2.4959289
5.2828194
4.2738665
2.2395446
2.8873003
4.0662417
1.4718734
1.0727348
1.8401036
1.5346399
3.8429870
1.9861786
1.8693523
4.4083093
3.5573364
4.1092476
4.0192650
8.4382720
2.7021148
3.7334763
2.9237315
2.3407938
2.7445406
4.3717955
3.1209335
2.4749906
1.8690803
3.6489509
1.4111257
1.5351747
4.0467461
3.9106050
4.1084336
3.1747159
3.6711690
3.6160801
2.2612307
4.4563436
3.4907902
2.1306570
1.3180285
1.4386712
3.5968828
1.1565556
2.0526045
3.5934400
2.7143002
1.7117145
2.7271172
1.8123896
1.4747438
2.8378220
2.0178634
4.5599183
1.0899200
0.8047783
1.4681050
2.4829042
2.7576439
2.7822543
2.7880487
3.3030867
6.6790678
3.8479072
3.5606802
3.3557352
1.6520104
2.2595042
1.8615334
2.5968157
0.2716007
2.2204866
3.0182970
2.5071609
2.5580955
1.3075900
2.8722427
2.3585856
1.5266167
3.3159355
3.0500347
4.1858147
2.9233313
5.0094485
2.7493503
1.1692967
3.3752441
1.5270909
3.3175487
5.0365565
3.1863264
4.4725606
3.6722333
2.6786018
3.2590683
3.3616626
1.3630514
2.9109271
4.3825235
4.0475822
4.9322632
1.2205529
4.2284427
3.0682511
2.6240446
2.1080230
3.5263992
3.9160152
1.9640871
3.5216024
3.5473330
4.2804524
4.4325805
3.8416867
2.5493415
5.5872031
3.1007411
1.7095046
2.9548880
1.0033019
2.9680283
2.4041689
1.0379623
1.3749793
1.2518113
6.0293919
3.2815198
2.1566777
1.5650665
2.8370221
2.5255995
1.2462734
1.1000998
1.3756966
4.7073861
1.0549475
1.0623856
5.4993295
2.9819806
1.9489474
3.9672913
4.1555991
1.8277998
2.4209044
4.2213430
1.2004123
1.2630438
2.8666379
2.9744701
4.9562071
3.2061860
3.5076627
3.1017509
2.8167404
6.3983792
2.0706808
2.7794490
5.4014227
3.9370264
2.7805240
2.4661988
3.6918831
4.2098788
3.9385457
1.4690543
2.1136429
3.3439319
2.9740986
3.6421473
4.8594523
5.1732158
4.0353040
3.4238920
4.8725813
3.0163973
1.8446585
5.4224391
1.7162519
2.7336454
4.6355470
2.7926879
2.5236776
1.8741544
5.0119181
4.0254258
4.8523519
2.6242420
3.4072290
3.7814071
3.4785266
3.4317973
2.6863440
5.2748575
4.0488240
3.7718353
2.7104709
3.6375933
3.5210071
5.0361700
4.0304100
4.3185430
4.0159123
2.4687173
6.1611017
3.5685168
4.5755931
2.9257909
3.8970823
4.6794431
4.6215421
3.3809541
4.7172694
4.0540029
5.9037384
8.8664235
4.9056887
7.4327219
6.0256313
6.5709039
6.2674829
4.6240290
2.6789005
4.7705227
3.9099773
5.8044212
5.8777581
6.7416904
3.9184425
4.9915143
4.7060030
3.8060565
4.2877492
4.4626413
4.1454802
6.2761051
7.7197349
3.2154567
3.6234073
2.8837296
2.7760073
5.1612170
4.4750636
3.5650264
4.3607399
4.4629673
3.9918354
5.4291456
6.5007831
11.9770298
4.7980654
10.4608974
5.9296622
5.9172024
5.5902434
3.5858227
4.5980471
3.3915652
4.0374159
4.8534969
3.7280820
6.2257199
3.7900571
4.2643818
5.1794708
3.7977306
4.7903963
9.0692877
4.9376156
5.4256589
5.2252895
4.9680454
4.5389482
5.1601201
5.3307612
3.6136594
2.3158271
5.4402152
4.3590252
4.7819746
7.1845980
7.3716185
6.1999165
6.8274563
6.4844464
4.1390965
2.8374645
3.5926791
5.0805521
4.0092022
4.9223550
7.2409818
3.3887679
2.6862586
3.5452325
3.1411142
2.9961421
5.8042445
7.1570201
3.8308238
5.9971011
3.8700384
4.2548377
5.0537687
6.5618196
3.7765287
3.8484392
5.9892007
6.1111007
6.4553669
5.9518526
3.9531064
8.1430559
7.6572074
9.2057179
4.8866200
3.6960605
6.2542426
2.7126446
6.9024504
6.6866888
4.7493853
4.9985459
2.1491008
5.6096845
2.9663708
3.6368891
1.1264156
5.6274092
6.5418895
2.1851626
1.2755123
2.1029203
2.0508797
1.7205354
3.9503782
3.2702361
1.8487147
1.4184366
6.8763359
3.4223152
3.5821693
4.6767420
3.8559862
1.1376983
3.3173805
1.7416560
3.5726146
5.8267241
5.1532604
3.3653960
7.1360801
5.5522836
6.7097003
5.4029306
6.3371473
5.2875400
4.0443908
4.7400685
7.2302460
3.5495255
2.2844567
7.2635059
4.0275936
2.0587364
2.3956346
2.0841978
2.7264202
2.8090751
2.0327643
3.2378129
4.6798625
3.9663387
3.1775383
1.8473469
2.2166751
3.3600732
1.5610554
2.7474128
3.2737877
5.3417840
4.0797078
4.0044090
4.4523558
4.9938932
5.1266396
6.2236669
3.4717035
3.9094961
2.6825226
3.6605294
5.9846019
6.4560841
5.0159220
7.6902900
5.6335998
2.3523273
8.6050887
6.0560616
7.2002843
7.2838400
6.1630125
4.7514094
8.8190277
5.9740995
2.9996835
8.0619337
3.1634368
6.4749510
3.0317406
12.0954868
3.1980474
7.2981454
13.8452986
2.1813650
5.3029037
3.8277424
3.7968364
6.2051692
5.4005717
7.6769872
4.4793686
4.2179360
10.5611808
15.0084015
1.7039194
2.6050225
18.1180904
5.0795590
4.6337953
7.0444255
10.3227868
12.0456560
4.9821358
4.9065010
4.3910531
2.2288764
1.5734929
2.2492422
2.1712527
10.7488116
5.6912496
7.8396111
12.8608656
139.2868340
4.6880953
12.6382954
7.4255421
4.6707017
8.4505236
3.4133761
8.1408294
26.3251061
3.8431966
4.1936459
32.9260062
8.3222273
2.0037610
141.1573723
12.1700243
4.3181143
7.6862218
2.0949674
4.2540696
27.1581297
7.7977053
11.9492246
7.9016319
7.4317646
4.8957889
7.0399480
7.6701158
11.1822588
8.4032385
22.0390957
24.1127286
8.0391452
17.4832123
3.8076631
4.3632992
25.2677284
7.0838983
2.3730249
8.0083294
3.5973478
14.5763197
2.9466902
3.5923551
2.4343365
22.7589619
9.0609183
7.1367079
7.9367788
5.7951963
11.2828547
2.7026526
26.9258219
18.6474076
15.6180712
10.5220967
38.4667123
21.8344335
5.2257926
4.7688772
14.4856710
8.9314746
43.1469871
17.7724358
5.1941298
4.4103924
45.7470496
2.8744908
7.8739373
11.1615511
2.6965584
2.5795237
8.4201007
6.7272626
7.5508048
8.2839827
7.8360862
4.6884671
8.4732624
11.3224158
8.9409813
19.5337966
8.4743115
3.2211240
7.2717798
16.2048117
48.3062233
5.3641575
16.3118306
9.4371092
22.6765672
3.8266739
14.9516976
2.8818398
5.3406927
11.1497434
10.4756978
12.2181776
9.8597655
58.5485090
46.6817635
61.7155686
56.3327277
53.9210710
23.0071654
9.8402973
11.0739793
19.3767291
11.5763566
61.1484205
16.1721631
7.0546040
7.5066315
4.8244240
14.7736653
61.3549654
10.6690483
20.4608959
16.0063309
1.5371258
8.2865755
5.7016422
7.4487464
9.1879147
8.5567244
7.2051170
13.3446466
3.0589728
294.0844283
8.5318270
5.1849455
3.2347899
3.7573039
78.6094560
78.0595248
2.3531604
11.1002911
22.6059264
9.4350422
17.2424092
8.6213181
17.8965398
7.2098061
8.9099377
13.1053119
6.5475334
6.2257519
16.6279074
247.8433406
2.7885539
14.2689201
14.3405307
8.8238337
9.0274293
9.3925909
22.3132713
6.8544142
16.9377571
12.5129096
41.5203396
24.9737520
5.9818490
9.3074549
4.5027860
4.4796082
4.9190400
3.4097857
5.5939793
13.4440168
6.6597239
7.5195257
16.2613340
11.7337091
20.3952160
5.0884536
12.3145423
6.4665057
12.1319339
3.5934628
16.6364838
21.0259025
14.5551823
19.3456017
26.5475381
1.9076673
7.7337588
13.5419697
18.6746575
56.6278952
5.5086502
2.2720465
3.0066920
5.3909431
3.1786764
13.5210309
7.1816631
4.5231701
16.6621336
11.8960953
10.1904157
8.8449907
3.7211735
5.7066444
13.2561693
7.8887326
2.8590379
5.1004641
2.1542781
8.9693413
7.1685731
3.3512636
3.0332095
2.7707018
3.9300560
2.1120454
3.2703919
3.2159792
2.8768690
8.4952567
3.7396818
3.1577069
2.1307432
5.7999868
2.7471457
3.0509167
1.5134517
4.0444134
5.4931791
5.5044013
4.0689929
5.0974969
4.4616232
5.5006340
4.0235421
10.1327835
4.4624231
3.7721513
4.6293743
5.2831931
4.8430572
4.2762104
6.0114291
7.2871515
4.8849913
5.4078410
6.0650233
5.1305382
6.2482544
3.2484186
3.6772595
4.1062079
4.9661611
3.7954472
5.8512051
5.6187665
6.5440778
3.5417572
6.0061757
8.6325820
2.9524998
9.3482633
8.8700781
6.9525252
8.9956197
7.0653535
7.0237561
8.7855871
7.3982889
9.4183767
9.7168733
4.7112130
5.9220201
5.3837884
7.1882949
8.6598078
16.2486016
6.3482253
9.4966619
6.0523858
7.2238234
1.7158099
2.8348326
3.6539773
2.3522161
4.3213930
5.3389904
6.5066257
3.9777071
4.6467100
5.8252453
8.3632030
4.8476965
6.7658022
6.0165247
8.0022925
3.9187271
6.2725824
10.8725453
6.6371694
10.7770112
13.3568757
15.5581136
11.4816978
16.8385685
6.3710609
11.1186309
16.8393971
11.0305717
24.7364834
17.6464031
17.6045298
10.2461535
14.5291615
19.0877750
10.9352014
8.9746028
9.0304213
11.4846996
9.2086466
8.8603237
8.9159374
9.3412182
10.0208757
13.3335819
8.0313308
8.3266308
12.2954330
7.1629901
11.6473299
11.4281323
12.7040704
10.1488797
19.9517529
11.9638752
15.2335347
12.3025598
13.8416943
9.2186869
10.7415396
13.8604807
35.9522093
11.6168033
14.0056234
34.8135879
15.9420344
7.7025008
16.0849841
8.4023735
71.3366921
8.6486545
7.6085670
8.0346079
8.7039533
42.4921564
9.4692547
43.3427200
28.5113088
8.2838026
12.5817785
40.8511117
5.3539219
8.6217892
5.6042439
6.2947535
9.9147818
10.6644494
9.3599583
3.5988175
7.6784899
7.3263844
4.6439452
6.7805061
7.4837706
7.9110720
5.7363248
10.5464737
6.2854971
4.9847895
5.4529082
5.7032964
6.1194752
5.3300850
5.8929041
5.9854307
7.4123462
6.6726835
4.6632211
7.2209387
7.5093687
10.2263698
11.7974861
9.8588454
8.2092954
5.9397162
3.9283156
3.9704035
3.6236662
3.9253416
7.3870456
3.5883580
4.0833209
3.5538608
2.3779070
2.6752242
6.0762025
23.0493626
10.9186285
3.0702664
7.6697171
4.7806256
2.9938156
39.0592260
63.6873944
9.4422152
56.4268208
16.6834242
24.9297479
37.3323410
32.6605703
35.0620884
17.5343575
25.0839562
28.5341396
20.2944918
6.9632927
20.9317295
7.2036102
5.0415591
5.2988035
9.1642096
7.1219630
17.7302787
7.0151274
15.9617195
11.8713447
14.1916090
11.8856369
4.4826439
4.7616477
5.2572636
6.6340438
8.9966341
11.8721093
7.3662915
9.8956792
7.8221475
9.3013776
12.4543661
8.8729963
7.3595297
9.1643263
8.9777276
17.1288748
12.9839590
11.8641322
14.3607194
14.4258554
10.6066918
10.5275662
9.1515811
8.8069772
9.3397759
6.7002005
7.7238162
16.6618666
8.8019929
12.8109903
19.1190137
3.5315427
7.6529845
7.9193712
11.9312193
6.7626076
25.3141929
23.3661062
26.8977892
13.3921648
18.0814482
8.7324577
12.7042699
3.2114576
14.1224599
17.2862751
5.9442255
9.4841996
19.5364460
17.4734374
2.4800713
7.1107131
8.6926264
10.0695771
81.7253175
98.8857300
214.6187986
15.1719390
243.5082279
735.5552713
711.6807226
165.0665029
72.9042336
50.4295200
99.5200227
19.6176495
25.9554093
25.6149730
32.2052760
31.8197521
3.4270395
8.4667375
8.7164512
22.1002687
20.6139369
7.5449288
5.5012492
1.8299651
4.3209017
7.0810180
6.8232912
3.5888016
12.3233113
11.7962056
7.4300367
8.6808664
9.0872395
8.9851823
11.1564950
13.2450974
3.5725949
8.9787243
6.8853017
13.4547250
8.7889614
12.7843233
9.1910739
6.8333580
1.9934973
4.2872729
6.7681674
8.6434162
7.5173768
5.0412577
2.7034253
6.9252162
3.9624577
4.4548976
9.0104994
5.7716344
3.2683136
5.8434978
4.9584043
2.7938959
10.1638456
4.2612345
9.3226653
9.0227139
9.4850415
7.9523173
6.8642342
8.8564233
7.6356385
12.1928430
5.8441424
7.1024171
5.6582589
5.2936931
5.6686149
8.4083992
7.4550207
6.8694170
7.5920676
6.1273929
9.6527782
11.3434467
4.9933101
9.5442455
6.3291615
6.9733580
7.2240138
5.7551150
9.2485019
11.9605508
12.8185994
6.4822383
9.3606251
7.9690844
9.9933169
2.0717188
11.6769707
9.3037056
8.3690045
10.8168394
3.7467888
7.3037818
8.1955608
7.0944212
6.7449319
4.7022220
10.2658790
6.9071792
14.4355684
6.0206407
14.5934330
8.2508093
5.4258265
15.3002873
7.6415052
7.1951882
11.4194372
10.3748514
7.3704413
13.4692383
18.0892955
14.6685888
7.0880852
13.6590320
18.0933149
5.4802213
12.4994028
6.8043883
7.1312219
7.3123352
7.3798563
9.2114173
5.6162806
5.1850422
7.7618891
3.8452484
4.6328113
7.1620348
5.4439966
5.7724853
5.6032369
7.4898123
2.2695101
3.2806416
3.7354304
7.9099968
5.0566719
7.1720151
5.0840881
3.1911038
8.3865310
5.0908802
5.9365472
5.5292088
7.8224699
7.2863116
4.4185338
15.4156282
6.4893389
9.3353487
6.2484532
5.1195398
6.6823570
3.3542527
5.8402458
2.4201553
6.8366177
5.0152963
6.4324861
5.9751244
5.6118031
4.3809716
3.6713558
7.8606190
6.3058274
2.4996294
2.5298104
6.0248148
1.0664195
4.8269586
8.7795417
6.1781634
4.0230299
7.0285598
4.3103103
8.6482038
4.6008566
5.3064595
5.9772091
7.9339268
2.6969676
3.5798266
7.0405809
3.2328146
1.9368443
5.6644796
3.9587011
2.6525661
4.4374220
8.9484618
5.4632622
5.9092960
3.8539866
2.6416251
14.6063263
8.7203290
7.4965295
3.5838712
7.7117003
4.0717781
1.8258539
6.8920934
3.4665480
0.3915264
2.0187082
2.5989005
1.2233035
3.3446886
2.3505584
3.1627326
5.8833700
3.7466621
9.2984916
6.2628973
7.3981972
4.4610198
15.1209266
3.8289676
5.8070271
5.7944614
7.8318700
1.2006637
5.5405008
6.5392719
6.2407690
5.4682989
6.5998334
8.1059006
6.1364633
3.8072775
8.4367984
13.7908141
9.5025286
3.6570970
13.8465171
16.7272315
10.9194684
11.0800328
6.6001055
16.7921527
3.2413849
5.2401591
16.5634635
6.7115317
42.9131425
10.9401618
6.3526749
14.3815862
10.5009924
2.3127643
10.9045179
4.4265097
7.8112483
8.8985151
7.3642269
11.8516766
11.3587806
17.6676624
5.0948703
6.9221674
9.1054526
9.3875708
14.6502636
8.5426292
12.4332054
12.4606584
8.5098577
9.0613191
12.6454436
8.5342047
7.7107165
9.7269496
7.2254517
6.4781375
6.6189607
7.2416830
6.7905090
5.3075765
7.0323772
8.0243189
7.3992599
9.0402796
9.4935833
4.9751425
10.0148243
5.2569976
6.0366445
3.0078516
5.3953720
10.7777210
3.6472901
6.2429954
5.7021175
6.2088802
3.2645442
5.2529492
11.4328392
7.8212737
6.2862817
4.7780402
5.5221940
5.6074171
5.3502768
5.0336662
6.6176853
8.7458653
7.1135968
8.7482483
6.7904101
5.4489561
5.3407042
13.5585599
9.8310066
19.8305698
4.9854455
8.7152738
5.1610916
6.4674525
8.9683379
12.2027998
12.1477810
7.6698144
5.5036900
6.6089952
12.1322397
5.9967075
9.2699746
5.1890791
10.7849668
8.3764931
8.4221916
9.1153536
9.8441132
8.4180298
7.0972188
6.1639818
5.4953748
6.2035430
12.1026986
8.1896973
5.6841325
8.9108630
8.4633074
7.8275024
5.7407353
9.0940988
2.4738986
6.8256981
6.0836607
7.0947863
7.6198251
7.0145182
7.0211796
7.7763773
6.5244991
6.4706685
10.5138879
9.7609198
2.7905231
9.6746778
3.8762226
8.4027062
7.8918537
7.9484461
7.2364670
9.6700616
2.3624322
7.5475871
4.5406158
4.2394527
2.1405150
4.8887520
2.7946775
8.8252960
8.3909811
6.5693321
2.1631742
4.2840390
5.7298848
7.0176071
3.5143448
5.4554209
4.8710938
7.9414380
5.7455396
3.7876233
3.1505815
4.2355876
5.9376702
2.3610109
4.7914956
3.5295565
4.1562820
5.1019896
4.3811761
4.9166644
4.5853514
3.4210008
4.6037847
5.8789652
3.5288737
3.8154082
2.7573509
3.5215381
1.6067265
3.2675363
2.7600275
3.7128544
5.9702598
4.4827065
2.0997968
3.5979072
6.6645574
5.7214653
5.8553365
4.5245743
5.4599821
5.7480881
5.2827647
6.7593318
6.6036052
5.2252761
9.0900627
9.3865509
3.8654493
5.2462428
5.5701685
5.1884375
5.5512804
11.3945184
4.9510543
3.8532244
5.4348509
11.4051196
6.2562093
3.8818464
9.7409439
5.7119130
10.2701069
9.9164822
22.1424158
5.9705263
4.6259420
4.0656048
8.6268650
9.4259330
3.2686153
5.5353732
10.4618938
5.3197596
5.5172088
7.5384599
11.8844780
3.7115019
5.8771528
6.5971878
4.7227812
6.2326076
6.6707671
6.2665300
4.6679130
7.2163044
6.0236623
6.3654549
6.4903203
6.1535684
6.8175105
5.3334892
4.6982684
7.5370745
4.3868638
4.6579649
6.6732537
4.7135412
5.3733767
4.7926280
8.5672353
8.5374813
12.4389578
7.0484767
2.7093626
4.4166032
11.4700092
5.6322508
10.3453797
13.2581253
8.6402605
7.2671953
11.4924606
7.8921785
6.1937510
8.1669822
5.6069532
10.1460447
4.8139872
4.6346429
6.3364865
6.2463923
8.1465474
9.3328362
12.8219607
8.3549937
9.1072720
13.6907919
7.7990458
10.1622174
5.6930127
10.6231093
4.0789886
5.4804085
8.5905484
10.2661434
11.7566715
4.3987043
6.2271243
5.4344092
6.2385182
5.7562696
12.4939928
5.8636774
6.6754456
1.9286900
6.7444028
2.1425834
7.9219346
2.1801905
4.8113613
1.0107937
9.2738223
11.8795405
11.3290935
2.3987506
6.1415981
4.9778081
6.5052426
14.2098689
16.9290408
5.3613406
4.4054153
6.7601153
3.3621173
3.8696548
0.9055455
4.9906676
4.9269745
7.9351350
9.5968963
5.4689025
4.2364089
3.3161115
2.8081770
7.5932264
3.2072943
7.3055470
2.9938263
4.9396581
11.0363879
5.2012855
7.9819889
10.8651230
9.1953079
7.0216227
7.8003302
1.2961495
5.1903618
7.5588139
6.8968387
6.1642855
5.4572827
6.7797468
6.3154472
6.6635128
4.2769804
5.9442157
6.1150241
4.6112702
5.2364453
6.6917575
0.7097041
2.4332978
4.1313075
7.1198177
5.2100526
6.9712764
4.5496740
3.9669960
3.1682670
2.5506138
4.2058210
1.9899554
6.3216175
3.8106094
6.0441166
8.5307528
5.1769270
5.3519033
6.6264352
5.1596036
5.1550758
3.4145594
3.8134679
8.7467620
7.5452214
4.2639034
2.5322847
2.0732630
1.0659841
4.8082744
1.3126739
9.1397877
1.4392505
0.7775680
3.3782135
1.4085781
4.6524800
3.3581844
2.7821887
2.3577676
2.4917103
1.1474295
2.0788426
0.7958964
0.3851234
2.1538791
3.3869992
2.7362528
3.7797186
3.0433675
4.3195366
2.4664777
2.4325676
1.5536028
2.8261901
2.0166086
1.9969497
1.5288752
2.1595059
2.5493383
3.1018792
1.1828791
2.9543058
3.7196224
0.6835456
2.4944128
2.3817638
1.8527763
1.9789790
5.5034643
2.7831288
4.0012278
2.7389051
8.5038429
4.2167269
4.6022570
3.7731378
6.3094964
2.8766063
6.9547194
712.6883034
5.9034395
5.8014368
2.5634273
7.2897187
3.7170747
3.1893111
2.9550200
701.0484673
4.1847570
4.6303041
10.0282180
703.9860444
4.9650487
3.9766169
12.8483398
725.9166981
3.3025293
3.2301646
6.6286175
6.8646219
7.9903798
7.7360579
7.3695968
4.7595393
14.2002831
9.8649934
10.9226630
24.5295735
33.0691139
3.9753990
9.7381875
16.9043929
32.2482173
15.2561034
55.4290602
8.9467405
11.3114746
17.9675162
5.2025114
41.0763640
4.0276642
9.4130445
15.0217096
23.4179330
7.8837433
10.3765810
8.0852575
143.7352700
14.2165867
45.7863699
19.0160196
4.5282202
40.0841986
13.5618264
10.7347081
17.4358370
5.8008584
19.0196878
6.0243420
5.4319941
11.7257731
7.6143320
7.9883423
5.6694342
4.4933132
9.3805306
3.8204908
10.6686742
4.9028413
5.2269137
4.3190865
7.3294408
8.8403952
3.9562324
4.3715133
3.5835154
13.4476349
8.3569061
4.6067794
8.6354155
5.9264224
3.2635960
4.0921555
20.6538643
5.9492406
6.0276132
6.8104917
11.2801993
3.1722580
6.0574610
13.7205704
2.5658736
3.5887554
12.5584251
11.2711976
4.5728615
3.6198812
1.6112423
10.8497175
314.7197764
2.8636015
35.4204148
4.3789183
5.7504620
3.9602532
3.0588234
7.6909412
2.1159579
5.5829880
1.4874510
2.6731256
48.9651130
2.7318845
0.6146543
3.0516507
3.3589181
6.8977519
18.1897543
6.8659513
3.5369686
3.6893388
3.7810836
3.0775435
3.2765050
3.4633416
0.8017076
297.1558687
9.1945692
3.2486458
3.2419890
10.4439871
4.3980374
176.4733352
2.9035225
64.7727772
11.8380897
2.4328194
9.0858117
113.9947120
10.7474274
39.6267226
15.5828342
2.3305623
2.9258796
9.8166908
8.5326341
13.3238313
4.2105814
33.5624743
11.8778395
9.5927398
1.1966941
38.6473540
22.7500311
7.0344308
3.5056333
3.3720409
6.3028871
1.7149726
1.9947778
1.0274874
4.2956221
3.1393428
1.6547404
3.2648270
4.4875173
4.5424746
1.9306640
3.0548104
2.5950813
0.9324521
3.2674505
28.5616117
5.4935237
4.1730354
3.8228485
5.8023074
17.0463054
21.9415881
9.2934024
7.3510655
0.5988509
20.4684512
8.9520008
3.9499218
0.7773080
6.6562808
13.4230522
4.3903170
3.0019574
3.5839682
1.6795078
3.0842349
4.8238398
70.1741367
16.7108801
2.7077701
3.3293231
33.3879152
19.9876098
17.8564413
4.9919470
8.0021344
4.0462239
11.5412898
26.3580691
10.8300398
4.6101678
7.4649112
10.0712353
6.0749972
12.5332326
3.0434100
7.0082239
3.2221368
9.5968259
2.2508268
18.8384007
4.4229636
5.7831019
7.0670567
10.9918126
2.7565142
4.9744634
4.8727588
3.9475836
8.7350771
6.0444086
2.9526301
4.7451622
7.4502039
2.9923093
5.4187213
7.3283009
5.7413633
8.0676556
6.4274748
3.9769513
6.8062987
7.6261702
3.3284584
4.6033373
5.0883296
5.6005210
10.2868347
3.3970280
2.8862177
4.6351013
6.2657813
6.3636113
3.5108884
5.8296550
5.6744242
4.5145790
5.0461086
5.7726494
4.6454088
3.7332491
8.4418409
3.2875840
3.1732414
6.3624169
3.7161723
6.8181249
5.5825812
5.3362341
2.4481345
5.2825682
6.4890606
5.8862225
8.9733386
4.7433508
8.3312947
6.5394510
3.8961276
2.8656447
4.6825789
2.6060294
2.4959738
8.2944864
2.7222453
6.9464501
4.4978346
6.5684240
6.0710043
3.7142272
4.3075045
2.9615412
4.8744754
8.3333613
9.5409099
3.4224961
4.5802907
1.8794531
2.9298064
9.5378304
5.1778024
4.5298373
4.7930140
3.9663981
3.4983043
3.0683378
1.2996327
1.7543729
4.1134257
3.0682548
5.2887102
1.6767633
2.4759993
0.6048658
4.6473353
6.4697233
9.6703158
4.8033671
3.4215856
7.2812864
1.0002993
1.4768195
5.7197509
7.9111790
8.6453026
8.3673960
2.4729795
11.1361075
14.3415095
8.7259839
15.9829007
19.9446945
14.2808032
14.5927527
15.9272762
168.6984000
15.7824525
199.7173843
35.9756704
47.5206417
15.6119773
28.0832347
46.6821527
15.8432325
26.6302632
47.9231482
26.3617229
35.4497025
21.1177472
44.6993864
18.4184352
32.4492570
29.7303155
5.3790830
23.4199023
17.5391897
21.9376041
23.4890720
172.8376659
142.2682458
20.0210173
15.4080623
16.3845447
17.2151126
89.9095420
21.7180870
178.4839453
184.4458573
15.6790134
89.8494625
37.2632957
22.0902754
10.8699391
37.7042446
12.8428779
24.1282724
20.6224630
16.0112316
502.8539408
15.2089334
11.1591241
10.1426753
38.2466466
126.2827089
2.9348173
4.9886768
113.3076275
4.2324123
101.4123268
6.0350805
1.0711643
2.3133660
9.8925302
5.8837169
9.8182341
9.4870365
16.6534874
108.1469540
23.4311824
8.0835609
39.4301492
26.6507496
28.2621759
14.6514576
24.9754702
15.8084727
2.0515990
8.8741119
17.5321255
16.9163372
22.3585797
23.8298184
18.2439533
7.8419437
13.4963864
22.9221995
10.5284293
32.2174788
15.3964056
97.5175641
100.2687459
16.4052238
4.0749469
126.8807889
11.8140783
8.2079577
16.3430185
134.6332267
132.1186488
41.1343088
132.3118047
129.1913859
205.2071222
108.5780786
133.8053014
174.7583557
54.7540899
128.5528902
60.2866288
122.3003156
121.8691707
104.1316814
124.5867962
164.8917820
51.0124269
12.6185212
124.4025012
124.7876679
102.2508166
15.4538707
7.2823408
7.4762780
11.4537730
110.9348614
253.5121990
27.0674624
4.2246601
7.3409208
2.1170916
8.1536322
14.0351704
12.7290098
23.7929745
105.7377016
12.7859110
17.5846775
9.9048262
38.8750852
11.2032949
9.1816848
10.8194880
10.0793393
12.0128099
4.7563738
123.5958824
46.0555165
11.7679688
56.5298236
36.5757586
65.3710785
62.5134258
62.0106294
37.6112767
11.1079788
18.7394888
9.6766573
246.5688836
74.4080063
73.6996745
117.3830266
333.5137627
62.6244864
18.1697022
49.1673049
76.3039227
105.9901769
538.2209419
111.5119921
11.8804582
108.9609078
21.9386997
18.4652886
6.3232972
1.7005295
11.9515517
6.5683485
119.8952869
5.6240525
11.7419786
6.1814844
6.1882955
9.4034536
7.9222300
3.5747819
8.5975178
8.7957391
4.2552713
5.5530885
15.9947046
2.0908571
3.4620920
10.9984789
6.4762122
28.9082797
2.8782170
19.5521736
13.0228208
6.9268254
4.2174926
2.2830098
224.2441178
10.4515800
4.7916755
0.8744888
3.7000247
3.9912119
15.4763664
4.4431147
5.1466804
11.8153826
2.1600101
4.1238792
2.8581263
10.3156329
7.3927747
4.4799428
12.9776110
259.9441963
5.3919009
9.7822788
263.7280657
11.4513137
10.9736754
11.9306842
526.4334036
10.2398797
1.8179591
10.3815159
4.1551938
7.1045396
34.9128375
43.1964976
136.5863568
266.7057973
24.6704987
246.7669179
83.3449885
4.9309447
268.7976838
8.9696301
3.0763864
231.4239248
246.9617509
232.8541206
225.1751968
255.6217607
266.4942046
164.2119039
14.9021821
201.9583350
87.4516408
3.0102455
20.7045610
6.5305683
399.8927490
11.1265561
4.1282190
103.6833815
3.4945272
9.1029684
123.7311078
26.4388270
1.8833893
172.5340097
84.9367057
19.6817931
11.3854920
74.0803691
94.6255665
117.0927725
212.4409236
17.5763070
28.7527836
31.1146611
301.8198032
256.3492589
21.9684777
39.3684394
222.7325890
21.9854674
236.8734693
138.8135372
413.8334228
197.5505778
67.7305702
92.2921986
98.8645906
25.0813649
123.4146644
72.1505955
105.6544734
74.2241252
243.9303972
448.9860486
254.6977625
257.6604162
338.1349648
343.5033977
249.3209178
211.4036273
264.6990742
52.3489098
276.6810743
269.7639211
199.5576888
37.0977431
8.5614320
11.7926220
39.1856003
50.5626165
6.9393780
14.9707256
71.7900210
273.2959982
282.3153567
264.2419126
7.7931106
12.0043479
53.6411893
86.7362335
64.4400676
251.8741432
482.6663519
251.3050824
288.4423861
10.8027044
291.6017121
148.1498526
19.3888873
164.1996405
465.8137464
20.9169760
21.9731067
8.8208288
16.5753673
357.0114527
37.4103722
315.9280611
72.2849846
378.8618656
391.5792866
427.9818199
394.2284707
220.1463509
7.2147293
284.9861534
37.6660632
7.5240825
7.8683914
3.4968460
11.4035466
10.9487824
16.6872155
2.7767560
26.3103320
11.5660992
25.2575812
93.2375364
62.3769318
60.0589530
10.5606738
43.7786747
12.3179846
12.5566470
24.0623290
319.4904069
260.1288922
271.2220295
273.7227399
427.8291612
42.8591148
47.4431915
9.5958038
339.4744289
304.1336756
6.8484478
6.2019624
6.8818103
7.4559194
11.0892067
11.7524718
5.8814935
4.6606990
6.7572526
2.2475033
3.7877847
4.2728193
3.6605470
0.5140979
2.7444138
2.4741296
2.4233143
1.4009633
4.0662232
5.0457429
3.1227547
0.9628899
1.8423544
3.5943264
4.9943848
3.4789607
2.4527470
2.9267398
2.8735750
4.8322123
15.5831572
443.2549129
94.3720479
322.9474694
24.1726102
84.0362213
2.5567369
2.7912088
24.4122382
27.5768172
12.2844992
351.5903873
71.9355918
194.9276443
18.1280170
12.4276400
20.1446704
2.2910001
14.3646113
25.8629805
323.1948894
78.9376652
20.6169075
17.5657830
313.3164063
261.3982138
399.0735128
326.1885726
211.7469470
349.7734697
33.6160714
10.8201580
117.5028552
28.0015511
162.1441880
4.2981663
187.6594988
17.9219984
8.3031208
9.9564764
4.8688251
324.7187917
336.0655044
328.3216981
9.8330903
146.5520180
287.4297421
14.7721231
9.1601334
187.3239563
392.9926853
389.7403284
196.6479175
187.3311770
213.7753927
14.8926570
19.9628199
26.6562470
11.9570079
13.1670237
8.3447442
14.3994406
31.5485040
8.0249871
11.5291378
65.3225271
9.6152412
18.9792846
6.5402504
8.6291903
16.0678788
204.3904043
27.5997683
4.8470247
12.3023613
32.7664875
8.0249443
7.5201921
7.1727598
6.4929351
13.9210390
9.3743074
206.5966246
28.0069344
15.7556449
8.8856890
160.6738908
14.4223505
1.8871423
12.6640009
9.5789337
16.9029994
18.5847804
8.7823827
6.6229553
5.0653037
4.3912632
3.8387811
2.0214021
4.3179554
11.7001314
20.9144017
11.1923968
4.2569676
4.3425892
6.3064069
3.7866257
2.0744445
2.8851892
2.4795478
4.6030055
3.4741898
6.8354050
5.3794380
3.5405161
7.4237885
5.5784656
201.8307835
1.7352829
210.3751661
197.1141358
5.5313648
6.6459163
7.7382755
5.1069883
4.2220346
3.4220652
8.5887682
10.9251244
7.0756825
8.7802969
10.2760450
4.2105386
4.5355312
3.6159950
12.7645651
6.2421951
3.0222459
4.0762954
1.7260283
7.4306824
5.8090858
8.7649002
3.1048070
5.3397582
7.7924368
6.1914483
3.2299495
10.3191760
3.1291016
5.2069463
7.2129309
2.8801052
8.2011290
7.3323180
17.4825657
7.4783427
2.5142409
7.5436349
8.5054536
4.1739326
3.3629766
7.9515996
5.0161082
5.6809157
6.3455558
6.2871681
9.5418757
5.7065401
5.5792162
4.8308707
3.4663683
1.7559478
9.7771102
3.0494646
5.2091678
5.6462130
7.0053566
4.8976843
5.3382140
8.3473352
3.4112160
4.5386784
1.5375587
4.3847381
4.0117555
3.6900387
2.5228600
5.9222717
3.3024668
5.0143316
5.3758973
4.7816110
7.2155695
5.8716286
3.4653374
4.4623219
4.4021032
4.7760953
14.2056352
7.5752339
0.9764186
0.5656422
4.3105851
1.6479558
1.0463239
4.2067484
3.1813025
3.4996260
3.1806602
1.9569912
3.3503661
0.8782797
0.5758472
1.7409856
1.8050842
2.0045175
1.3518195
1.7686619
1.5632939
2.6490557
1.8204766
2.0495793
4.0561480
2.3302595
2.7847423
2.1562002
1.7581491
4.9639337
4.9583087
0.7788078
3.5679727
6.2295977
1.3783708
0.9788978
2.5651605
16.1901946
7.7643999
2.6606091
6.4208954
6.4079168
5.1807836
13.9523842
5.9544270
8.1293557
2.9484394
9.5177950
6.0024890
10.2894728
11.7435921
7.2972756
8.1294967
8.7571971
6.5662317
6.1909118
5.6099780
1.9212267
1.7481598
5.4271057
0.7416183
3.4986068
4.6053808
3.0949604
1.5100283
1.0651875
8.0492361
3.9574977
1.1281724
1.4236201
4.5366971
0.5504560
2.2800230
7.7423745
2.2422458
1.4312928
12.3615921
4.1743778
8.9820964
5.4079311
7.0870848
4.0044321
2.7158027
29.7755854
8.8157535
10.6353955
7.4715787
14.7671908
8.6477827
4.2809223
8.5095832
6.2750237
7.9127987
4.6282306
5.6211882
4.0928570
25.0568058
16.6116105
2.5523100
11.4086545
12.5402035
9.0636598
8.4400891
6.0004151
5.5351186
8.3021316
4.6284781
5.0527467
7.3230601
9.2109735
5.9676438
3.9046331
2.3958639
7.4700495
10.4412742
11.7995110
4.3163849
2.5800408
5.0188830
3.1929929
1.4117026
10.2922275
1.8323901
10.6676094
1.9915177
2.0693712
3.6640616
2.1923127
2.5594908
3.8899841
2.1327857
2.4967946
6.0532804
2.1052858
1.5828867
2.2267249
2.0814698
1.5333758
1.3033021
2.9748105
4.8370761
1.0796454
9.0019825
1.2180579
5.9892158
1.3840537
2.3054510
2.0462479
473.9522212
2.2947382
2.4929744
2.3993637
8.7650304
2.7731188
1.2908206
2.3943520
1.0938431
2.9432357
10.7605505
2.3468226
9.2396415
7.8057683
5.1693497
11.9124970
12.0922241
1.9215876
3.9050081
3.3628170
3.3982550
9.1491867
4.6291984
22.3011231
3.8606322
1.2181952
2.2833866
10.1596897
8.5616628
13.3502483
12.0995629
9.4992479
8.3023500
6.7330576
12.2907358
5.3534861
4.7041156
9.6776238
13.5365022
11.0242293
4.9323818
7.5206267
9.8570674
14.6069742
5.8143089
4.3316910
13.1260660
2.3976810
42.0718121
12.2347553
4.6194357
9.7326003
12.8382407
12.7342401
10.7922744
19.5841261
6.3190373
11.0443468
14.9183284
6.5773630
9.5237724
4.3880795
5.7185840
1.2325706
3.1461967
3.1228951
3.1708085
3.1537910
3.6984819
4.4645097
14.4492683
2.3570544
7.9805339
6.9184669
4.2748236
9.2587959
9.3900429
205.3305486
5.6866573
5.4161740
1.6029797
3.8801396
10.7651740
10.6785145
7.7622811
18.7326518
4.2585870
7.6378393
5.6537164
3.5527477
8.0794720
3.7421822
3.2577872
2.6732737
1.4462839
5.7867402
1.7275506
3.2445534
4.1268376
8.4445186
4.4102837
3.8396707
3.6251489
1.6168317
10.4735672
4.1573793
20.5663473
3.4672029
4.8482515
10.8573878
5.9646298
3.5367657
2.8348245
4.1026825
2.8935474
3.7472655
4.4643378
10.7569328
1.6289402
3.3969699
5.7239397
2.5307343
4.2771278
4.8198401
2.4412377
1.7651642
1.8163449
4.3071512
5.9945849
7.3306111
5.9289294
6.0850568
3.6342511
4.7486561
3.5574731
5.5505759
3.8040842
11.1189487
2.3397466
2.8409424
2.5633961
1.6826700
2.2153318
3.8403236
4.6111528
3.6935650
2.1244950
2.3231104
1.1885857
4.1769269
3.0917312
3.6260310
1.7058072
6.4023864
7.8741741
4.1412312
1.1153993
8.5320886
3.9049463
20.3004296
320.3850946
290.8955231
340.6197361
674.7304922
56.5191477
7.0219652
458.5883399
467.1857194
399.9500857
10.5733796
5.7268371
6.7397226
318.4065537
10.1375814
9.9974121
11.7971084
80.9899322
13.5832301
1.8881011
11.4340318
8.7055666
16.5430164
19.7816221
2.3027882
15.4021597
6.7490197
11.1205710
16.5323389
54.9616188
7.3358735
4.4646449
4.3894373
8.2632685
13.0124612
8.3403503
3.6761012
10.4194781
3.8491925
34.1937377
1.8044330
9.0071952
2.5017629
1.1637553
4.7996344
8.4766155
4.3303191
4.7096797
5.3472875
4.7409055
5.4155630
4.6693516
4.0022908
4.6569071
4.0661145
5.9996168
5.0796292
4.6356199
9.0664048
7.2641089
7.6635602
5.3699319
2.9775290
7.9294572
4.3413029
6.4835781
7.8884558
4.7976396
18.7437699
6.6969744
6.4011376
7.1164159
21.4328721
3.7987933
6.0188917
4.7372161
5.1193917
6.7582930
6.9505312
5.5854278
9.0354198
9.9520119
11.8176837
9.0157241
8.4517846
7.3786174
12.1851633
7.1148064
8.0739209
8.0251309
11.1124888
9.4054375
8.2522700
8.7878890
4.1333084
8.6965414
15.7811152
6.5512892
7.4372000
7.7399067
7.9987944
11.1411566
16.6587608
28.0381255
10.7383332
10.8211812
8.0788585
5.4865263
14.9018774
16.9664960
11.2571347
8.8040460
6.6978080
10.8118794
15.8823022
9.8533871
9.9272270
14.1188366
9.3039941
8.2244196
7.9090350
6.7498365
7.4756576
8.9315092
10.0564833
7.4115372
8.9364261
17.6781843
18.5113602
8.6780011
12.8833177
10.0069187
11.0086968
10.7899266
5.8946672
11.1384453
9.0639538
13.7156536
11.1624818
8.7242753
10.1364510
5.0147404
7.5799106
11.2098386
3.5351930
10.6470783
7.2416554
5.0182425
5.8026312
7.2091995
6.1374299
3.2804804
6.9562408
8.3413617
5.3875165
7.9626911
6.1692700
7.9722991
6.4165339
9.0305370
8.0235351
7.2921761
7.7094076
8.3150866
9.2160430
12.1010606
7.2210785
9.1361681
7.1119550
9.4773753
8.7886993
5.2035707
9.1369095
7.8632584
6.4672592
9.0094793
8.0546787
13.8328822
7.1055613
6.0624938
10.9543738
6.8554891
6.7678805
7.8088471
10.3571140
7.6110235
10.4720197
7.4899812
7.3240356
8.7203210
10.4544933
6.4402369
7.5238083
7.2224309
6.2618298
6.0800158
7.4672164
4.6063154
3.8815038
3.8159639
6.2529939
6.1528829
4.8275962
2.5569036
4.6478463
5.3161444
9.0460435
5.6881475
7.6701784
6.2329193
6.8739000
5.2734129
5.5585323
4.7791330
3.8184150
7.4134132
1.7403405
3.2332672
2.9680024
4.7070985
7.5611494
5.7866676
3.8723733
6.0931851
0.5298185
6.1874678
5.5497359
6.6214516
5.5368176
4.3070012
3.7796140
2.1867076
10.3921236
3.6932465
1.7793120
10.7726711
6.6936500
5.5573034
14.4622297
1.2304840
3.8563899
2.8921175
3.3668117
2.1170286
4.8217996
15.2768538
1.5450906
1.2563771
2.7696326
6.2023459
5.1384092
2.5204583
0.8041920
8.4943567
3.3214968
3.0216804
2.0574393
5.5026558
7.5989992
6.6709829
2.8490827
1.1809813
3.6223927
1.7566448
5.3705826
7.1455703
1.6129630
2.8661465
20.1412743
4.8866244
28.1746473
16.5928241
1.6788193
3.1035115
5.1823154
25.2974083
3.2000407
14.1671834
3.5548770
3.6068284
5.2147612
1.3780769
2.1586697
18.8982108
3.1936290
6.0708976
3.4435350
15.1728381
7.1447301
6.3624410
2.3403133
6.9718478
5.2282780
6.3687329
6.1074059
7.4939879
2.1765010
558.0426677
32.3794894
646.1106456
2.1612676
3.0002332
4.3880283
5.0101904
6.7009074
17.0559884
7.0750105
13.5711703
7.2135918
5.8978574
3.2505986
1.3711945
21.6279969
790.7120888
2.6888590
10.6540880
6.0245507
11.6400457
21.8616465
18.0598833
10.4441912
10.6228807
13.3039019
7.1940538
8.8261985
5.9838534
11.4115220
9.2907611
6.5222301
10.9680311
6.2436765
6.4090431
7.3742295
4.6174091
36.8250274
5.5357497
4.9951180
5.7789194
18.3090954
4.1411637
11.4177425
5.3801481
6.9005761
13.6852619
8.3623984
15.1004127
4.0973604
4.2236696
3.4010052
3.7840773
5.7924979
5.7715043
3.9747166
4.7487732
4.8613852
5.7694379
2.6548374
1.2165316
4.8046920
9.8207335
15.3735493
9.8264840
7.5795737
31.6178360
15.4783255
15.0470929
8.0992758
668.1142101
3.7387909
7.2283858
4.2508603
2.4357162
5.0730341
24.1077149
3.1156512
4.8475546
6.0188968
5.2536576
43.2705605
9.8455025
7.5545541
10.7072426
8.6243214
5.5360335
10.8590581
5.2056395
6.0817137
4.6357467
1.2445901
4.7741609
3.2458590
725.1857513
671.7385290
6.7794686
9.6533133
791.7909687
585.9104342
11.5019098
2.7365053
6.9048702
4.7870102
3.7777012
770.4514798
13.4212316
736.9893070
12.7379328
10.1248605
9.8782043
5.6255040
158.9740453
219.2924842
312.6311437
230.6932906
201.2629236
3.8751037
194.0215738
287.2531782
133.7752040
205.9572813
194.6841713
182.5547938
718.9138116
185.9838284
181.3944800
163.6090213
187.9269757
214.7861625
201.1755287
195.8341262
151.1850535
185.6859483
185.6343647
298.1018617
184.0052221
186.3025494
185.0001774
174.5949041
180.1039896
152.3674036
153.0904400
181.9838162
182.1688088
168.6739881
151.7142833
167.5782175
138.5496701
142.0388047
240.0868592
257.9727019
190.0837381
176.8384377
133.1811305
248.5484972
192.6357520
189.4245006
187.7919205
196.2758447
252.3481369
261.3432417
183.5909059
185.0131922
249.1518810
152.3988406
264.9864810
192.9987415
204.8234610
191.2416294
182.1800659
195.1106031
175.6189933
191.7261936
173.9986919
204.0021836
266.3643145
187.9008045
222.9924877
192.6291567
200.2330545
232.0237205
192.1870530
192.8511193
206.1041361
204.8526822
191.7484226
186.1269105
173.7818398
193.7785219
20.5730003
184.0862550
173.0177485
3.9462004
9.8081618
13.1061014
12.4107620
10.5942140
13.7367267
9.4374142
2.6909275
5.2852879
7.5382623
3.5182621
6.2041333
11.2120635
6.2484264
4.0528788
2.8918773
5.8061155
10.9065614
4.8776962
5.5593554
7.2577958
4.9234392
5.5523184
5.1627195
6.3651818
5.6785050
6.1006921
6.8854249
5.0034876
7.7106630
3.0935244
5.4646797
6.1737058
7.2595728
8.3199037
6.4323893
5.7714050
7.1454683
4.9630325
5.0552608
4.6551848
7.2806996
4.1237013
3.8634388
5.2458681
5.8279506
5.9999324
4.8916502
5.7963788
7.3537486
8.3791752
4.9236674
4.8512364
4.9363881
4.4574278
4.4040689
5.4884374
4.1201944
4.7944601
8.9615584
3.6898143
4.4187359
5.3333960
7.2413651
5.8502270
5.7397989
5.1004567
5.0930347
4.9973872
7.1956036
5.8574777
4.0474733
5.4720604
6.2130149
4.7893680
5.9002215
5.1849942
5.9249358
4.8614333
5.0615495
5.2630206
5.7668796
6.8453968
5.6431208
4.9902997
5.8669058
5.6612922
4.6899729
4.5749005
4.8952744
5.2087907
5.0244976
4.2186868
5.9779629
6.0530064
7.8110383
5.3560451
4.9293356
4.4036427
4.7772891
3.7048525
3.5669180
5.3496175
3.8295669
5.5342863
5.6818060
5.6135110
6.0513013
4.9033560
5.7326127
4.8304984
5.3573441
6.1399800
2.8992317
3.3305244
4.5677007
4.5829651
3.0068255
3.6730356
3.5620532
3.7780482
4.7289828
3.1902383
4.6858553
5.5323178
4.3526826
4.9129401
5.0944397
7.5140841
6.0344665
4.9819605
5.5185749
5.7016015
5.0034725
4.9512793
4.3495345
4.9968537
4.8484145
5.8842511
4.5638963
4.5900566
4.9795909
3.9247733
4.3676454
8.8949727
5.2081998
3.2443583
5.5424079
5.8123118
7.2703224
6.9468817
6.6741510
5.7128419
5.9466158
6.5159421
3.8788256
4.6233380
4.3203032
4.0094424
5.2443843
5.1540550
8.0464386
5.4361849
7.9108476
6.6584927
6.1388607
8.9281766
6.1367725
4.7185060
6.1808704
5.8336175
5.3322663
7.1556927
5.9994531
4.7930271
5.3312759
5.0103002
5.3198834
5.1636886
5.8796588
4.6909931
6.1495632
8.8701753
4.4213255
10.1462250
7.9052567
5.6203838
4.0784556
5.0537605
5.4869239
6.0141905
3.4272036
6.4413258
4.3276091
4.0097849
3.8995305
3.6727750
6.5748726
18.6248341
23.2696434
5.3633521
5.5052085
19.3246991
6.3790249
5.5333379
5.3424789
5.1499387
7.2919945
14.3863235
6.1222575
14.0186875
6.5196635
5.2538273
2.5518524
3.1194499
3.2717642
5.7886224
2.1060908
2.6873911
1.3556421
3.5132353
6.0953011
12.1865188
10.4831803
7.5801530
4.0723833
10.0629815
10.5497632
15.6197536
5.2403941
5.3304277
4.6025933
4.1744703
4.6871340
4.7276474
4.3654583
5.0243038
2.8061793
2.0064591
3.3782152
7.1300544
6.7875680
8.5019962
4.2663710
5.7191254
5.1326711
4.6275099
5.6488509
4.3346026
4.9448968
5.7021995
4.3460657
6.2253601
3.1175729
4.7910624
5.4969248
4.7685511
5.2914357
6.1448647
6.2485937
2.4389346
6.2532344
5.5586889
2.5393031
2.1708517
4.1789208
6.2702095
1.2155110
2.8934180
4.1643446
5.9994733
3.2605402
2.3576991
3.8115186
3.9151628
3.8916741
3.6876528
4.6088551
3.4142846
2.9641586
2.5734399
3.6631058
3.2499327
4.9074169
2.6990190
5.1943613
1.9236954
3.5527658
5.5539275
4.0018104
4.5741933
3.4629380
3.7531706
2.7285779
4.4823368
2.9325016
3.6662847
4.5438645
5.6857859
2.8566467
5.8504155
6.9717106
6.0916205
2.6937781
3.6699627
2.4480195
5.4480719
4.6478883
5.4135468
7.9311320
4.8050845
4.3065791
3.4746472
2.6771175
8.3671521
7.4907178
9.1877810
7.5166810
6.4833323
10.2019560
6.1285102
2.9161169
6.3534800
11.9370527
6.3886063
6.9603995
7.2507015
11.3859383
5.2937437
6.6662266
11.2393299
8.9289773
5.7239841
5.6001317
12.3939477
12.9626703
25.9027263
5.8656750
6.4578860
9.6848081
42.9630314
9.9362346
5.4414724
10.9538683
42.7102325
6.0831601
11.7308251
8.1387373
11.4717340
6.0260334
4.4474156
13.2054933
40.1072943
31.7757097
8.9843472
4.8453997
8.2268358
9.4231294
9.2926934
9.3271314
11.6755206
4.8080389
37.2315119
8.4325066
8.5146416
8.2493213
6.1632596
9.9079514
9.0709693
7.5516693
9.1533251
9.3724327
8.9308793
10.7228599
9.6895032
15.3888634
2.8000369
8.0181704
6.6024772
18.0678057
15.1128213
14.7352399
13.3587664
6.1605432
13.4353134
7.6404274
4.6605117
17.5391989
14.3372857
15.5288092
18.3987039
15.6928430
15.0284486
12.6841657
15.8664957
11.7201610
7.4907247
14.1915078
19.6880270
4.0429296
12.6830235
6.6075839
13.8014365
16.4278891
14.3668301
18.7534041
11.7983500
6.2624709
21.0483233
11.9717225
10.5676743
11.0855124
8.2534939
10.6954260
4.2640384
6.0943256
3.7121205
3.5770181
13.2765500
12.9116875
12.9096850
7.6347508
4.6220217
7.0775487
19.9884784
5.2834775
8.8662196
15.4633347
9.0681098
5.8603949
5.0549640
6.2199721
5.8570164
5.5782511
5.1223981
5.5249873
5.8365698
5.8466823
6.4407651
12.0361611
8.3567847
11.1017305
17.3189078
5.4154969
6.0850992
5.5949888
4.6530829
6.3117040
9.8807237
9.6953073
7.5781051
5.4592019
8.8973360
13.8556783
11.2185761
3.4521061
5.3626184
6.5094479
9.1694471
5.3114364
5.5178342
5.2064572
7.8352966
4.9802053
9.2456397
5.1071523
3.1286660
4.3174105
7.2713043
7.0257446
3.4470488
2.9347201
6.1500624
6.0758759
6.6615407
7.5634923
11.5133855
17.4625752
17.9377098
7.1754546
10.0417874
7.5034835
6.7124252
6.7715261
12.0548533
4.3282527
7.3212091
5.5869911
3.8671577
13.1166724
8.7525834
5.2831427
4.8164952
7.0225461
4.6855521
5.6139485
5.5293315
4.8064481
5.5145233
5.8326788
4.5119391
4.4198961
8.5849210
5.6900336
5.1929432
5.1715005
2.4933143
5.5973354
6.1042972
4.9847469
6.0874354
5.1633971
11.7562847
10.4111865
7.7499645
7.3621252
3.9920157
13.4370896
6.2669133
6.8842886
5.1410290
13.1602851
8.0550058
8.9427128
8.9364482
5.5024859
5.3801257
7.4950826
6.7879764
4.7044764
5.4137294
10.2545768
32.4377878
4.2128294
6.2565288
19.7518805
4.3198901
16.8670609
13.3304094
18.8588436
15.6406519
12.6887473
12.3132296
10.0872787
30.7424203
13.3331704
8.3386994
7.8608392
28.3353328
71.3217754
11.5285625
35.7161292
37.8552214
76.4878356
8.2189128
43.7119257
3.6141829
19.5145010
6.6877800
13.3471498
3.7765316
8.5520808
3.9945520
8.8499480
10.9239347
7.2915509
10.7152741
9.8368033
5.7090106
5.5395047
5.1780416
58.1965926
17.3422020
13.6604697
2.2181752
7.5798938
6.4678861
24.6669788
6.3951583
167.9694085
4.2084925
3.6930709
5.4342572
3.6237142
7.8263328
14.8939559
8.1359422
5.2486428
13.2031526
4.0036256
7.7310119
4.1422280
6.4152088
7.2784502
5.1017674
5.3810412
6.8758960
4.6242721
5.3849111
4.7118783
63.0523875
4.5177377
5.5408886
134.3743037
126.4654073
61.2032557
67.5116694
82.0878702
5.0635344
2.3650950
11.3081906
7.5125604
40.5321392
7.5794534
8.7789961
7.6280984
12.1173895
9.6838027
10.7742189
10.3382596
5.8066960
4.2443171
4.6655110
3.5032535
10.8552209
6.5854926
40.3192396
13.8127497
3.6309201
7.8655713
9.9584631
662.3757827
11.3437314
739.4200828
5.6277712
14.2509404
4.4449791
7.1764356
42.8010084
9.0640636
5.0232340
4.5721230
4.1705956
8.7630708
6.3855657
29.7583335
4.6317611
12.2503785
13.4734164
34.3276015
661.0003599
4.8171934
39.3749621
8.5425512
643.6046448
5.6004197
671.3715325
668.8737866
663.1208705
674.3920247
694.7697607
3.0774456
675.5776314
673.8513741
1.2706753
2.0439557
4.6982449
7.0092437
5.1786048
11.3939017
4.5229153
3.8996724
9.6408280
11.2774972
3.5425841
17.0387673
2.3261019
3.8915386
35.4358685
25.7311810
677.1608883
675.4458672
678.1906078
18.9570021
4.2437090
32.1102343
677.2272183
50.4682266
16.8113092
5.5495903
11.3006493
690.0995606
445.0010762
64.7732896
52.8967646
681.6342019
679.9920873
698.9342883
44.1686653
42.0992609
7.5038739
2.6519908
736.4097497
55.6874469
3.5196346
4.4147944
64.5327864
2.0722220
11.5568616
71.1233938
55.7190165
1.7728859
68.9105904
65.8335126
71.4143435
68.0467900
71.5066644
590.7141473
57.7008665
46.5669111
326.2053477
13.5632810
63.0258938
63.8045810
77.6754924
75.0891613
64.0865500
49.1610474
60.3364773
57.0008715
67.1839808
59.2628606
12.2589250
128.5931187
21.3557560
3.2971725
99.4019286
102.3754299
3.0930618
3.0462618
4.3811250
8.2511260
3.2800577
6.8593545
21.5830561
7.9069452
9.4520371
88.7167401
6.3033033
368.9515645
28.8618800
6.3551174
60.0921451
4.4788806
8.9348228
359.9909187
311.3066323
323.5904728
317.3557895
56.1575669
24.1518502
13.7142505
12.7383992
311.0322249
417.8411579
311.9008351
318.3265131
16.4173342
310.3328765
388.1518414
12.0158549
10.3952043
13.9589771
19.4722912
11.2496226
13.6662861
20.4685761
22.7872437
20.1453798
39.4376751
8.0909882
11.8822268
5.8659683
11.2318895
14.1976319
20.1319211
12.5927824
10.6405867
6.1798011
8.6010643
10.5476195
10.2441557
7.5261655
6.6684408
6.5577755
7.6211865
3.4497304
9.6464637
8.3584183
7.1474771
7.3922363
3.6020933
5.5176515
9.8252201
6.6347087
7.2508292
6.8466577
6.5873197
10.1205710
7.4454397
5.6362673
8.9061233
7.1312925
6.3727208
5.1141389
6.9269837
8.8516425
10.5246214
7.9382259
8.4626866
6.6628499
8.0626467
5.4850963
28.8014999
8.6619781
13.7089651
8.0556026
10.3419032
7.0238598
7.3982622
4.4633856
6.3205207
5.5800055
8.1860125
5.7489330
8.5419459
5.7355853
4.4968688
5.5004068
7.2003060
5.7513746
5.8403185
7.1537756
8.3038813
2.6509496
5.4819315
7.4049424
8.4394161
9.9629390
6.8082457
17.0088825
9.7320688
3.0313993
7.8870108
18.9990016
4.9429597
8.7295482
5.3882279
10.4577342
10.1455425
5.2289476
3.6583258
4.1617440
9.0730424
4.6551143
7.9514736
14.3703113
5.9631265
7.8751194
7.0287813
7.8834531
7.6048003
6.0091205
8.0306470
8.1993948
10.3387081
6.3905900
6.6358223
4.6128428
3.7748522
8.1688876
4.8316265
7.2086976
5.4663354
4.2712589
4.7612332
9.1291312
5.4934857
9.3326453
9.8357084
6.4896152
8.1646353
9.7561775
6.7776179
7.9453033
5.4970869
2.0681147
4.4935413
6.3868587
6.0821395
6.4780084
2.2551544
5.7999933
5.5073192
6.6159581
5.7699938
4.5655651
4.8670696
4.1977881
1.1508553
5.7215340
1.9839369
1.6222435
0.8129874
0.9982569
4.3779494
2.6608715
6.3975905
2.8107979
7.0583205
4.4365577
4.9418627
3.2707441
4.7550150
5.1277924
3.4472786
3.3515735
3.0893614
3.4292597
2.1298739
5.5972195
4.2135820
5.0049368
9.8606683
7.3447962
3.2762783
3.5533627
4.5648741
6.2168105
2.3286252
4.0629837
4.7663633
1.4115782
5.7982882
4.1332007
2.8890596
5.1838176
1.9453966
3.0504390
5.5384557
3.1784464
4.9373818
25.5055892
8.9002327
6.7642334
4.3970464
2.8019212
4.4712708
2.3426019
4.8801085
2.9953229
4.5761848
1.6575074
1.4440750
5.1533423
1.6357256
4.9854088
7.1079807
9.5751940
2.1673720
8.4515520
10.9251908
1.8193110
3.7019894
6.1547961
8.7204645
2.9344936
3.2663310
5.0363141
7.7975544
177.8621459
164.8258773
17.0682439
97.5435722
5.7396406
7.2185588
8.0499991
10.5298582
402.9510998
9.9866893
101.2248193
9.0657428
357.0897031
142.0026294
5.8084448
48.3218570
161.7087327
108.5805897
66.3428096
65.4757603
648.5820694
327.9908311
3.7271207
10.6391918
255.8634268
7.5021286
