44.6773672
179.6162773
125.9969589
75.6932358
67.3036478
56.8894199
146.0367976
146.5213359
170.0196508
165.2648885
25.2331830
176.2265619
157.9437270
170.9275367
177.9724555
171.5890017
3.5827261
178.9509289
12.7470910
176.0988314
170.3301781
173.2178142
22.8892413
91.2969143
12.5962397
7.5140859
178.4959995
164.0074908
1.9575878
154.5599604
119.6410374
177.5202173
19.0976160
8.6779340
173.6668355
33.3705258
2.9370453
8.1202270
177.4934513
136.5180909
173.6646924
23.4077518
19.9399791
19.7388829
5.9630017
18.8871831
3.1899456
16.9593359
5.3816083
19.2779355
4.0501546
11.4481628
13.0861215
7.1372410
5.6265816
3.9772089
4.1839356
7.1703746
9.0216203
10.4992173
5.8019078
11.8206952
10.2723999
5.5137741
22.8736673
7.3250783
5.7637800
4.8013002
3.4087232
1.2803384
5.2934561
169.3570660
6.6529583
9.6248688
4.4817535
6.7764523
5.1876636
17.9484463
1.0003523
7.5927880
5.7567884
5.9945135
4.1145488
8.9204991
4.0044600
1.0622376
10.4409477
6.8382581
3.4566056
17.1321177
4.4605050
9.1195530
2.6667853
3.6878083
3.0453850
2.7474844
3.6296537
15.5230364
10.6981697
40.7425850
8.8605557
15.7583994
12.1444893
9.6086339
12.3776921
2.2687525
176.8426196
86.0933378
18.2583324
96.6783680
63.1809844
3.7640879
9.4512492
4.2080968
7.4805554
4.5226517
4.7044008
2.7667035
3.5775163
4.3370517
1.5153495
2.6573291
8.7025139
156.3442972
13.6433685
2.2740276
22.4958856
7.4757784
6.4136296
3.0159529
3.9577767
2.1077701
4.2083289
2.0847286
4.1877870
1.5803872
4.4186994
3.5977620
7.1605614
1.2126325
0.9518195
6.5959654
12.4594080
4.5175212
67.6311770
1.2827169
3.4049383
27.1755643
6.2023791
6.9988030
15.6505476
7.4140164
1.9358180
4.0079824
5.4269718
13.7927172
1.8845931
2.2118248
5.3022252
3.4410196
6.7319679
7.4203087
5.1043627
16.8264252
4.0460698
5.1669079
4.9890983
1.7356099
4.9772176
1.4315565
1.5218157
1.7227481
18.2923577
4.2755689
6.0120480
179.8450142
3.1525443
1.7877846
8.9428864
2.9110120
11.3711464
7.0088866
11.0170152
38.5092199
18.6900658
1.5841495
4.7908855
1.7457291
7.9070216
3.5939380
17.6828833
8.6724028
6.8098050
9.5136659
3.3238662
4.2441864
7.4832044
3.1078371
5.4329465
6.7996223
11.3595396
10.9054703
17.2233723
4.9908711
5.6491291
8.3438843
26.5273440
2.0670672
1.1694491
9.7243614
1.2616368
1.0207326
2.8122756
2.3657455
3.6364265
2.3979431
3.9708700
1.1006070
5.7315534
2.0842969
0.8352470
4.8061589
1.3010069
2.5987515
8.0777620
3.5865615
7.0762583
4.9893016
4.5556119
1.0111573
4.1674637
4.4280797
1.1759490
1.8199368
6.6205619
2.3174237
0.9502091
0.5583563
2.1773559
3.1230086
2.6134970
1.6369350
2.2821887
1.6880899
1.8292557
1.6912701
1.9902377
5.7219735
2.9935098
3.1809206
3.5283155
0.8901813
0.3478488
3.9710512
3.9244321
2.2617339
0.8080236
1.1410498
2.0804443
2.7650992
0.9068665
3.5965936
4.8239181
2.2318451
3.2694469
2.4367979
1.0153964
1.5094435
2.4344506
1.7907068
3.7807424
1.9250907
3.6522706
2.4314806
2.2986487
2.3704647
6.5231010
1.3668915
2.1705107
3.0152579
3.3231972
2.1425623
2.3896921
2.1350738
1.2547224
2.9247710
2.4532208
2.5400319
4.0333357
3.7442403
0.9443366
4.0685490
3.7733560
2.6879146
3.4513543
2.9019255
2.2485390
3.5584978
0.9287559
1.3280312
1.3955687
2.5071652
6.7922903
170.5764498
16.4679443
1.9584141
13.4761370
2.8184133
7.6954772
11.2619837
10.3396163
6.5909857
8.5596020
6.5690582
4.6175987
2.6612197
3.9903618
2.4845091
6.3346566
3.2593631
13.8929376
111.8119392
4.5299785
6.7610292
8.0692731
50.1167050
2.9618047
24.6611678
3.4276067
13.9316137
6.5070217
4.4928835
64.5535313
6.5645608
9.0146653
0.9897513
4.7581572
7.6794873
5.8136085
13.1813399
11.4365096
30.0097919
5.3460337
17.0511087
18.6730889
9.3637459
16.2448836
7.4439439
6.0578610
9.4578836
14.6968117
29.5252671
23.9350590
2.3583134
5.0121861
175.4394834
38.7383554
17.2310958
2.4063686
30.5228958
26.7469878
22.5719483
11.9024792
163.8630203
9.4935128
2.4799985
44.4813082
157.1534697
22.2245772
114.9369779
33.6638239
18.4706554
2.2321972
17.4369808
137.5663566
17.3334165
16.6235374
3.2242849
11.9949589
19.4120638
2.2062460
3.9405660
3.4836833
11.2204210
3.6586955
22.4250188
9.6735197
3.3566956
9.4681674
16.1566924
5.6573237
4.9084391
4.5829296
4.7709387
6.8962493
1.5455680
7.2435969
3.4823985
3.1807607
9.3901031
1.8355391
0.9444664
165.1439266
5.6149613
4.1419323
8.3791337
7.5098780
6.9753411
6.1806593
6.7487053
4.7509246
9.9949562
5.8511469
1.6424550
13.1072070
12.5626184
8.9561569
1.1232717
17.7205485
171.8711504
3.6855931
178.1447441
7.8742357
43.5477998
14.1472109
4.8610462
6.9388710
6.2255456
121.8132575
14.8013926
37.9562567
15.2583413
34.2602551
5.6938255
16.4284289
7.2594672
12.3317892
24.2230225
11.9874526
1.6657460
13.4525309
21.5237181
8.3546316
1.8052809
12.1676835
10.8676513
11.3017706
4.2714002
36.8939933
7.4580482
8.8659677
31.0441485
29.3607068
24.9628674
7.9696680
5.5250600
1.4639034
9.1937155
179.8353881
72.4091307
172.5684146
7.9199717
134.7085844
5.0368973
22.0407245
31.8859936
3.7809207
6.1901343
18.8289643
173.3093288
13.7811573
139.1256482
13.1141441
6.4601684
9.1362536
26.2571008
12.3240494
13.8291197
23.3361924
3.4749960
6.8974596
8.5502784
13.2703280
17.0442037
7.4480152
7.6915221
4.1088375
3.9839197
155.7523758
7.2029027
14.2494527
3.5459734
2.6989093
1.5504514
3.1503958
5.6282602
2.0536905
8.2210314
7.7060101
5.2173923
10.6944763
5.9517399
2.2448767
4.8694095
16.5422806
5.5114969
1.7859527
2.9192336
7.3274089
16.5867293
20.7494147
5.0413405
2.7086738
4.8741264
55.4172456
9.7649518
1.6876058
175.1094018
47.0988531
39.8530579
179.9509216
18.0336520
7.4574681
2.6880262
80.7311116
41.8680120
2.3258495
4.8944354
3.9281402
19.6971710
3.1423723
10.7288185
3.9617361
169.5940390
2.3377315
25.5833675
172.4630205
5.8993731
99.9660837
35.0000813
99.9246069
12.0005847
13.4192248
169.3793376
6.4546157
178.2886889
171.7732869
178.7486592
136.1601679
178.2499345
150.8961541
146.9257378
171.5799337
170.8773532
147.4080434
173.9392336
169.4078754
27.8828451
165.8798811
17.5924944
53.1515512
87.2270698
165.5018420
68.5739669
48.8158791
110.5773783
37.9107906
166.9914269
88.2751810
91.8246294
99.0717869
0.9089563
98.9677873
11.3575310
157.1251304
4.5226526
67.9221461
176.6375596
179.9356913
178.4812080
172.7742165
78.1244853
161.8121364
170.4066421
2.7220019
165.1703193
156.0860851
159.6226580
13.8004181
6.6201517
20.2487776
128.5867161
47.3838381
98.4752070
4.3389205
11.3908709
106.4527424
37.5354672
176.6799393
7.0596966
177.4271473
90.9487664
176.3510665
2.7370045
162.1268428
147.8377046
76.1862385
10.6160173
42.2591408
5.0433020
15.4078606
170.2218994
25.6145390
163.3193313
164.1192555
179.8443843
163.9865367
168.8820489
155.0933196
166.9881126
9.6782677
122.5813517
49.3703009
3.1815361
4.5917472
68.2166311
79.8782001
3.2043004
40.9119513
56.8767066
4.0925705
10.2278608
164.7776253
103.9911529
99.3548545
9.0049299
176.7525961
166.1525059
21.4190674
10.3660879
167.2736952
116.4171023
117.0567836
177.9604911
86.9533004
33.1602727
157.7818540
165.8279582
9.0892546
8.5108363
159.6853347
173.6524400
26.9597220
68.1236922
24.4783742
23.5565347
123.3109747
87.3534067
72.6000173
16.3377748
34.4279234
176.5346079
40.8911942
7.6799858
83.7273536
151.5117479
4.9043166
23.5574173
169.8066147
29.3635075
6.4296370
54.0601029
53.7535269
153.2010967
7.1502978
4.0316151
17.3397742
4.4456298
2.7652695
4.1684168
3.0622882
10.3542583
50.7641886
17.1964802
2.3967625
12.1843109
23.5286337
1.9544303
176.6622313
9.0229962
7.9938258
3.3115156
8.4536247
5.5440010
2.9776236
5.4630767
8.9657280
2.2880861
40.1786497
4.4687120
179.6851024
4.9196404
9.1181054
13.1467292
3.0526631
109.0378380
33.3557717
5.8343335
3.4640862
3.5116374
2.5495997
3.8337780
2.4150103
6.4406830
173.6312164
5.5974433
11.8715799
152.7921860
3.6111713
1.4450968
19.1826644
17.8912546
19.4608318
95.3209781
144.7108695
179.2430138
12.2612124
51.7916479
99.9443033
3.1545292
18.9692829
29.6481787
13.2139643
67.5441322
4.8994365
20.6806402
5.6394994
176.8854023
1.9075133
104.1692204
80.8609670
12.8733402
41.7218650
3.4240954
11.1825262
11.8718228
7.2506594
10.1594003
14.4566093
2.5030517
8.2558780
2.0228098
1.5682834
11.9148902
4.1390466
5.5763430
5.6721031
11.1139445
6.3513774
8.5650405
16.4133354
6.9975198
10.6996137
3.0583944
9.4532511
4.8258789
3.0035721
4.7086941
2.9501501
3.6011430
11.2795728
4.1894710
5.7757566
1.1059658
8.9281677
6.3597923
1.0377083
7.1207105
6.5111099
3.7741954
6.5943635
2.5221695
6.3937714
2.9439041
5.0275317
10.4260107
4.1771043
6.6587734
9.8683536
3.4488456
6.7221883
4.8457277
5.9518995
1.3182902
3.4375419
1.9409672
3.2450476
3.7385465
6.8464705
7.6489142
1.5564576
3.9905214
1.4892894
3.5267903
3.4377303
5.6368647
5.0156553
7.8009087
10.8591573
2.8641084
6.8870295
3.8189821
16.1345614
2.4980942
2.2698743
2.6275551
7.1862596
6.7730716
5.9537830
3.0000607
3.5775564
7.3213163
6.6907503
3.4124820
4.8297655
1.7831794
4.2627458
2.8134305
5.3769796
7.5530425
5.2529822
7.0310172
4.3844756
3.4033561
3.8089351
1.4863901
5.4570223
1.4212195
2.7243490
5.3560369
3.1397908
6.0987815
4.5699313
2.9861049
2.2351777
2.6069198
1.7901662
2.3386122
2.8279949
5.9331120
4.2013959
3.8419707
7.1954136
4.8708083
5.8842422
2.9520894
1.2860112
2.0429581
0.6919691
3.8113569
2.6264447
5.9178312
0.8546342
2.2217989
4.0836247
4.3804725
4.7520858
6.4239428
7.1844358
6.9481464
2.4875590
3.5724025
3.8995897
5.0663682
2.9354564
2.6207774
1.9715488
5.6236504
4.2351413
0.6405259
3.5840881
3.3839495
6.1926229
2.6319075
2.0539876
3.1865954
5.8007937
2.4009883
2.7760077
4.6031123
2.8450236
3.5953713
9.0970150
3.0936565
6.4884918
5.1382497
3.8977446
4.2438745
4.5361037
5.4103810
1.6064245
3.8504157
6.0150550
5.7620137
6.0228041
2.9064173
5.3197141
16.3331991
4.3906339
6.0035638
1.0882156
3.2702231
4.5580874
1.7067335
6.1526076
3.1167492
6.7267899
6.1077650
7.4420875
5.4684231
4.5766306
3.2649455
4.9012720
4.0455635
8.6713294
4.1729377
3.7537736
3.6201961
7.8317874
1.4555469
3.4890391
2.6227938
3.6196825
1.9102659
2.8800948
2.2878217
6.3293489
5.9833016
7.9366596
3.1320987
1.4518744
5.0243688
3.2228979
0.7625033
5.8333278
6.0863008
2.8164111
3.4708779
3.7917877
2.2656247
1.3958356
5.1563616
1.7869873
5.4481045
4.3289714
1.8924099
6.8857149
3.2048944
9.0214731
5.5906430
4.6696921
12.5759982
5.5620683
8.9072517
4.4126483
0.9576410
3.5257750
1.6142543
2.8923490
1.0860617
7.8835738
4.1090272
2.0246459
3.7933278
1.9202345
2.5857584
2.1998469
2.9175091
1.7065293
6.8116932
2.1204705
1.9546573
4.9373156
4.4586733
11.5349602
11.0585117
5.2949885
7.0884581
6.4942345
7.8993294
3.7229429
2.0138344
16.2885928
9.6121776
9.4012136
2.7629160
3.5729944
5.6146653
1.1743651
1.3966802
2.7584616
0.8820258
11.4445593
9.3810405
3.9392951
10.3625538
6.9969637
2.5964221
4.9845225
3.9429178
13.8398235
9.3654683
18.0086087
12.1785263
9.7064477
2.1718030
11.1843964
4.1648937
1.1153290
10.6142694
4.4106323
7.1600045
2.5461881
13.1350671
2.4081024
1.9271892
1.8819150
1.9824804
2.3845435
4.0663388
4.8037801
8.0508117
2.0434045
2.1444740
5.6861867
4.6237695
3.2599952
2.5620606
4.4218747
7.1518391
8.5389794
3.5426904
1.5275831
1.2110979
7.5863816
8.0495992
4.4479798
3.4143425
3.6158162
9.5333228
4.7981950
5.8585737
3.2492285
12.3267291
6.8298180
2.2025148
2.6116359
2.1711629
1.9600451
1.3939857
6.1306500
5.3325311
10.9453021
2.0920728
3.9164803
5.2433489
3.1964966
2.7544406
8.1514845
1.3459217
2.2540338
6.8416552
2.0145610
1.5830613
2.7335842
9.1312897
2.1708770
9.3104058
1.0226055
6.4935387
5.7442695
6.4719513
1.8340797
2.8662282
2.7645168
3.2979636
3.8357467
4.3322807
1.3137575
3.7581666
4.3873815
7.9938222
2.7299017
3.2920909
3.5587356
1.8845991
1.9151665
7.8715637
2.0418042
124.0910208
1.6849834
5.6528285
107.3489772
0.8049656
4.4502486
2.5299000
2.3775991
2.8992309
9.4402271
6.7713660
3.6622472
2.8941589
4.1731440
1.3475159
0.7573683
3.4070757
6.1351386
2.5262716
2.9877441
6.3146899
3.3859643
3.2624417
6.4914355
10.0464307
0.7404535
2.0157074
4.0546371
3.5309669
3.8331352
3.9788177
16.9700217
1.7947976
1.5915377
4.0155646
1.5316020
4.9659510
4.0786736
0.7166387
3.9450160
1.5316885
7.8247310
1.4601406
13.5353489
4.1986012
2.4669583
3.6689940
2.7750487
3.2109360
2.9226242
3.0633130
4.0850059
2.1338107
8.7049067
1.1268902
10.2739288
3.5131413
159.8130129
7.9445607
3.7254503
7.5062764
3.3157212
9.2133310
13.0037676
119.6214311
150.2476789
1.0529357
168.6191268
15.7193712
16.5287791
153.6265686
4.3071540
156.1411324
1.5545149
22.7140396
3.3089445
9.7737684
2.9046109
5.8557734
10.0410347
173.4528521
1.2332925
6.8828795
7.7654097
9.5568240
7.4797626
4.2103181
12.3584758
2.1857999
3.3490444
3.8923760
18.3391654
4.9198848
2.2225770
3.2869907
11.2913829
8.1180426
10.0656087
10.0049269
13.3810098
21.8189016
6.0536089
6.5978880
6.3782921
8.2924952
14.5107961
5.9998782
5.3074178
1.6551792
2.4808690
2.9292861
7.3407359
6.7014032
8.3062846
2.1877003
5.7186412
5.6520107
5.4759892
5.5969927
8.7326142
3.8942282
1.7557518
6.2463702
2.1887331
2.8218366
3.1230448
5.3748961
5.2366284
7.9401067
4.2052604
7.0114477
7.4854706
4.9783149
5.6877162
2.4660444
6.4379003
7.4882341
4.1014385
2.9847431
3.6013396
2.8648477
7.9735632
3.8989574
2.0199588
1.9924453
2.3917362
2.6589324
1.8972039
4.0447970
3.0975902
11.8530255
6.1618271
4.9764553
5.2415196
3.7163713
7.4150338
6.4701526
9.2758632
2.3907028
2.7852864
8.0128945
2.2239303
3.8498018
2.8074673
0.7510440
0.6868323
6.1206858
3.1918707
0.8856717
0.9246341
2.1095293
5.4415070
3.5334944
1.6303438
3.3105278
1.9825963
7.0227279
4.9526640
6.6630554
6.0009197
4.6867958
1.4441354
2.1799379
2.5631193
3.5153127
4.1358019
5.1987276
0.3882872
3.3512348
4.7214380
1.3213803
3.8857241
3.5775894
5.3896225
0.7851529
1.9865698
10.4499816
11.3549290
2.5870461
1.3775129
1.5281177
14.3543741
3.0997131
0.7865728
2.1494856
1.4825466
4.0050663
3.5845610
1.8469086
3.4608913
1.5941330
1.5707275
1.0986418
0.4813933
0.3320876
2.1944967
0.4940757
5.2211635
0.3533800
0.6609060
1.2439953
1.2151164
2.2852595
4.8781836
1.6469112
2.1087944
1.2074450
10.5133416
5.7490321
2.1541054
2.1521731
0.7899858
2.1232919
2.0621141
3.0228889
2.2070270
3.7029715
4.6358768
3.9947602
3.7565790
1.8356771
3.3461297
0.5027415
2.1278380
0.9204379
0.8889356
0.8981284
1.8387888
1.4783878
1.3671893
1.3130060
3.0187780
2.0397586
3.0203499
4.0354914
1.5251233
3.9886443
2.4590320
3.1243994
5.1235954
3.4571408
7.0940593
10.2897056
1.6033906
5.3368943
4.9749171
1.3954400
3.7025717
5.3049583
3.4071819
5.3163742
2.0021389
3.4708900
2.6923616
1.8015516
4.2888209
2.3638881
10.3201001
5.5454168
2.9348711
1.8108801
3.4463494
7.4424411
1.6142062
1.5286486
4.5682819
4.7392060
4.1249949
4.1163433
2.2643761
2.7517526
4.3259645
1.0891894
1.3750881
2.3951510
3.7616149
10.6348046
1.4937123
2.4267101
0.8035354
2.4339881
4.3080955
2.7144095
2.9186766
3.3273914
2.7150915
2.4110475
4.4224149
3.4552132
0.4299686
2.5113151
2.6996112
2.6073086
4.5939879
2.8489253
2.4565059
3.5512322
3.2996745
3.4306766
1.3362317
3.5372633
4.6076133
2.3297601
4.0156389
1.7488983
3.6783377
1.1156830
3.0658643
3.7208554
4.5674394
4.6423262
1.6035097
6.8493703
2.7015842
6.2940200
5.4329211
4.1346799
5.2194959
1.1489500
1.7733403
5.1282764
6.7483016
5.1958608
8.0822633
3.8287213
5.1091522
3.4416794
3.6032984
5.0885190
1.9470722
6.7337474
5.3596581
6.4989724
2.6725333
5.6616010
5.8814323
3.2447785
13.3999524
2.1444718
11.0585492
9.0103255
4.7556364
8.2394272
10.4885611
10.0562367
7.1693058
6.5965284
4.8325566
5.8697899
6.3882207
0.4884090
7.3592227
7.3788120
1.6378714
4.9346092
14.0196882
1.4862872
4.7510318
2.2976107
4.0029990
7.5998006
7.8272086
2.1595867
5.1871130
7.1142237
4.9673034
5.3229521
7.7627923
9.8841738
4.5929398
2.9061125
3.4801773
4.6264252
6.3415225
9.5445419
12.7865184
6.0069138
6.8018370
6.4417131
10.4751181
8.2786974
16.4896020
13.9533216
11.2031832
4.7390117
8.1238963
3.1326700
12.7284771
4.0551537
9.6375062
13.8207553
19.3914435
4.7772543
9.9672999
6.7966846
7.4521888
8.5168795
0.5727731
8.0897937
3.9241174
6.8441334
8.3694932
4.8034769
22.6517940
6.6093314
24.9726011
4.6558352
5.8644885
6.7319495
9.5284961
14.7379590
4.1353938
8.5600016
3.5671493
2.8274348
0.9024468
6.2113562
3.9145199
2.0670511
5.5587418
6.1663690
13.1528349
3.8494848
16.4954209
8.3098115
15.2498891
3.5490674
2.1244664
4.0481585
3.4525910
7.8478731
19.7495657
10.8832268
17.0099986
13.8264020
18.5582746
22.2239967
0.8470589
29.1375110
22.4425436
3.1062986
3.7057508
19.6766158
177.8404222
8.6382291
5.4585384
7.7895499
8.6358130
5.9059164
2.2863632
4.1350134
3.2385357
2.2534234
20.5856724
3.8850243
4.8228965
5.9575860
5.5556983
4.6487111
11.3765582
5.6238906
26.6098707
24.4664637
3.4169120
9.6680953
4.5075895
2.7502903
3.1084277
3.5351382
4.2484058
3.2761638
7.9397979
2.7556912
2.0201012
2.1848793
7.6648807
10.9239582
1.3665778
2.5267435
5.3128596
13.3267442
6.0588646
29.1790724
18.7480462
25.6338433
95.3058766
123.6672508
2.3275073
5.1123093
142.3411700
9.8598332
7.3429750
6.5455820
10.5791604
8.4687525
1.9704973
13.1813455
7.5149382
3.4337238
11.7993556
6.9048736
7.3343274
14.0401981
8.0921445
5.3288662
5.8326604
7.7991432
19.6734707
2.6160856
7.6910293
3.5335382
6.5878157
10.9604874
4.9129197
2.1193598
11.6404144
1.9024673
3.6570480
7.2493663
3.1504628
7.0170769
14.9030191
7.5979595
4.4189306
5.8251945
13.9805094
12.9746677
5.1446290
4.9961850
7.3051840
1.5776353
17.5975289
9.2444066
7.0347179
15.4266974
3.0406432
1.4183258
5.5646692
25.4896561
6.3017358
160.5188641
8.5441728
138.8524357
2.2643939
17.9572528
5.3283280
8.3174873
160.6826292
2.8736785
6.9838923
23.9959224
97.8281609
5.1514934
3.4849036
18.6100996
152.3239361
33.3231929
142.4909274
19.6627801
11.6260709
12.8181328
163.3181350
26.9730572
4.4840666
2.4001486
9.2266621
157.6899409
70.7503944
75.0746152
93.3793772
82.1113233
66.4956405
84.8986582
74.7888731
71.9241261
79.6781861
92.1564859
47.8936873
79.4775158
74.5312435
77.7596184
71.3140513
77.5596912
73.9635333
79.9582789
76.8490111
62.4280767
84.5155133
91.3091941
76.9804036
79.1646904
47.4255402
122.4116445
68.5180317
83.2449688
71.6376925
72.9482511
72.6122899
56.1814639
76.5816565
82.7651187
48.3659928
79.5633377
74.9861787
74.1281825
70.6646025
74.9230340
74.8676384
72.7789404
69.8984689
74.8416688
93.7665257
62.7966273
79.9672498
78.4537599
73.4132183
82.1932737
90.1653745
80.3500762
92.7345617
85.4484918
85.0296095
80.3711379
99.5637760
76.7166934
178.5695097
75.7877682
83.1155426
9.7184083
68.8078480
78.6328318
85.1211368
109.9995353
77.6666301
64.3744220
72.0016381
72.2419565
79.0946788
73.4037066
70.0250607
75.8259588
84.2699204
75.6016163
1.5236560
1.9459074
12.3157136
3.2861712
2.8840550
4.0410476
8.1596547
1.7703658
4.5253855
5.7829942
3.8251559
4.2813149
0.5311529
4.8176765
0.9692872
4.2342811
5.6735938
5.0979191
4.3377737
1.5008130
3.7412003
4.7081271
2.3498681
1.5110617
2.7309118
6.2786800
3.8286378
2.7553798
0.9323884
1.9578021
2.6621647
3.8397297
4.0132055
2.6189938
1.3339346
1.7015161
0.6883657
4.8692663
3.1416084
1.2268328
1.1688115
1.8745824
0.6166840
1.3983208
2.0029152
0.9862781
1.9736101
1.6599292
5.3226995
1.0153574
3.1691861
2.0598000
1.4376756
1.7841761
1.6523730
2.5849403
1.6939739
1.5592072
3.1392227
2.0733013
3.2137937
3.4130811
4.4013501
3.4321931
0.4876372
5.0261806
1.9155938
1.8051228
2.5394980
1.8265305
0.9543472
6.0662825
0.6309830
0.6353528
0.9936897
1.9661999
1.2470969
2.9128763
1.0463490
2.2140285
2.2925214
0.4340611
1.2464436
4.8795565
0.4126323
0.8633478
3.1002335
1.3340238
1.8610711
0.7296293
1.8858381
3.3007071
2.2069322
3.5674988
1.7881649
2.2092184
1.4149797
7.7430831
3.3858502
4.4462135
5.2014826
2.5994344
1.7504588
2.5263515
1.9817823
3.7736747
2.6226983
3.2812446
4.5156316
5.9957434
2.9915659
1.1416585
7.3290755
2.9364468
1.5441427
2.0895523
3.3309629
2.0005885
1.3643587
1.5646695
2.0590238
0.7886873
2.7385001
6.2498973
2.0274634
4.5367145
4.3464964
1.7021676
1.6092404
2.3090473
0.4368325
1.6896680
4.1186859
2.5023799
3.6901153
2.7275918
1.6769943
0.7360581
1.5186400
1.9243861
2.1154053
2.9993140
2.0294029
1.2508335
1.9217236
1.6245839
0.9503829
2.1459950
1.6071873
0.2788362
3.2414547
2.2771143
1.1480612
1.6053698
2.1100983
2.4164116
2.0422923
0.9883153
1.9808331
1.5846019
1.8445760
0.9230418
1.9342249
0.6907227
1.0745095
1.9633976
1.3239103
5.8353993
0.6286015
0.8643211
0.8907612
4.1649313
2.6782812
1.5007720
1.4842680
7.0679877
0.1457975
1.9465891
2.4696271
2.8836837
3.0763714
2.1020956
2.9970685
3.2842012
3.0844896
3.5524041
2.9817140
5.1044581
3.1919549
1.9351450
2.8587351
2.0155133
1.1729573
2.3187882
2.4920071
5.3599854
3.4367636
0.9052854
5.0134791
1.9686013
2.7487718
4.1911019
2.2614048
5.3052978
1.0251574
2.5377477
1.0196713
1.5541187
2.7699653
6.3867559
1.1428582
1.7184315
0.5426852
1.4269433
2.2305417
2.6831543
0.4941329
6.0409437
5.1798153
3.1816342
2.0151562
2.2555389
5.7438218
4.0431432
1.2463026
1.5961948
4.7298206
0.3406857
9.1675687
3.6230144
5.0648287
7.7182198
0.5805521
3.4042095
2.7097324
2.7858554
2.9137571
1.8991481
3.6053676
0.6126632
2.1132577
1.5259855
1.9070289
5.2917758
1.5101863
1.1799114
1.3697099
0.5777325
1.0062891
0.8089750
3.7720093
8.3203402
1.3866398
5.3399162
1.4553097
2.0918328
3.8121641
3.7663102
2.4585299
2.3910051
1.8114918
1.3389048
0.6890365
3.2608579
0.8899962
2.3565884
1.3464373
2.3535723
3.5232157
2.3417276
3.2892187
6.4694590
4.7492621
2.5390980
3.3453954
9.6557893
2.5997474
5.9110061
3.9036035
2.1301391
7.2727052
6.0728826
1.8699627
7.3839719
0.5845290
5.7841540
1.8198851
5.9541772
6.1806276
3.3104032
2.3472322
1.8446446
4.7987948
3.4875402
3.7561489
3.8630273
2.3805010
2.8546772
1.4386218
3.5488957
5.2405099
6.3442346
5.6546186
6.0632728
4.9564832
6.2846364
4.2192026
7.1619393
4.5785389
6.4632584
3.2381179
1.5493617
2.1533626
1.1168975
8.4165955
2.2238060
1.7621310
2.1577329
0.9074435
5.1936069
0.5638519
1.3426421
2.0330369
6.2831075
1.5635892
2.6817647
4.7727639
2.8382687
2.8011347
2.1603635
2.4689625
4.4138824
2.3786426
3.1409942
1.3148358
4.4618883
4.4716079
2.0170571
2.1638362
1.8205967
1.5081193
3.6834208
3.4588486
1.5534658
0.5680435
3.2021808
0.3342309
0.9140813
1.5945194
0.9196455
2.3033802
4.3127255
2.1605095
1.5135926
1.5684483
3.6466067
3.7966479
5.0414942
3.4242725
3.3785163
2.6414588
4.3030132
7.3168578
2.4299940
6.0688631
3.2837019
13.1867492
3.3838460
3.3706230
13.4837875
6.7552225
3.4210275
4.5788575
3.8781319
3.7186114
5.2082571
1.3352073
4.1912753
9.5678694
2.1760596
1.4336201
1.9151524
2.6626894
3.4664948
3.9803264
9.5327693
3.8649031
3.1266520
7.7060420
4.0927512
1.8976785
2.0261372
5.3865849
3.0000492
6.9427454
5.2919058
24.9115425
6.1838579
2.7162220
19.9945425
7.7978776
26.3391091
3.7028256
6.3964013
0.8339185
3.7990280
3.5440918
3.4779961
4.8000092
25.0717124
28.7643551
24.9712463
24.4896724
5.1342883
4.5426550
22.5017846
1.6908746
17.9048822
5.4473324
4.2176053
31.8256615
23.6785903
28.1292039
25.4341898
26.1513408
26.5469197
4.5096088
20.3316143
2.2513940
5.9893914
2.6365540
8.7585454
9.9031658
6.6592469
5.1574944
1.7489516
5.4067596
9.0205025
16.4354207
2.2676686
1.3624746
1.2998257
5.0431497
7.0141184
9.6836720
7.8279505
3.0573908
12.0036719
13.8669203
8.7111517
13.2244108
8.3852091
9.9336489
8.5157137
17.0369734
2.9254751
8.1757896
12.5632331
16.5051375
9.8874569
4.1015127
6.2445882
14.8335098
9.2961951
9.3623341
4.3404114
17.8746823
6.5599103
10.2767381
2.9643536
4.8841641
12.2517295
5.2501869
8.9555241
3.5183123
7.1726451
3.2120045
4.4963159
6.4870306
2.7530326
5.6500238
2.4718974
1.4722753
10.9876538
2.7082109
3.3300312
2.0448508
7.1111175
14.2165984
7.1127047
2.4851226
18.9372723
3.9334106
1.8760208
3.3013382
7.6086499
8.3579491
3.3441165
2.3247969
3.5463267
4.2864453
7.4710558
4.6827208
7.7286337
8.3853570
2.8955592
11.2765336
1.3423503
1.6830274
4.3872784
6.5920241
3.1844003
3.5528782
2.1411345
7.3909316
3.6366227
1.5542385
3.8500149
3.6593155
1.3983139
4.5202873
5.2748883
8.1322300
1.7701917
0.7149440
3.7311384
8.0601438
6.2850438
5.9083079
3.8764548
4.0502600
6.8431822
4.6846190
3.7075852
5.6155335
4.1861948
3.9477389
1.6598155
1.7654452
6.0850985
5.3445854
2.8725231
2.5458115
3.7789571
5.6624170
3.0221358
1.9293258
4.0373559
4.6862591
6.3752024
3.6195308
0.8130557
3.4381165
4.8168047
19.4968628
5.0012345
4.8316750
3.5053261
16.6784785
4.1748611
2.4549713
3.2766029
5.1541184
4.3621688
3.6351642
5.1370401
1.6454788
9.5565523
6.2075512
1.1841393
4.9378815
1.8317076
3.0826056
5.8198368
3.2409497
2.4218475
5.5108351
3.7334766
5.1576442
4.6717856
5.8801101
1.8868616
3.5967412
5.6799907
17.4588017
2.2793747
2.6678363
17.8705592
5.2998651
2.9550918
3.4647111
3.4057927
1.6245613
4.2583319
6.2448990
5.2972238
5.0858583
1.2484091
0.9532681
4.9033193
5.7288103
5.4874539
2.5774817
4.5910061
1.8046461
8.1945531
8.0568897
4.5504987
9.4603120
3.1871824
3.6147955
3.3943853
3.8971354
5.8209356
6.2395399
7.8882049
10.5170003
3.1747069
6.3585501
5.3121203
9.8961803
3.1369969
5.2616272
2.3549275
10.0737115
2.8838280
2.6767726
2.5566166
5.5466553
5.7798245
5.6422024
9.7294311
7.2131760
3.6454288
3.1729881
6.9521569
6.4088683
4.6639827
1.1524234
5.8732885
3.3244128
0.9387123
7.8362059
6.1900533
15.4549071
6.0682928
6.9184431
4.8232605
11.4449625
157.6003268
19.1565754
24.9288533
19.9093293
13.8127451
9.6337799
3.9440016
3.1694277
58.5088676
1.5091338
71.6431894
75.7911092
5.8270995
10.3638108
14.7539740
11.0442403
2.6066154
4.1201661
175.2967805
13.0376182
160.9106720
67.8949021
66.8172475
73.1997494
72.1730808
70.0120208
87.9716902
79.4981775
53.8277384
18.4207167
12.0021825
22.3083340
11.9891544
10.5482552
7.2428403
6.0107313
3.8905929
6.1011062
9.7324506
3.8317550
9.7406416
19.2440459
6.2829984
4.6840439
6.8786471
1.8914755
12.9683231
18.7367839
3.3438975
16.0220020
18.1381184
2.8946686
25.0824971
14.1288124
1.4322998
2.2184455
19.3084106
2.3057641
3.2196904
0.5832612
16.7944491
3.8462339
6.4660385
20.0419006
6.8609332
2.3230264
6.8314255
25.5057619
1.7944113
21.5415057
9.4064213
10.7117262
8.8209188
5.2632640
14.2196228
5.4317693
3.6640750
75.5706857
4.1458405
5.1580439
1.7279397
5.2455883
19.5998219
6.2676977
26.1735430
7.5115256
35.7361214
6.6600198
18.7802192
11.3146688
6.0407245
23.6846582
8.3737920
9.6909900
38.3046154
17.9699318
8.3353723
43.7561335
14.3294281
171.5999534
4.0258125
9.1413505
54.4272208
43.5869797
5.2392059
6.5600152
46.2074001
6.6079470
20.8825648
4.1412723
30.8381876
25.5073263
24.9867051
3.7501400
30.9414853
12.9841665
8.3189913
6.5022953
6.2840488
24.5313764
3.2982422
90.7824775
43.9982924
37.0316456
71.3799422
129.3280065
32.1080590
13.0297627
19.6569048
18.0020720
10.5607380
21.8276056
63.6861963
2.6246627
26.7300169
167.0890051
152.1686562
43.0328623
149.7100918
153.1677410
5.9331754
3.9405875
15.0104818
13.0565114
3.4085599
21.9170799
140.3310167
66.5502860
34.8090713
15.9275503
1.8837042
11.4606328
8.2244120
6.3045881
3.5348170
70.5085653
107.3305566
167.6481142
13.5816670
4.7814281
36.7235493
35.6881517
113.4662927
2.5680433
1.9771756
59.1524820
3.8226250
179.9866139
5.2186803
13.1528733
8.2471003
2.1061514
15.1392352
13.3998715
4.3565266
1.7125459
5.7401211
3.2056351
2.8915802
6.5796543
11.8497811
13.5463395
1.4563899
5.9589339
5.5166931
6.6984213
7.3464998
11.5568007
8.3668029
12.0969358
3.1541940
16.7339469
3.4752330
1.4618895
6.0622585
3.6427453
1.3275402
2.8643116
2.0446878
7.2940538
1.7076164
2.2074270
3.9314926
2.1810499
2.2234887
1.9183415
2.4190707
2.4390174
1.3338389
7.4444332
0.9119560
2.2863327
2.3937600
4.7170675
2.4072092
1.7134093
3.1337456
1.0008514
1.6240338
0.7606167
1.2480104
1.8285110
2.2403748
4.3745501
1.6968486
3.3023776
3.1449246
4.6475864
2.0186708
7.0877002
0.8396518
3.8503352
2.2602357
0.7030797
2.7246043
2.4520112
2.1218925
2.7640433
2.5812511
2.0470987
2.6022167
3.1731057
2.7844126
3.5003803
2.2906592
2.6898535
1.7845475
2.4465643
2.5667722
1.7692092
2.4552457
1.1975981
1.8713472
1.7720433
2.7409063
4.1653310
2.6544949
3.3067960
3.4589743
4.2755209
2.1968811
1.5355750
1.8173505
3.0953658
2.8171668
3.5452570
3.1849692
1.8005894
2.0439104
1.9760796
2.2196425
7.6949308
9.8781914
3.6384011
3.4753172
3.2759230
7.0865219
3.5880532
7.9633864
1.2232847
0.9493331
1.8735734
2.1170210
4.8488259
1.4018559
3.4956888
1.2138062
2.2554889
3.0207566
5.4978977
1.0045189
1.9242030
2.5701462
1.7080996
1.6733143
2.6669728
1.5740494
2.6150384
4.1726583
1.2558654
2.2364234
4.2026722
3.5066380
2.5091917
1.9457392
1.0052840
0.7617883
0.7276269
1.9651587
3.8242746
4.4446368
3.4551520
3.7203797
3.1830483
3.0445173
8.3070536
2.1149513
0.9664934
4.3182826
7.7416225
2.5211781
7.9290313
5.8871196
3.9175708
2.9025926
2.3442095
5.5632983
1.5477647
2.2431600
2.0488590
1.1633907
4.8371664
1.3292664
2.7552310
2.3299790
1.4711431
1.3866651
7.6933371
3.4943185
5.9071007
1.4799426
4.0082131
1.9889960
0.7610219
3.7129212
1.8256215
1.0316628
3.6058013
2.6880558
4.1523846
2.3202227
2.1153368
1.7227219
2.8170696
6.1361546
1.4061470
2.1847699
3.1367736
4.7492845
1.9730310
1.9987451
2.7704350
3.7131506
1.0528927
2.4141198
3.1819154
1.2999883
1.6711692
1.3131233
1.3742388
0.8274703
2.6503528
3.3360675
1.8262468
2.1968471
6.3533520
5.0648116
1.5709883
3.1141497
2.5948018
4.7725883
4.0221065
3.6917633
3.3507236
2.0366534
4.2953578
5.4773794
1.8806761
0.7979161
5.2280891
2.1998634
3.3017309
0.9513110
1.4482871
1.3648223
2.3974713
3.4916698
6.5217292
1.3151716
2.8254038
2.9767879
2.0961606
1.8930443
3.2048810
1.8656147
2.5871604
3.0275353
3.0690949
8.8854223
4.5549510
3.1406089
7.1538337
2.2317538
2.7127006
2.0685678
5.5648420
2.4172366
6.5280915
6.7058026
6.8718868
5.2749364
1.3294019
5.3920957
3.4289295
5.4666622
6.1379123
1.3205171
12.6323571
7.1912749
3.8783350
4.7509968
14.9553157
8.8968361
167.7940041
155.5194791
172.1712593
3.4539959
177.7512737
3.0041374
11.4310853
4.1333935
6.3676336
2.2831596
6.9979386
14.9684480
10.4654550
5.6498903
3.8124966
7.1818560
4.0408273
6.6026057
5.9958023
2.1897846
6.1816464
10.8424939
9.0784100
2.3118721
7.8835653
5.3781382
5.1376865
2.0410217
5.2607605
11.8761300
8.9538029
2.7051151
5.1703636
4.6724515
2.8647259
6.2632524
2.8784747
3.8653303
12.7014787
25.8706144
20.6704459
4.8736865
149.8411927
5.0992031
165.3788286
178.6181983
178.5875016
3.9774307
5.0140272
11.3013590
72.0265112
12.1974165
174.3612528
19.7023844
19.2606819
80.9076993
31.6907955
4.0658123
159.6137910
165.0282040
18.3004327
135.6442630
47.9066700
11.4294867
121.2155596
28.8634296
158.0290625
34.2238532
116.1849746
5.8695363
38.8837006
127.6378124
27.2401584
17.9419916
148.6697899
158.7011519
26.1579788
27.2287790
35.1760427
78.6632698
21.9617018
21.7718982
22.4628582
26.0470417
44.3974213
22.6551842
19.9967238
29.1973098
29.8001987
25.5971201
21.5980482
22.8239293
22.2877263
19.4422158
40.1688267
150.7124691
26.9197251
110.8441604
23.1231068
23.7162176
173.0362066
21.1494621
168.6708077
163.7859433
131.2572559
30.5531440
23.6576063
172.8749632
14.6160683
44.8415992
31.5714603
8.0190791
52.4930620
33.6560345
21.5286063
24.5559503
27.9397511
22.1549807
21.0120028
117.2604266
103.8367992
128.3547033
158.8815764
58.7048791
162.2948814
29.0842352
113.5022095
91.5563334
20.0374635
16.6302532
3.5029782
138.4214420
11.4362497
10.6819880
158.1529220
4.5050151
53.0696434
5.6785065
21.4616041
173.6306613
13.3680138
156.3834822
33.8282864
5.4407588
53.6587299
3.1653403
9.4410642
3.1878038
7.6353441
167.0116036
8.0069226
3.2513191
96.7628108
1.5529250
4.0695731
10.6702184
3.4790507
1.4850953
8.8656376
4.8320574
11.1339925
3.7747283
6.6588030
2.4049894
16.6643339
2.3336818
3.7236759
3.6499593
4.0813103
11.6782987
4.0248277
5.8405030
2.4900785
6.5626118
2.5914363
3.4831740
1.9433586
1.7674210
2.6339403
16.1261960
5.9602151
10.4399338
2.1813796
1.0899995
2.0425171
4.9166358
3.9186414
9.0413370
1.8300284
6.6577489
12.6355903
8.3196014
1.6319374
3.6002925
3.6590098
2.1261325
10.3940421
6.8530238
1.9865592
5.9664019
1.5630742
1.2338614
7.9763134
5.2628698
6.7354062
1.7416234
9.9134167
1.2998317
2.8543309
2.7897474
2.2331390
2.5883411
1.9360644
2.2163468
8.7400858
11.5936300
2.7149280
20.6393194
4.0775910
4.2880970
14.1747599
4.7454816
2.4537339
3.4106659
1.7813038
2.8722465
2.4020197
8.1276485
0.6637040
5.7283782
2.4639001
2.1732012
1.3247138
6.6203906
2.3831996
1.7626371
3.0664215
2.0348014
1.9836091
2.8767219
3.0546103
1.6508727
5.2885998
6.0365762
0.4623911
4.9774656
5.3174462
1.4155450
4.2798647
4.2695181
1.7265473
3.5166073
1.3227357
1.7340844
2.6165024
2.6957261
1.7694041
3.6335418
8.6570483
1.3114926
3.9433514
2.1868166
1.7653186
5.6983552
1.3881148
1.5465996
3.1383507
1.1567583
2.0861517
1.5091737
3.3918096
2.1597711
1.7015274
2.9078853
1.5317610
2.6581460
4.7632774
4.1656739
2.1607554
1.9873977
3.2061480
1.9436938
0.9149152
1.8167485
2.3211992
2.4163478
1.7408616
2.4641781
2.5365204
1.2678750
2.3102770
2.7510395
2.5719760
2.0647068
0.6787090
2.2108153
2.9028367
0.8377411
0.5339486
4.4512559
0.9830901
4.6665001
1.9058628
4.8613536
2.3052177
6.0476022
1.6608554
2.1019270
1.5913340
0.9314102
1.3911923
1.8407597
2.5853143
2.8087298
3.1209488
1.6162816
2.0633206
1.4994943
1.5039147
4.5191422
3.1945335
0.9124552
1.9938675
2.1430247
2.2321327
2.9705774
1.3614649
3.3662244
5.7597741
2.0015590
0.6205280
1.7497847
4.5808699
1.5737136
2.5747291
2.8558335
3.0553348
4.2352271
5.2907001
4.4093510
3.9058729
6.7606083
4.2705173
3.4204986
3.0967557
4.5537925
2.5694804
1.0671972
1.0425350
3.8189791
1.4852271
4.1682365
2.3856557
3.1832162
3.2212074
3.2075713
3.1340448
1.6122525
0.7481516
2.9446179
5.6443664
2.3380339
2.5953167
1.8705151
3.9663970
2.1357713
3.5372793
1.9470394
2.6634221
1.8384606
4.7526829
3.0425340
2.7092788
4.8647845
3.2094836
3.3818060
2.1813026
3.7913768
1.0941477
3.4363670
2.1483318
2.1673380
0.8136544
1.9807884
1.9130179
3.8855368
1.9787198
4.0296529
1.9438189
1.0527814
4.0345356
3.6785633
5.4152754
2.1558951
1.2175848
1.8748955
2.9938349
1.4972235
2.7952081
1.8679307
2.9971179
2.7458840
2.1232723
2.4411461
4.3430920
2.6278231
3.2683208
3.6161020
2.9546022
1.8028069
2.8306919
1.4340976
0.7270286
1.0035201
1.6472323
4.1185008
4.2134859
1.5727726
3.3859191
3.1358865
2.3360328
2.3400140
1.1727540
4.7610434
4.0765458
11.3840132
4.9226510
2.5897831
3.2046087
5.4644630
7.5668343
1.7005345
1.3317565
1.9109691
2.2084776
1.7885036
3.7993597
1.3951310
1.7610863
2.6526508
2.5926827
4.7968880
3.3052434
6.5609282
3.4477123
2.4193386
3.8242156
5.2395720
2.9322725
3.3901915
3.6946738
3.4324121
5.9907935
1.7649277
3.2081750
3.0509584
2.4942508
4.4801872
6.0489688
4.2363066
3.7002472
2.4392427
2.2530909
4.2237568
4.8301233
1.3442157
3.2345269
4.9931815
3.3471554
5.9369129
4.7120187
2.9149719
1.4766586
3.5914962
2.7555057
1.8758297
7.1651946
1.2483803
1.5487272
11.3442504
3.6896428
9.8644678
11.7726658
3.0468380
1.3016062
3.6533764
1.9971356
4.7415425
4.8039270
4.3599840
6.3937799
6.4290349
8.5412711
5.1515188
5.3766954
4.3665593
3.1559079
4.4008079
2.3784945
11.7436435
10.2372985
3.4237425
11.4311340
4.7469313
8.0004029
1.8755444
1.2610144
10.7457392
7.8307516
1.6833199
16.4995840
3.8516141
5.2938353
5.2900521
6.3256120
9.9652926
2.6476118
2.3112817
6.3021446
4.7075816
9.1243555
5.0574961
6.6472920
24.5326725
9.9063438
138.6011843
26.6836375
0.9969210
13.3444589
5.7813100
2.4568947
5.8290744
9.7065880
7.8661802
2.0828462
5.0515605
5.7214405
4.4884199
4.2090643
18.8630646
10.7293943
4.5480508
8.1942046
4.7216150
6.5909229
8.2103833
4.7739444
4.2103014
6.0956073
10.4079061
3.4619194
12.2494084
4.6631834
4.5502381
1.5019666
1.5897405
2.4858938
5.2034163
6.0564705
4.1760900
3.0231850
5.6268268
6.3074276
5.0008310
13.7162891
3.7749043
2.7085233
4.4458781
5.5895264
2.7005090
8.0197755
2.3870451
3.8911013
5.4426168
1.2479940
2.9243770
3.6028990
5.5797993
2.2901466
4.0984755
1.3281027
2.5315682
0.6644448
1.1281919
1.3266571
2.8082379
3.3715035
4.0325963
5.3828096
2.0212228
2.7396797
1.3188687
2.4178305
2.9602434
9.3902377
4.6023089
2.6332426
2.3360008
0.9956487
1.4599636
1.7637874
4.8312096
1.4893636
3.2860774
2.3498717
1.6413126
1.8422616
1.3201065
7.3613102
2.1642272
2.5200717
1.3940676
1.7268237
0.5727469
1.4529418
0.6248319
3.7370152
2.3400771
0.6166323
2.1706837
2.3430508
0.8539037
2.5369841
6.4507238
2.2182636
1.2345083
1.1099055
3.1554465
0.9122814
0.7775963
1.2362439
0.7915028
1.4773118
0.4470681
1.6902824
3.0049679
3.2526431
2.7501460
2.8055747
4.5692422
2.0820821
2.7730721
2.1657902
2.3443017
2.1088529
2.8484551
1.4218943
1.6984697
1.3942270
2.1033075
1.9029987
1.3288635
3.9273211
3.0083047
3.1142618
2.3167234
2.9349881
3.0708995
1.6186684
2.8520286
2.3683978
0.5146353
2.4388030
1.0859153
1.9490761
2.3795112
1.6397437
1.4708121
1.4455145
2.3284910
1.9205292
1.7532905
1.5049323
2.8573286
2.9126194
5.1121080
1.8942235
1.4241651
2.1998363
2.8752611
4.0037305
2.3348290
3.3576577
2.2561564
5.1147552
3.0266998
2.9935230
3.2132523
2.0609019
3.8967023
2.8631537
2.6743063
2.3026847
1.2845009
2.6234843
3.2028138
2.2057131
1.4554192
2.3687138
3.0789613
2.0419165
1.7366257
2.0631532
2.1211807
2.0029382
2.3037579
1.5557417
2.3717569
2.8547919
0.4413808
1.6368701
1.3835564
1.3999122
0.8620974
1.8082487
0.3010018
2.8760409
1.0015932
0.6251616
1.1485084
1.2520546
3.0846747
2.2161841
1.0242569
1.8499253
0.9376427
2.0318228
3.2966373
2.3978541
5.4538078
1.1046657
2.0629292
2.2387075
3.4556438
1.7975923
3.3295854
1.7297950
2.2087162
2.7870265
2.4434664
2.0195580
0.5469115
2.6938139
1.3397502
1.3779319
1.1592239
1.0892656
2.1740719
2.7048136
0.9316860
1.7918616
1.9090807
1.2404380
1.7434624
1.4391880
1.2211285
3.5233751
1.5373407
1.2446570
1.2935084
1.9214014
0.8128719
1.7534769
1.2376046
2.0452994
0.9491909
1.6209937
1.6760306
2.0203972
0.8376336
1.0381395
1.7445533
1.0688541
1.1748797
1.2831654
2.8434638
2.2739331
3.0668521
3.0015987
0.9091532
1.7666751
1.1625698
1.5626020
1.1823520
3.5890799
2.3022648
1.1007320
2.2079937
1.4973127
1.3075688
1.5057338
1.0481104
2.1557894
2.2880652
1.9677887
0.7069293
2.2062388
1.3092545
2.2200952
2.1407675
0.9133875
5.8634772
2.1729356
0.3528732
3.3537758
1.9066596
1.7853646
2.1238048
2.5682829
2.0787458
2.1479155
1.9154322
1.1568380
1.1039817
2.2472612
2.2193153
1.0840412
2.6395889
1.7500167
1.4693348
1.4729957
0.6224428
0.3058650
1.2830840
3.1475656
1.4292591
3.7446908
1.7857477
0.8067091
4.6336800
2.6180550
2.8321596
2.4582000
1.3084194
1.5256576
2.6703201
0.5422397
5.7752718
3.0687072
2.1832257
3.3510078
1.0136355
5.2079256
2.2013739
6.6557277
4.2360854
2.8969075
3.1096077
7.4376841
1.5329874
2.0472516
2.3111097
0.9932086
4.5482592
1.5192248
3.3316072
5.6719338
3.5481537
2.0241150
2.8786219
2.5079902
2.5199341
3.3803254
1.5535843
4.9001064
3.3574844
3.3228388
3.3371110
6.4238596
1.1081174
9.3473574
2.2879786
5.3018009
1.7472773
2.3318830
2.3414560
2.1876282
2.3785006
5.3565063
1.2176066
2.9326437
3.3391259
3.0571364
1.8893842
5.0218492
5.5555325
2.7051985
8.3638755
4.5717812
3.1971676
3.5115714
3.6111709
3.6711394
4.1555681
2.1169176
2.3699305
1.4674662
1.1013907
2.9937287
2.7347485
2.3354218
4.3080932
6.2911296
3.4407842
3.0287880
3.1097238
3.1899588
5.1112658
3.1797252
10.8397695
1.3669837
3.9809270
3.6524054
1.7983599
4.4527312
3.7283429
4.7118870
2.8297009
6.8038368
5.9050632
3.5484865
4.0895030
5.6582675
3.5763969
2.9107243
3.3354369
2.0770672
4.0528021
4.4603978
4.7170230
4.5918070
5.8625373
4.1304397
10.7838651
7.5790339
16.0148856
3.4472527
2.0072245
7.1750472
3.9573721
3.5770347
11.0154373
11.8763728
4.8845328
6.9723942
12.5510773
3.3965452
2.9673403
1.5256616
3.9642827
5.9180972
7.0660752
2.1871035
3.4334282
4.7632041
3.1292934
4.6392362
3.9763652
3.2739590
4.4053310
6.3079482
6.3193162
4.4312087
6.2601430
2.5317956
2.7243606
1.9322011
3.2210137
2.1713374
3.6846065
2.6890559
4.1553032
5.1594948
3.0778260
4.4908058
5.8267180
7.0442047
4.0566743
0.7480920
1.8053858
1.3976299
5.2079739
2.9402016
2.0743961
2.1925043
2.6535428
2.0733166
1.2343951
4.7074335
3.7046837
1.6651612
4.7529462
8.7312446
5.7758382
9.3831702
5.6563611
1.7843679
2.1199893
5.2649271
10.3543480
1.6526775
2.9963300
1.5709626
9.1570353
4.4612309
3.6760612
6.0250119
0.6909195
10.3873102
2.7013608
3.3755457
6.0100493
6.1774342
2.5821949
1.3195322
4.9766494
2.9771269
7.0038808
4.6684709
3.7380435
12.7355948
11.9416707
3.0002752
2.8375897
5.7231959
4.7207774
2.7055113
1.0668711
2.1236287
5.0690493
2.7361021
4.7933033
2.3696649
2.8840180
8.8118535
5.7390278
5.6670036
15.6682101
8.2805568
1.7906107
3.6495128
1.2518050
7.2679292
1.7709945
1.8449898
4.9862188
5.4961867
1.8905955
3.2770078
1.6587763
2.8354096
1.7279810
14.5590807
3.6665778
2.1739538
4.5302030
13.7075348
3.1280888
2.7727271
1.3565001
3.8492983
2.0722539
3.1202893
6.9928335
5.1692996
159.7063534
4.8073649
2.5973530
4.9133457
4.3408367
7.2748155
3.1392573
9.5022918
2.9218883
6.7230396
9.4898178
8.1731034
13.0930592
0.6193170
167.2908243
3.6436587
4.1635071
1.4446379
1.5496275
0.9428224
4.7860944
3.0059398
1.5951213
1.2908931
2.0058717
6.0892247
17.2092975
8.5879814
10.5360668
4.2393527
10.9085723
5.6452859
2.4580493
6.2824744
4.1730682
4.4206257
3.8815021
6.1518160
0.6046406
0.8593162
2.9077807
8.4105911
5.1285507
2.2696630
5.9655066
7.8573201
1.8834629
1.6901616
2.1863346
4.8869681
5.0001730
2.9579378
7.1083658
13.2100083
0.9923620
18.5858040
2.7550901
4.1658409
2.6706129
7.4971404
9.0807366
11.0660546
4.3254294
11.6633827
2.9445797
11.2794648
2.8181055
1.6035538
6.3399952
10.4748062
3.6198668
3.1125128
7.7954699
9.6782257
3.1524314
6.7784563
3.9312940
9.9574589
7.0561274
5.0271358
22.8635721
7.0146950
22.3009000
21.4446105
2.9363937
6.8101312
9.1005715
5.2102647
5.7757984
10.7655777
18.4729383
4.9518898
2.8700229
4.8003049
6.7085006
1.7847729
7.2658254
3.0651478
17.9542775
45.7798011
36.6740531
3.4725837
5.0699174
9.2852772
9.6059142
3.4664554
7.3487495
8.4367918
3.2712066
5.8466837
5.3419029
2.9209627
8.0685301
4.3797099
13.8106744
2.1758085
11.4980246
5.7792250
7.6644965
3.7515526
13.5548271
2.1199400
10.3996936
17.5648961
2.9300296
2.6468011
17.8440534
3.1685718
22.5344878
8.5133053
15.4403216
5.2029498
4.8195610
2.1300695
15.4034355
2.8524520
2.9845899
30.3628138
7.9438025
10.0051588
4.4697657
4.0874653
2.7807219
4.0388394
14.3693489
2.1529196
4.2835698
3.9276381
134.0097846
2.5664627
9.7300823
6.9185639
6.6942285
4.6713148
174.9439018
13.0126674
6.4784447
11.2045517
25.7028313
20.6827262
15.0382006
2.9633712
15.0458434
3.0049391
3.7228147
5.9582416
3.2807318
2.4900044
5.8586393
3.1721406
3.1792181
8.2615375
6.6362346
13.5332480
5.8001755
2.3309964
1.5262006
5.8708516
4.1753642
7.5611324
8.8384625
6.6055145
5.9482408
28.2273865
5.1441968
6.6698100
3.6406956
11.8264951
178.4701080
2.8861357
2.6265757
3.1085349
2.9135025
3.1457350
6.9492920
7.6651381
3.6626011
8.4882890
5.3525752
7.6534632
3.4511898
5.9664849
1.3091891
15.7009391
2.2871368
3.1320017
4.2115695
5.2107939
8.6430088
3.1876641
3.8817360
1.0259907
5.3233934
1.2848228
1.8417405
2.6151268
3.2369741
2.8971141
8.8731971
4.3206049
4.1341646
3.2581388
4.8715310
3.8816460
4.7814519
1.9792463
4.7580867
5.6767564
6.2071440
3.1881388
3.3049969
1.7791834
2.4046886
4.7283168
9.7056907
4.5486556
3.1021243
1.7008312
2.5059958
2.7367169
1.2238258
2.4843987
4.2453826
6.4238745
2.8288910
5.5326478
4.6825841
2.6790079
1.4912341
4.0041042
1.1764663
4.2624100
2.4478408
2.6605298
3.7033235
6.0411861
3.6056749
4.7482596
6.3094505
3.5135574
10.7598973
9.2347455
6.2263572
6.8834556
5.2887288
3.0680740
9.1550115
6.7200194
3.1736525
17.2083684
2.7859948
6.8032988
1.7676674
5.3318259
15.1564295
9.4874146
9.9397827
2.8272884
5.5805932
8.2325945
0.4202008
1.6472062
1.9086527
1.9332131
2.5185893
5.2453747
1.4286113
3.5755172
1.9163743
2.4460864
2.6778146
1.3959591
2.8723989
8.1333288
1.2311874
8.2562579
3.1930006
6.2180585
1.5102196
5.4515184
4.4798738
4.6732396
5.3361582
5.1378769
3.1324332
2.0641185
10.7666969
6.7802487
6.8838109
8.4318446
13.7057749
6.8408968
7.0959234
6.2298871
2.1150372
11.8781895
2.6871515
3.6250273
6.5744752
2.7612976
3.8532159
5.8606591
3.7391406
4.4792491
2.2745947
4.2995434
6.2032060
5.0223970
7.1265916
9.4550780
10.5221128
9.6689925
8.4619884
3.4017495
5.1939346
12.2579853
15.9515943
6.5991891
9.1375944
11.7132053
22.2253024
6.4559645
2.7850885
25.2160780
12.9374283
4.4797650
3.1172691
8.6667233
164.8848524
4.5189404
5.7285646
6.1281089
8.2148971
112.2615516
4.3617452
111.8869027
16.1333276
5.9297467
23.8012686
96.1606016
1.3900011
7.1838948
2.6890260
4.0478386
15.7792762
18.6515499
16.1209758
7.1267510
9.8804415
5.3904905
2.9068005
6.7024453
5.6830597
9.3364626
5.0767454
16.3532400
8.1968417
3.5387409
4.3996335
6.2209479
9.3360714
4.0481035
5.1349127
2.0675584
9.8305917
13.7453787
6.0148811
10.2533183
6.4048198
8.8688731
20.2336207
14.3356737
17.2599260
11.8301494
8.1145314
9.2023957
6.3999556
4.8859310
8.1152772
3.8720213
29.9003858
12.3180586
2.6766886
22.5979628
16.9688810
15.5800322
9.0865408
9.3787979
19.6992907
7.5422594
14.8809116
44.8141366
59.6566280
6.3907780
48.1789192
21.7851295
32.1381605
176.1167475
35.7789750
39.7637797
12.8881929
34.3692342
34.7998690
12.9874965
3.8663197
22.5245080
3.6677241
5.5781183
8.1303642
2.6038260
6.0454945
14.8717684
5.6712865
13.1616760
8.8441868
8.9497810
5.2618584
4.5513091
4.1574638
3.2541392
6.9662064
6.2092366
7.7310013
6.7145221
7.7815325
3.3204879
8.5218499
9.3664530
4.3195112
6.2808988
3.2693534
2.4629480
9.2023492
10.0265759
6.8641982
10.5711289
10.0983163
5.9048259
7.6444029
3.5765826
5.4116338
5.2257901
4.8135765
9.6432355
13.6534190
5.5000828
9.8859991
13.5615996
11.3667678
4.6582641
8.3234633
10.7915832
5.0660380
16.6911602
14.2144059
18.7934265
6.8734230
11.7252176
7.6746382
10.4668797
1.5884117
7.9441009
13.2307096
4.9553378
5.5170099
15.9392963
13.3369670
2.6085947
8.9660367
5.1670214
10.3220772
65.9375767
86.0875704
106.5698445
19.0703750
103.7565853
157.0265554
144.5453533
120.1803820
63.4306161
30.8505603
64.1249368
24.9058527
29.2661573
30.3016008
27.4087925
25.8609334
3.5507606
8.2580413
5.1254526
17.8315194
18.5532198
6.3781809
5.7576255
3.9055863
6.0067532
5.8229443
6.1863556
2.2738403
7.2606189
5.6637601
2.8294771
4.1534996
2.6724725
4.6799659
4.4243088
8.2215169
1.2110428
4.4263383
5.2918264
13.2578965
6.0411321
6.5565693
4.8508417
5.2380550
3.5706028
4.1281616
5.3359139
7.8690519
4.5845234
2.9686046
2.9131271
7.8329612
1.4649396
2.4495329
9.1186022
3.7855268
1.8431015
3.4635278
3.5249480
2.9527435
5.6514662
4.0617918
10.8080489
6.7912291
6.8867580
7.4037356
6.5701001
12.3129606
5.9662605
13.2304189
6.8755844
6.0822175
7.2186524
1.4577942
0.8885460
6.3988979
2.7396989
3.5235458
3.3619934
1.0396298
4.6046359
7.4939164
4.9900466
3.3051939
2.6841960
2.1949232
2.6328681
3.5785325
5.2205439
5.8450084
7.2285309
3.8643280
2.2395119
2.8814578
3.5985394
1.4838594
3.6755902
1.9079609
3.2987927
8.0077787
2.7957226
6.1713276
2.6602819
4.4340522
2.9562432
2.6298875
2.7799715
3.0086874
4.4077973
5.4409914
6.4538846
3.5618685
3.1681928
2.5818954
4.4694374
1.8569292
7.0268799
4.8374821
3.1522687
7.2383643
7.6015515
6.0953226
2.1503449
4.3810661
12.4298788
3.7783303
10.5865314
9.1137657
7.5147620
6.0979278
8.9709586
7.9686952
6.5630850
3.9412892
4.6319904
4.1956582
5.0531853
10.2235504
5.0845941
7.1470069
6.9079106
2.5108494
4.2893383
4.2776649
4.5223006
3.3815436
1.9869480
5.5636585
3.5275938
3.9951364
7.7552188
1.5515968
6.6565422
1.7870679
11.9478277
9.4202918
6.9103885
16.0946608
5.9404172
8.1393186
4.6839877
5.9358599
7.8569892
5.3696872
1.1655861
4.0076551
14.0617332
9.1262970
6.0857862
6.4013478
2.2166188
3.9435568
3.4282340
0.7702845
1.0526960
2.9151646
1.7510013
1.9509549
4.0483069
1.1494081
3.3705322
1.0427658
3.2699752
9.4123955
4.1884716
17.0903094
4.7974174
6.1149685
3.7542972
10.0641253
2.3219383
2.5970992
10.2769426
4.8908417
3.3082246
5.7989185
5.1105954
5.1842022
6.2295050
7.1866197
1.8225668
1.3053669
6.2754291
2.7188578
13.0478755
9.4139223
4.3143858
18.8546685
5.2370088
3.5781483
5.6240806
0.8707097
2.7840998
5.3311982
3.2089770
3.0380003
4.9655101
3.8163151
4.8362099
6.2170316
4.3345742
2.4883132
14.0987554
3.7760577
8.1634365
4.9296088
15.7494841
6.8247989
2.7657303
3.6452375
2.7138049
5.1626528
3.7038872
1.3416805
5.2879278
2.0506875
1.9743158
5.5084589
0.4809942
4.5727889
6.2560284
10.6978995
7.1766788
11.1488957
9.7801540
7.3288960
5.9248824
1.3775615
14.9376165
9.7104902
9.8036936
4.2242198
8.3558710
7.1129266
28.3501163
2.8781741
8.5851108
7.7864237
13.3787639
9.4273944
7.6615496
11.3084513
2.8737824
12.8477751
1.7410829
6.3592825
1.5132491
10.0976871
4.1680058
1.7261258
5.6174256
5.5723015
6.4090866
4.5308896
4.4194978
3.4584919
2.6053388
2.2836589
6.8213748
0.6353503
3.6142327
0.7924833
2.3726202
4.6310099
3.9650950
0.9052185
1.7952698
2.5454535
2.1371798
5.6046189
2.0883318
5.6635653
0.7979906
2.7217172
5.1742067
1.5402576
1.4325556
3.5963136
2.7141820
4.2206246
3.1562014
1.7977642
5.1915208
2.0614587
4.2577509
2.6400674
6.2943680
3.8119430
1.6923345
2.7534746
1.9078896
1.6285413
4.6117719
3.2002343
2.6504081
6.8551755
3.1550699
9.9300212
5.1956469
4.2333098
11.2080119
6.6083786
9.7405181
13.5384228
4.6247342
8.8784669
8.2604696
4.4446679
8.3863729
4.3566930
2.8550441
7.7971764
3.9555273
2.5029049
7.7496612
6.7443557
0.8369760
5.1034742
6.1462095
1.2084620
2.2911048
6.3502625
3.9091804
3.0169488
2.5812968
1.5158051
1.2437876
0.8680076
4.8387734
1.7096818
2.2452248
3.1431448
4.1393902
2.4898059
1.1138470
3.9051338
3.1982764
2.0922528
2.1587158
1.0466570
1.6457617
0.9902529
1.0650398
1.6386238
1.5211150
2.2459239
4.1254058
2.4181940
9.3355685
7.6874220
3.5741029
3.0006660
3.6287703
4.3673696
0.5039032
2.5911454
3.3136449
2.8087321
0.9381125
6.2232972
4.3868833
3.6094222
3.3441887
2.4652919
2.2696694
4.6115085
5.3641001
3.2694227
0.9525691
2.4963711
4.5883745
4.8704120
1.0281811
2.6312903
2.3965003
2.0177325
1.4418718
1.8504218
2.1681280
1.8964350
1.7687586
2.3443173
2.1966489
5.7902304
9.9720375
1.9483666
1.0855293
1.9111133
1.6099179
2.9096580
4.8238275
1.3753284
3.2570875
1.3027019
5.9092686
3.0008759
4.1866753
2.0042022
2.3214238
1.6428044
3.1564034
2.8310630
2.2788451
5.1926105
3.3814494
2.3476749
2.8082937
1.1962906
4.6564312
1.2063272
2.6370450
3.0410164
2.0534554
1.9331972
3.3239970
9.0993473
4.7236974
1.8763189
2.2152714
6.5206670
3.6823803
5.3678006
3.1301557
6.9909662
3.9239626
1.5762819
8.5726034
5.1794897
6.6797270
5.0852288
40.1132149
0.7108259
1.5547849
2.5714309
9.5444165
6.4483566
3.3161499
3.0592189
4.2560618
5.1849265
0.8033552
6.1579891
3.4589843
2.3002245
4.3581416
0.7711677
2.0206737
1.7762646
1.8790034
2.1105000
2.2152687
2.7779666
1.6388720
2.4389654
1.9069721
2.2328575
1.5224281
0.7251064
0.9445134
1.5421594
1.9978123
2.2591693
1.0742907
0.8801715
1.8836869
0.7140316
2.1503014
8.1693548
1.5278727
4.1019138
4.4437678
3.2025675
6.4378027
2.7984246
3.7285468
5.4727448
2.0160250
7.4430435
2.9447466
2.1145822
1.7778190
4.0197988
3.6784680
0.9901775
11.7096322
3.4920824
3.9787592
3.6577748
4.6477866
4.1940845
5.0014958
5.4680512
3.5975841
18.3162805
4.2100936
7.7129132
2.4356652
7.1984394
5.4710526
4.5597841
4.7614850
8.8535632
5.9783235
6.2051120
3.2879847
9.5463719
4.9601148
8.6129492
18.4289037
8.2350146
8.7999400
4.9210116
6.3811348
6.9564785
9.0649714
6.9385489
1.1172431
4.1350920
6.1494664
8.6613765
16.1746077
5.9665043
2.4827236
6.0636858
6.7325187
8.1901959
11.2389696
4.0150157
5.2200570
8.5282479
3.0186404
4.6902465
6.9419210
7.7556916
4.5155576
1.5529075
3.6977129
4.8566845
4.7478477
11.7240739
4.0755266
4.6591698
5.8928338
3.4822444
4.8515933
3.5470980
3.4212647
6.9613764
1.9193231
4.4754029
18.1500157
4.5734762
2.4782258
11.5097601
2.7939630
1.3430550
2.8436812
1.7354210
5.2115328
5.6695902
7.0489928
2.6089169
7.5977753
3.0757130
6.1855418
6.2541626
7.7568339
2.6324347
7.7600372
10.3913049
3.3303427
3.8269284
2.2896377
2.4458543
4.6074150
4.5605117
6.0472158
5.9522078
4.2998810
7.3868092
2.4564806
2.8722628
4.7949850
5.0298299
2.6639362
2.5748925
8.0045635
5.4884155
6.2281649
4.2338182
2.4272181
7.4371307
7.9850498
3.1399632
6.3409464
11.8412794
8.9954153
4.1042161
4.2089808
7.7893531
6.0298305
4.3633007
1.8415854
1.9450895
1.1816742
4.8288726
4.0004933
5.2508352
8.7013761
4.8757279
2.2045219
5.5219654
3.8041897
3.9004204
7.3393729
7.2400897
9.8503061
7.4514489
10.0591051
5.8617097
1.1602908
1.4268188
7.9306296
6.5195738
4.8773071
4.1442117
3.7719495
7.2730019
7.2626586
4.3193109
7.5753928
8.9884397
1.9014554
1.9658799
4.8770479
6.5597590
2.9765653
2.6912225
3.6016087
2.1669421
2.4419654
5.9687217
12.8086684
7.9386891
2.4204809
2.9536016
4.1206276
7.6025284
74.4279768
9.0208838
6.9872784
1.3637746
13.2848526
1.3784724
2.4967510
1.8442611
59.2042972
8.4932464
3.7047983
5.3778156
64.4519109
3.3248025
5.8696988
18.5732186
168.3310784
2.2935886
2.7861048
2.8443576
3.5702390
11.6453349
10.2504029
6.0841860
4.2572316
7.2015636
4.4081518
5.4821085
13.7481035
19.2528339
6.0508625
6.0399878
9.5639540
25.0981388
7.8511213
36.6730834
6.7799403
5.5389594
14.3909678
1.4770080
24.9770219
7.0314813
19.3023990
7.3511586
50.2695588
26.9934119
10.0441103
2.3963631
177.6870078
17.8324578
179.2967545
9.7228094
7.0462799
39.9031508
6.4220829
8.9262370
10.0410904
8.1089021
10.1935275
5.4218653
3.4768897
6.9377559
4.1834055
10.6357053
3.4577694
6.1250205
7.7894059
1.5207719
11.3048038
3.8991480
3.5845024
2.8956946
7.1651445
10.0896392
5.5405522
2.1920926
2.1456487
11.6773075
7.4181186
9.7744582
7.8772857
7.0069558
3.7441838
2.1144973
3.5278082
2.3102821
3.7054706
4.0784531
8.3740263
1.6062211
1.6492801
8.6803724
4.0508264
3.5380688
9.2643981
8.4811337
3.3142714
2.4715042
2.2331954
10.4968291
66.8964825
3.5270805
7.0085414
2.0425441
2.0788377
1.5584647
3.2495577
6.6920840
3.9984022
5.6320250
7.7049031
3.5958991
127.9754913
4.6388334
4.3594981
4.5962771
1.3449894
4.4457920
18.3002557
8.0738106
5.6447971
1.8558316
8.8989411
4.8177371
12.6245273
29.0128043
3.4502626
107.1996780
11.7149610
5.0917662
1.1554725
11.9146584
4.9278997
104.4628668
5.3378296
4.9350702
10.2584033
3.0352272
17.3993268
141.5863157
25.2336822
51.2217994
17.6524490
6.1833379
8.1712999
26.5806509
9.3260981
1.8974349
12.8614964
17.3412896
14.3752601
9.8105065
3.7508621
27.6926558
21.1224764
12.9959329
46.7697141
8.6105130
6.2796716
1.0801926
3.9222293
4.0552798
3.6488065
3.6489302
2.7223766
6.0700656
3.3083276
5.4979163
3.0435768
2.1260097
4.8376833
3.5484038
3.4586142
15.6527289
4.3009917
8.0978894
7.1646687
8.7149055
2.9066722
2.5173987
7.8211798
13.5966536
6.0846740
6.8212247
14.9230860
15.3721181
1.2602231
12.5496039
7.7095021
4.1164908
5.9218984
0.9176737
1.7677978
1.5121391
4.4294679
34.6851629
7.5073358
4.9411965
1.1433280
19.3458674
10.5551057
9.2100612
9.8158773
3.8110543
9.5139808
4.6626798
14.2149765
15.9389874
4.4717893
3.9754868
3.9548044
4.4276019
6.6671256
2.1030592
3.5229607
5.5894728
4.4454939
3.4819188
10.8664150
1.5543375
3.4330972
4.1160824
4.2148999
5.0711625
5.9599101
0.9570290
4.4858569
2.5282597
3.7024042
2.9824091
0.9999403
1.9448037
4.3599330
3.1648227
2.4886458
1.5368626
2.9326340
2.4975934
1.2132710
1.1141598
4.5789766
1.9002088
1.8366817
0.3892186
0.6377859
3.7815221
2.3420012
3.5701714
0.7735927
3.7566176
2.6669430
0.9545803
1.3417200
2.9015985
2.6731990
2.5097019
1.8270548
1.3232792
0.5416233
3.6326608
1.5324953
1.5812559
4.0998111
2.1939637
3.1758572
1.7453321
1.8976179
1.5849122
1.5059287
3.0462653
2.1969715
5.7745494
2.2121870
4.5094940
4.0859287
3.1487607
0.9192207
3.1686688
1.6243328
2.0281933
6.1408556
2.0066459
1.1858727
3.8012522
3.1660428
3.7229078
0.4917524
1.8138260
1.3358834
3.1694023
5.5347345
6.8398504
2.8984506
2.4130944
2.4135784
2.0835149
6.4977572
4.1771408
4.0036938
3.1050848
3.6628755
3.2015539
2.5814393
2.8369380
1.4269570
3.1499326
2.6647561
3.9243630
3.1775630
1.4371639
1.9656578
1.9007939
2.3852295
10.5033053
2.7500209
1.1130232
0.9780451
5.9522644
3.5682946
4.9578863
9.8887261
6.2900849
13.3028567
1.8157718
3.0193459
5.1986607
2.8010592
12.4933382
12.9036086
7.0665959
3.0102682
8.9397763
174.0329132
10.4205865
159.2951376
20.1366471
177.1649144
5.9424133
8.4152608
177.0651696
7.7763892
7.5247120
4.3997510
13.2697821
5.2758980
12.7345022
20.1692059
4.8160656
3.3894594
12.4534665
15.1885561
4.4892887
56.2841799
6.8702377
3.4008255
65.1242510
138.9943859
13.3987839
3.5715342
2.5768011
11.5725516
153.1569830
3.5852985
136.6816240
157.8449554
2.4133983
166.1481932
23.8698384
17.6064557
17.4485485
15.4361702
8.4229008
6.3977486
9.3128319
10.9740305
152.4401617
4.2006291
26.9475424
2.4682212
10.0666856
16.0643847
0.9704456
4.5929850
13.5320321
9.2920926
16.9334621
7.0820725
8.3209556
7.4284448
14.8692471
1.0324404
2.2130544
1.0281586
14.6552043
144.7205947
4.2101530
15.8672805
20.0630227
1.8547601
12.8690244
2.7465990
24.6245890
18.1828193
2.3070458
14.0541236
5.9365249
4.4841500
11.2763387
15.8036035
4.0704832
13.3649642
3.1621823
14.0387609
6.1966099
12.4265073
11.8337798
170.3331726
138.4072528
8.1139366
3.9615894
19.5793103
4.0501945
3.2992989
7.1247750
48.8283206
24.2829398
18.4102192
15.5160209
15.0081222
179.9805249
11.9038157
12.7417240
178.6515965
6.1948514
15.4706737
12.1962094
18.1400737
16.0232770
19.1209152
18.9418260
175.2957038
15.4189464
27.1840743
11.8095623
12.6603684
12.4484487
2.3879401
5.6798697
17.0764400
5.0566013
16.1662424
179.8169708
3.9875282
16.8092126
14.1399608
4.7423268
9.5742193
2.2346309
3.8014029
11.4465659
156.5989133
3.9666353
14.9317973
16.2856546
132.2178139
2.2226498
8.8611029
7.8496682
13.9729114
3.0348416
11.9553052
172.3483445
14.1741035
4.9235331
11.7735603
14.7496298
8.6782271
30.0709352
8.1021364
9.0246942
4.9859317
21.2994888
4.1774950
134.6653162
12.0747519
11.8935504
13.8163878
169.5021311
179.1795458
7.6171133
14.1369725
177.2353982
9.9506846
121.4160957
9.0871538
21.2750111
12.4943622
5.8247152
22.8644093
15.6677709
7.1447730
7.3391091
12.7201207
7.0054147
4.3401889
36.2889532
9.5479712
6.8489899
8.2621146
17.4673963
4.7068632
6.7359293
13.0467767
6.3127180
20.6438800
1.5584778
6.8263357
9.0138854
10.6986327
8.2006013
160.6244077
6.3878100
29.9456882
6.4655332
9.0237736
1.3163565
3.3489335
4.1818255
5.4828146
1.1991839
2.2547628
0.6917796
6.6809154
10.9495708
12.9698074
8.4048936
5.2611481
7.0828151
11.9022270
1.9944116
8.5144561
2.8095848
179.1209961
15.2051925
170.8653586
8.0445350
7.0240090
57.1014643
3.3093809
8.6390784
20.5960980
88.2318668
12.3585279
7.6678297
2.3547321
10.4497105
27.7133254
93.0932136
176.8647020
112.5331026
33.0714138
34.9619718
167.3749068
179.1053790
2.2198385
159.9683297
24.5413196
4.0435910
158.2404518
166.3607435
155.9815634
145.9463276
169.3157141
177.7942334
13.1656500
5.8891746
124.3910952
110.3247879
29.5263962
95.8656494
37.9825542
144.5372522
178.3029896
22.1763539
12.4310179
2.8578575
177.3190261
14.4095039
139.1751263
8.8095824
8.8255795
3.2926158
158.0860950
162.0215759
6.3132799
14.9362757
54.5295095
148.0051281
2.9771148
5.3807727
3.6371319
48.6884267
164.6714206
9.8816761
15.5022296
141.2075135
7.2531371
161.7709870
158.5781799
51.7308253
12.7857670
149.7613435
69.0119718
40.5223129
8.0266532
117.1725108
36.7066093
4.5437926
109.9688833
169.6661057
53.2569446
165.4677972
166.8088920
39.2846993
127.5369157
89.7145231
56.7295291
167.6873093
98.6338323
170.4867610
84.1794954
148.9763708
177.6137871
3.0740759
11.0976666
176.4823764
177.5137980
6.8413769
3.4578225
134.5709575
172.4084723
174.8758721
170.1868430
15.8059420
5.4385474
176.2916608
165.2442050
126.9755830
151.5102475
89.2416433
154.7193541
176.7501035
9.0880989
175.8939543
172.8937707
2.4576335
149.0952886
51.3046973
10.1823351
11.0781175
173.3532404
25.3794449
104.6074160
136.7068780
125.8123904
176.8942303
154.3959662
141.8691297
173.1466548
36.1751588
173.7925009
7.4694550
166.8839907
7.7615897
2.0049720
4.6964265
1.5961987
3.2257635
16.5098582
9.0091896
2.1562274
37.7241111
19.0248210
167.0110247
166.9947508
70.1529276
36.5618672
37.4271062
3.0908114
5.5644827
6.3339674
179.4241429
154.9858511
161.7117158
159.3679657
157.7889407
75.8942400
11.4907567
11.2390991
9.7359915
127.6972142
171.1974554
12.0563428
21.5131246
20.0285892
3.5028687
1.5211363
19.5137677
7.3181460
16.3498209
10.5651305
1.6859597
8.5560438
33.2197796
8.4445406
3.3912998
1.7424230
1.5574156
3.5050552
5.0078277
11.9140367
3.3808012
5.3249299
9.4822239
5.1412151
2.3290284
9.1687218
1.7612147
10.3943998
7.9136531
8.0745263
12.0472961
9.7654939
83.1559043
97.9019152
178.4384436
10.2087321
172.8076626
11.0798827
7.9872595
30.7917453
36.8806312
1.5861377
53.6303836
151.7399087
179.2687527
12.0992656
15.3077782
25.1328762
3.9074276
3.7098297
177.5248065
164.3935219
178.6595663
16.2385953
6.5222345
153.0047963
95.8922341
69.5456371
129.9225833
66.9182434
148.7826005
30.2791542
10.2188945
90.7681987
52.2238394
32.3617591
9.2716747
131.2037679
30.8200065
4.4184193
14.0244304
3.8008942
134.6232031
164.6546842
111.2589437
9.0884776
162.7055396
129.3875142
20.6400406
12.2128163
24.6560583
76.9051595
67.6570165
123.0476999
164.1035150
159.4430761
8.4502606
10.2831432
15.2185186
21.5318356
13.8933087
4.3543225
9.7184184
16.9851103
4.4714905
6.5065380
37.3458048
11.7631280
9.6011335
10.0540921
4.9758352
8.9534195
173.7560070
15.3992598
11.6860450
13.3648043
20.9201171
10.3778843
9.7890876
4.4738021
7.5220741
8.4592582
7.8276970
168.8904706
17.2755077
9.3403088
5.8521642
69.7828498
8.4499611
10.9972594
10.9332562
8.9469199
11.8271401
17.8484384
5.7904113
3.7950758
4.1621241
3.5819876
3.4996958
8.3485970
4.4744035
8.1698439
15.2251151
10.0157435
6.7209312
2.4488030
11.5360076
2.2648256
0.7452972
3.2588275
1.3755022
3.0342808
2.1125156
7.5025250
3.0081117
1.7748347
8.1605163
4.9951041
173.5778322
1.1204327
177.8804420
172.0711591
4.6148747
7.3302493
5.3505071
7.1346193
11.4236275
4.6257388
6.7411938
8.1091584
8.8266954
6.3450627
9.5053495
4.8871642
7.1705210
1.8258363
9.7231064
7.3563307
1.6930596
3.7380116
6.2390481
6.6746121
5.2692080
6.1375568
2.0727963
8.1475693
5.5192252
4.3196365
6.2278320
8.7367089
4.5252062
5.2819174
3.1054545
8.8445848
7.7830288
5.1447753
22.4313616
4.2877515
2.3359300
6.1386859
11.7607950
1.0119229
4.9345226
4.5123139
6.8187002
1.1465632
2.5664611
4.6889103
16.7667261
3.9957241
6.3519011
5.4974459
3.3858641
2.6708042
13.8928767
4.1500101
3.5494620
9.1682085
2.7072691
3.2746591
4.7757078
8.4966354
3.9336399
4.9796536
1.2175217
0.8844946
4.7318803
2.5648885
1.5540076
5.5973896
6.8366054
6.4487559
3.3138230
5.2218172
8.6878318
5.9076486
6.3447288
6.1616034
6.3122846
5.7668699
15.4810622
12.6076011
6.2483683
2.0544723
5.2664505
6.2762754
2.3044127
7.3073869
1.5108681
9.3082139
3.9517809
3.5894185
3.8877231
4.2621949
1.7678671
3.5732924
4.7852702
3.5813401
1.7843107
2.5982354
7.3566216
9.9958194
5.1324148
4.5883945
5.8424169
6.6491151
1.9728384
3.1954575
9.3554074
2.7146912
4.6315069
5.8346919
9.3869749
1.7319548
4.5176427
0.4112281
2.5798463
9.5608683
2.6448752
2.4850314
5.9516687
2.0065779
6.7375888
5.2487932
2.6802542
4.7350728
2.1831027
19.3971059
2.5149662
1.8856407
2.9272275
1.9052325
11.3466890
3.1239184
21.0324254
1.1868015
7.4518820
2.5151756
1.2066830
4.2497329
3.8219885
5.2558068
2.5718899
3.1894574
1.9836047
2.9163799
2.3502595
4.0410425
11.3687228
1.2371451
8.4909667
13.6850860
6.4608625
5.5998882
2.2520665
1.9000745
5.1838652
9.1513232
10.2823633
0.8020049
2.0855271
2.0974779
17.8598059
24.5301976
7.7676240
3.7029508
2.1041470
9.2481779
6.8649508
1.0584837
5.3484379
11.7239908
3.5930225
3.2192102
3.4964355
3.3870185
13.7172978
18.6072608
6.1260065
7.8507488
0.7348858
1.5782467
8.2051260
4.9799003
2.0764682
5.3227226
2.6623005
1.3250675
4.1295368
3.7289990
2.6357968
4.7116643
1.7404975
2.6171768
8.8979232
17.1005694
4.6983680
2.0579332
14.5356045
5.2927636
1.0023700
6.8906220
1.3252976
26.9973022
1.0789361
1.2541447
4.2161993
3.0525522
0.5458201
1.0800719
5.9506969
4.7544399
6.1632735
1.6144738
1.3677906
1.5047368
4.3422873
1.9013751
2.2773908
6.2552974
16.9916228
2.0758331
2.8028464
2.5077619
3.2671217
0.8530858
1.3075466
2.0677110
127.9023861
1.1652123
5.4270519
3.4311477
10.6052088
4.7381477
1.0936757
4.8852719
6.2661209
5.5743277
2.4388244
8.4356680
5.0069049
3.9565114
3.2529558
5.9049036
5.6419967
5.6143620
5.3215657
1.6349617
2.9986830
4.2451249
10.5382199
13.4330663
5.3634420
4.4155494
4.4852532
10.6983803
6.4822115
16.5633678
4.1079689
3.0265979
2.5848979
3.7136880
13.8376522
0.7733543
10.6079031
1.7349422
5.7679214
3.8188238
0.9131398
8.5292346
2.8673070
4.1603364
1.3421402
3.9036866
4.6273893
4.8272779
4.9505141
6.8151505
3.3241200
1.4045731
2.3166723
9.2253733
4.4991383
8.3117594
15.1712587
1.5705165
2.8787919
2.4329287
3.7686059
4.8067730
3.1906052
4.1231265
3.3650017
3.1148714
4.7176906
4.0985469
12.7462861
6.4002302
1.4671912
1.3920734
3.0550661
3.8735888
5.2479867
6.1774868
8.6174802
156.3447623
4.3920893
1.6772267
2.2713971
5.8555566
15.2614943
6.1128276
7.0847701
15.0210880
4.6686802
11.0679516
5.9374994
2.5601440
8.6332271
2.8518082
1.4953158
5.1795446
1.7497995
3.0576037
4.9409738
1.8316250
0.8977747
24.1457636
3.7800363
2.5106981
3.9691411
3.9420340
7.8652691
6.3062266
16.8278254
2.3652246
0.5389554
7.5386555
8.0717948
2.8523450
7.2729220
5.1146798
3.6822607
5.3221396
4.7803649
13.4709972
2.2772686
4.4076801
7.6067789
1.3772119
7.0791556
7.9455230
9.1090888
4.1646468
6.3670881
5.1663256
10.5344690
9.4076951
8.8858774
9.4620769
4.0368896
9.8305541
4.0539566
9.4032221
8.0565845
7.9330834
4.1156199
3.5121162
2.9450578
3.4497317
5.8449535
6.2549098
5.6887689
6.8200093
2.9434193
4.7876227
4.1121617
6.0849045
11.5394966
10.2484386
3.2718332
6.1690486
10.1192697
4.5594973
4.5795807
3.3766198
5.0838209
7.7781011
176.6889754
18.4015932
16.2066417
23.6385992
154.2660945
8.5525064
169.5145488
164.0622379
32.0334339
26.4289639
6.1313807
3.8219670
27.1871954
5.5679543
6.1799930
5.6579320
35.7217354
8.2731095
5.3959780
10.9547159
11.4182221
5.0583301
2.0960828
6.8149948
11.8272797
8.2721358
22.8782317
27.9625071
39.7856390
9.3561522
8.5357624
5.3159271
23.3453643
9.0265459
15.5313139
2.0755917
8.0842910
0.9711786
12.4026995
9.8464537
1.0495938
2.2888971
7.5311200
6.3214350
1.2581628
6.8021709
4.5152831
3.6109164
2.6366132
7.2181610
5.8772158
1.7116729
3.1588710
7.5538147
6.0519517
3.1952411
1.7572617
1.0522255
6.4592962
4.2160368
6.9666151
6.6640342
2.9538261
3.5083272
4.0093571
4.0216160
2.3058502
26.5939901
1.3447968
0.7400829
11.4363900
4.1408378
0.3597550
5.9404996
1.0614632
13.9065235
2.8751577
2.1070328
3.1889915
9.1672454
0.6114784
1.7048394
2.5663741
1.2796196
4.5550594
3.8923919
2.0952038
4.5594746
5.2300226
2.7883828
3.8171579
0.9676017
1.2921089
5.2747888
0.7746288
13.6931116
4.4328010
5.9855819
9.1726454
8.3358071
6.5146757
4.6248889
4.7566464
1.2464615
5.5986561
1.2457707
0.3807375
3.2049587
6.7103956
5.2271734
8.8351819
1.6270294
13.7471743
10.4115912
4.5712144
11.1321459
12.8777966
5.0268027
5.5006383
20.7129711
6.5281907
2.5438869
8.3673526
4.5208058
10.4177998
17.5670460
9.5114096
11.8395394
1.8207815
7.2907204
4.9097285
5.6205767
7.0962898
0.9507883
6.2310463
8.5550574
5.3955749
5.7380153
1.1830893
4.6596095
3.6141864
1.6757473
1.9975635
2.8006287
5.8661461
3.3750756
5.8160746
9.2356447
5.9049573
2.5051180
5.6799921
3.5858847
2.1462410
4.7018236
5.4639939
5.5951658
4.0476287
2.9949164
3.6477355
1.9783712
0.5063652
7.9802942
7.8008445
13.1326770
2.8341388
3.1237242
2.5276161
4.2641870
1.4124553
3.0280095
1.4330469
2.5342643
3.0394005
5.8943194
4.6182691
3.1012374
8.1069296
6.7263987
3.1326852
17.0769164
3.6477428
5.3185149
4.2994221
3.0816440
9.4310950
10.5087275
5.3731433
4.0467596
1.4142383
7.4673365
6.3307578
6.6777549
2.9149367
6.0041623
8.8939959
7.7681898
3.8324529
6.5734558
4.3534046
4.6875691
6.5249381
3.1009549
5.2809024
4.0349842
1.9965984
3.6512125
4.2269110
4.5006898
3.7725872
3.7466168
1.7486103
5.1110952
3.5778922
2.5070556
7.4909857
6.0024316
10.1227983
5.3718739
4.1712948
4.9170270
2.6925358
1.4306394
1.7503782
5.5187345
1.3809540
1.9252722
1.8878097
1.6054377
2.0437025
2.0736654
8.1719967
9.2870976
11.8115686
3.3269015
10.4151821
9.3238044
18.4782048
9.8649817
5.4670314
8.5441419
6.1272827
10.5388290
5.5455738
13.5209226
17.8506128
4.4403764
5.5083814
7.5844354
7.2616421
7.7948817
5.7697440
8.4875065
14.4643140
11.7825207
11.8283122
8.2577567
16.1320070
23.2037399
6.5859529
3.4452128
5.6608318
9.8452098
9.0159018
17.0542041
11.9072505
6.6311374
7.3194914
22.7910159
11.7665687
32.7553959
25.8968997
10.7301988
5.9994351
7.5960305
26.7016434
8.0640640
19.9895053
4.9680227
10.4433719
13.2898300
8.9966773
6.6834960
20.1920924
10.6245597
3.5263979
2.8913975
11.5494375
11.6464150
2.6839201
4.7693409
2.8856758
4.6714801
8.3152047
4.9289040
8.4131243
5.5736067
131.3163221
23.4729235
97.4539378
20.0982727
11.6721258
2.3469633
16.2386123
12.9869276
11.8555161
6.6595007
26.3220649
8.0591214
4.1011251
10.8476880
12.9642123
31.8333686
144.6878480
10.6595153
8.6071111
3.6999561
9.1232057
20.6486386
11.1661287
12.1683107
3.1447797
12.4838345
3.5168390
64.9621113
1.8138270
0.4821174
4.5741427
0.7505977
11.4968641
2.9111523
11.0445243
14.3638856
3.3579082
26.2253620
6.0951149
3.4494126
8.9840876
15.8524664
5.4189742
9.6574281
2.3227528
9.6640236
7.1711645
3.3836026
16.1343383
17.8258746
6.7203352
18.7881530
7.6193726
4.0576455
9.5640435
10.5364939
7.0459425
5.3388860
6.2642483
8.6122385
4.0044959
1.3857061
4.5337374
14.4710660
7.8195000
6.9168234
43.3819964
9.4985319
29.0474334
7.2820693
116.8393052
14.6309865
2.4075347
5.0549339
4.4069853
2.5721973
48.7269102
6.9849744
2.7670420
5.7802762
1.2856771
61.2831842
3.0864797
3.6317554
1.1255766
6.3283177
1.3733414
10.6862077
4.9365750
9.9737422
2.9723967
10.8777649
12.8714857
17.6434380
165.4900367
164.5916207
4.1784644
1.7766661
81.0540154
143.8237067
19.4823397
11.8324550
2.4540479
5.6905957
10.9912012
30.0897567
18.5655914
148.9417233
3.5452346
10.2883815
10.7365386
34.0555792
66.7385329
103.4181632
94.3975228
119.1732401
23.6409232
9.0153209
80.7312531
98.7258378
36.2998485
93.4262235
84.6853122
69.0347999
177.2340742
78.3067676
71.4448548
66.5993959
77.4781690
100.7157435
86.1030565
83.1107744
54.6236158
73.9795365
74.9760288
91.4622202
72.8474798
75.2652735
73.6815573
72.3550524
69.9443585
53.8491519
53.4880350
71.8911425
74.2450606
65.9194840
57.6762714
66.2862823
45.1037059
47.1793961
179.1806603
91.8804014
77.4937357
68.7452627
3.1911933
110.2536599
81.7130293
81.5286848
77.4186748
84.5609201
137.2996212
115.9766006
76.2420884
75.7819119
128.8383648
53.5131411
102.6773213
82.2918036
92.7852180
81.8407073
73.4040191
83.6620172
51.0477786
74.4628263
68.1612785
92.5330971
119.3011006
69.8567510
111.8944434
82.4922845
73.6076868
179.8047018
81.0696488
83.3277512
99.6566823
91.7601462
81.0944687
77.5315371
57.2892262
78.9865161
9.8410366
75.0137172
57.8574731
2.3279144
3.1721251
5.9626142
4.9687565
5.4689795
6.6887220
4.4220156
4.1893194
2.5385506
11.5877162
9.4315819
1.2060682
5.6945656
2.8519543
2.4339239
5.7117178
3.9347497
4.3929219
3.8618734
2.5767091
2.1098350
4.4420725
3.2792123
3.2809133
1.8669609
1.1328253
4.0799836
4.3212724
0.9023172
2.8635081
1.9713404
1.2332254
2.4176282
2.5582965
3.5765889
1.3154605
2.1090796
4.6198178
2.4139398
3.4482237
0.4476275
3.2356519
4.0500383
2.4813876
1.5762227
4.6876408
1.7567076
1.0185199
1.7929622
2.5287080
6.1598224
1.0356067
1.3673306
1.4015934
1.6433584
4.3653932
2.0330754
0.8583531
2.3757990
4.3072713
0.6739484
0.9560617
2.5371731
2.2207140
2.6440176
1.6038678
2.2597074
1.1691012
0.8185119
4.4135088
5.4638835
0.9565592
3.2945047
4.4242164
0.6061578
1.2352740
1.6020786
3.8784028
1.2289313
2.1915351
1.7921223
3.4772797
3.3832632
2.5633876
2.2956602
3.4151623
3.1707190
0.8367066
3.8467489
2.2268429
1.7535628
1.1318378
1.1531923
3.8973207
3.5039009
2.5045192
1.1535899
5.8559767
1.3749412
7.3749093
2.5439990
1.8873033
2.8365498
2.0358359
1.9777432
1.0570228
4.3629390
1.9399723
3.2616685
2.5392413
2.0395447
1.6813205
4.1609431
2.3452704
0.7582709
0.8142026
1.0685022
3.6917633
2.0423210
2.4354265
3.2304678
2.4729782
2.5621568
0.8282421
2.0120853
3.2338142
1.7398127
2.0539886
2.6064387
1.7970380
2.1735301
4.5623611
0.8574378
2.0437044
0.3764730
0.4415142
2.7216329
0.8967905
1.4395322
1.7620951
2.9644696
3.6918691
4.1718782
1.3686030
2.9543042
1.0010186
1.8812060
1.7331917
3.6894413
2.4215759
2.5373071
5.0306356
2.5734148
3.8268941
2.1731993
2.0510581
1.4830907
0.5710561
2.6830760
2.4076067
2.4179360
3.9422088
4.5243016
2.7053401
3.4019005
0.8533619
1.6610668
2.4230472
1.3935049
2.3821369
2.5743018
1.0191303
8.0527313
1.3313239
3.1224514
2.9670712
1.1695912
1.0120137
0.9013449
1.4377977
3.9110549
2.6553831
3.0320079
0.8604057
2.3031667
4.3735260
2.7649221
1.6144189
2.2856681
4.4138184
2.9974783
1.1820058
2.1835429
1.1757026
1.2738297
2.5615069
0.9709189
3.1325388
7.9714077
14.8902134
0.4735450
0.7166473
8.9624930
7.2854083
2.0349158
2.8498960
6.2813770
11.0233571
7.3288164
3.2563784
4.8875424
1.8642577
5.2574224
4.6392994
2.8152690
1.0043898
4.9499729
1.9024891
3.5334844
3.3261514
2.1125451
2.0666740
2.0576122
3.0361634
1.9562056
1.4502468
4.0828831
3.6911546
7.1558113
1.9870483
2.6227318
2.4892255
0.8052982
2.6003725
2.4985269
3.3761171
5.2517314
2.2229326
1.8245442
2.7854268
3.5960684
7.5478365
2.8835193
2.8533476
1.3421302
1.3197832
1.3483395
0.9658719
1.6401142
2.0790434
1.7389568
1.3464083
2.6256870
1.3391203
1.0450340
1.6987700
1.4127659
1.6498514
4.9904236
2.2901799
6.4490279
4.8034104
6.1909929
1.4855855
0.5537800
1.4006760
4.8906338
1.3206802
3.1720958
1.6937638
4.0784937
2.6438232
1.0584097
2.2496764
3.7249574
2.2501817
2.7163612
6.3640601
2.2923542
1.5449087
1.2750411
2.2826988
1.6800003
5.3374778
1.0087833
5.3431052
2.4759426
4.5934256
5.6164797
4.3725960
6.0365513
2.5983956
2.9655830
3.2544097
4.2976252
1.1587306
1.9280010
3.6542142
7.2897524
1.5476873
5.2270998
4.0262289
8.4833872
0.9714315
0.8458603
3.1151433
4.5819205
2.2706598
3.8119461
7.7655625
7.7138006
4.7019157
3.0742591
3.2244219
5.3291455
2.5707364
6.7780004
5.5840880
4.3576431
5.4061856
3.0271009
2.8890788
4.2179416
19.0574758
4.3432845
2.0761027
4.3634340
4.4877325
3.4182045
3.7659225
3.1594192
4.4210876
4.7004063
0.8615280
10.0694975
5.1641797
20.9597602
4.1876356
9.9540406
4.5696824
30.9748152
1.9523492
7.8536460
5.3055940
28.3005909
0.5821001
4.8088155
3.3901873
5.6764314
1.8919568
3.6852088
7.1914232
23.0971592
14.1290175
5.7521235
4.6779221
9.8792612
6.8000677
6.7637693
5.9008467
6.9584119
5.6587695
22.9087904
3.8689279
3.9268225
4.3917236
5.0702541
6.9631995
5.1989709
5.2581680
5.7950580
11.5240763
5.5469630
8.8367158
6.2440900
11.5565513
8.4865053
3.4305059
2.8895768
8.2055937
7.9602016
12.6692997
8.7939529
8.4436779
8.6672167
16.3590533
7.6689953
5.2808033
5.7840809
12.0784115
11.1269190
5.4961788
6.6728312
8.0989871
6.5731161
13.0327478
1.7352189
9.9926094
14.7827063
9.4543971
3.1578433
7.4777759
12.6152906
5.8396955
7.5552061
13.1834539
6.1044737
3.5403570
7.2309586
15.1718017
6.2600456
9.9110220
10.7202299
3.4103575
7.6063159
2.6294378
13.4318539
3.4151923
6.1086717
6.4043428
9.5759187
3.7286637
2.4379481
3.3527062
9.2030516
4.2442299
6.7151038
8.3457520
3.9321062
2.2049628
3.7104270
3.2243299
1.6630518
3.9334062
1.8948094
4.1801243
2.2744031
2.5036651
3.4866308
6.5869060
3.5944537
5.6765056
9.9012904
2.2703178
1.3479106
1.0261059
3.9670466
3.4761269
5.7722404
5.7512009
2.5388892
8.7665484
6.0387958
9.1549648
13.0578540
8.4916384
4.0756646
6.3237485
5.3678116
6.7215826
4.3005364
6.6613733
5.0473768
5.7204674
4.6512846
1.1698143
1.1531345
2.1686890
3.9743491
3.1903111
4.8268453
2.7963616
3.9570718
8.6765872
5.9890849
10.5608620
8.1120546
14.0756007
11.4616074
7.3200477
7.7718637
6.1805486
5.8041923
5.0018499
16.4266181
3.8839531
4.5671621
1.7317752
1.9783375
7.2197787
5.0133265
3.6797064
1.4677058
3.1963421
2.4180506
3.5152063
3.3142669
4.4699772
8.7273766
6.1817761
8.3067962
1.5646745
5.6788837
4.9185591
4.2447687
2.4530227
1.2043833
4.0697669
4.0750151
3.9352690
2.8153112
3.3549587
9.9140268
7.7764616
5.2635585
7.5949809
3.2542761
10.0699615
7.3722542
4.5631076
7.1814089
10.7594117
4.4853175
3.3910567
0.9823826
4.3647297
13.4431114
5.0419656
6.5182104
2.1251984
3.2349226
8.3044126
29.5000190
5.0085892
2.2393572
15.4604821
3.2434173
14.4034735
6.7075567
14.6043265
16.9251473
2.0757443
6.6566853
5.0403750
22.9603460
9.3635319
6.9857781
10.5511952
12.6604879
177.0636239
31.5232688
32.6343491
22.5004787
46.4982280
14.8750484
18.4409677
13.2999257
22.3514626
2.3185991
10.5546941
10.6957101
7.6051706
4.4829928
5.9226094
31.9564678
5.5519862
6.9114439
1.0688754
3.7664898
7.3749947
1.2850644
171.1998509
16.5406127
3.4327336
3.6310814
12.1020419
8.9254824
149.3116346
19.9634129
112.2785523
8.5173051
2.7228097
3.5905343
0.8025277
8.4328654
21.4170762
3.9463675
5.1742303
6.7249157
5.7107244
8.8100076
2.8708692
6.1791281
7.4566879
12.3821110
19.8053051
5.2535437
1.4577911
5.6528601
1.2467040
166.1509471
6.2919516
7.3677682
72.7675858
74.3433792
175.9195944
167.7360921
79.3377389
4.1721928
3.2931566
10.1590815
1.7029378
149.3027867
4.2174256
2.3666128
8.0654347
3.7826285
13.0901516
11.7112354
15.9634596
6.6409269
5.5069437
4.4484039
4.7117687
9.1789726
8.1774720
113.9571841
17.9218715
1.7026037
12.0424232
15.9673350
59.5194533
2.4969035
80.8385449
9.7331596
4.8877272
6.0021777
6.6115099
154.1435349
5.7170987
7.8390794
4.9233184
10.3058946
7.7177981
3.6808772
18.5964104
13.1721768
8.4707085
7.0131088
58.2377521
59.6297579
7.7122798
18.3120822
11.1031840
33.8430810
3.2485658
75.4123178
69.1369288
61.1433898
74.6078601
95.0254475
5.8115138
74.8104712
73.9470775
3.7105655
5.0376694
3.5367181
10.9611278
3.5965334
12.0316426
7.6866806
1.5438184
5.8291888
6.7937070
3.0257891
10.8439762
13.5096977
16.8070886
20.3815560
6.0248315
78.6750355
75.9142559
78.0343317
13.6342532
3.2342336
21.7905347
77.4341376
29.7723104
72.0245358
20.1349975
25.8823985
93.0895568
8.4848544
41.9237576
38.1363557
81.9452627
96.7103806
102.7651317
162.5808363
117.3056783
56.8009163
4.3269206
146.3315738
34.0261896
7.5413001
6.6479648
48.4377236
4.6422589
18.7507818
27.8512610
88.4296934
3.0833829
45.6715697
49.6559278
55.6861772
48.3484156
55.6620134
48.0095609
94.2144164
173.6386523
172.3074209
17.4213397
32.2151824
17.5973464
50.4162724
39.6893312
11.1648868
34.6925131
34.9248458
39.1883102
46.3283058
42.8319320
11.1994224
35.8550320
78.5708287
29.2992284
12.4848200
17.2760683
4.9273635
1.3123702
7.4185523
6.6232301
20.5792942
23.1460219
163.6556613
11.2385460
6.4916203
139.7192354
92.2116100
70.5037966
14.6651673
10.2903458
175.9457383
11.5654899
5.6633694
32.6810511
20.6876506
46.0200532
25.0804793
39.0059484
36.8597289
8.0088434
5.3579283
23.5882389
97.0425408
17.4522783
26.2152844
4.0952477
32.0996867
84.7716933
6.5470439
11.8833827
7.6975957
78.8153355
9.5313422
0.9730283
5.0015505
1.6697367
12.4285710
19.5390076
7.0038899
1.5418642
12.8967864
5.7885648
10.2392136
12.8484193
2.2643600
6.8656376
3.4757761
3.8032441
5.9241452
4.1666040
4.0760775
8.4061331
4.9431843
1.3274275
3.2510011
2.9298187
1.8481539
3.8150951
2.0809313
2.6766288
1.9819379
3.8505893
1.3409752
0.9558768
3.1630227
1.1854879
2.2242839
0.8728870
1.4611918
3.4697291
1.7163492
1.5053369
2.1683792
1.2070212
2.0999186
7.9698877
0.8124692
3.9975083
1.3809291
0.8236255
2.6437429
2.2352446
1.3741298
4.1215035
2.1377876
3.2426053
0.8686853
1.7379332
2.4115085
1.1335995
2.1734832
1.2219159
1.8392496
0.9133352
1.1919886
0.5586382
1.6053034
2.1323833
2.7513450
2.6542585
2.6836377
2.1865910
2.2338039
3.0725664
2.5707938
0.9570907
1.9098202
3.0520863
15.1937948
4.1355859
4.4572677
4.9888260
9.6180104
5.1816202
4.0301533
5.9978323
3.4604415
4.3741582
3.1621035
1.8173571
1.5743459
4.3879599
2.7571082
1.3834717
1.8731656
3.7684106
2.5480606
3.3123353
2.6617026
3.4744249
1.5758075
1.3744402
4.6826436
5.0783485
2.8562642
2.3922200
1.3478342
1.1152378
2.1725074
2.5353636
2.0308411
2.7962439
6.4951392
2.4435907
5.5838138
3.3871707
6.4099567
6.3424965
4.8463871
9.1450168
5.3021848
2.9152847
3.1511564
7.5063222
3.3017258
3.9773912
2.1803176
1.5243823
3.0033254
4.1802848
3.9189494
6.8351031
2.4139876
1.7796699
3.3152773
1.6553192
2.6687876
2.2355701
2.3305792
2.9605001
2.5549817
14.1019794
7.1287004
3.6249541
3.6852613
7.7165657
2.7721955
3.2607432
2.7386212
6.5266130
3.0431726
4.0751048
7.8156193
6.5109894
1.6088458
3.1681519
5.8609458
2.5459767
1.7672306
4.9895973
4.7492857
10.8995974
5.0503347
7.0988649
3.4852105
4.3639246
8.4730467
2.5066277
6.1381755
5.7950946
1.7554050
5.4053138
5.7862442
2.9236202
5.5724128
3.4574287
2.6002759
2.9400826
3.6046033
2.6955501
7.4475383
3.3417891
6.0338275
6.5327260
3.8415449
5.2001446
1.6358010
9.9428989
5.4736300
7.9516287
0.9670770
2.6118990
6.0987879
5.1135364
5.8006415
4.3053450
9.9541546
2.7561743
1.5613988
5.0393640
3.1547707
7.8618710
7.5406028
6.1190476
4.6607204
5.9174366
6.5502580
12.9688006
96.6209633
91.9518035
176.7294126
175.5172253
4.7983912
2.1490230
6.1136745
13.3177661
91.0795327
27.5252385
148.3496273
4.2042275
172.0499326
127.5472017
1.7920506
178.5766935
83.3362841
169.0044252
22.7212065
22.7266157
133.8006068
172.1040745
5.1704027
22.3436711
41.0743216
38.1780984
