2.8278814
1.7855836
2.1202493
3.8745851
2.1721456
2.1050435
2.9671207
1.8078500
0.4937687
1.5561818
3.3899977
2.0513310
1.1472529
2.5075536
2.4259753
2.7635869
1.0064006
3.3918930
3.5871649
0.9023517
2.1178036
4.0962348
3.2643380
0.8883105
2.8912753
3.8557862
3.3496341
2.6002969
0.4417103
1.1125699
1.5407238
3.7079506
2.8549369
2.0877882
4.1474859
1.1485740
2.4253947
2.5928810
6.3882209
4.8225353
3.8148021
4.3834089
2.7083593
1.2126806
1.1933506
2.1367223
0.5592271
3.3699962
2.9589247
2.2340636
3.5585455
1.3317114
3.2286238
2.1407676
4.0541956
0.8975932
4.0764859
1.4884440
3.2603662
1.0841007
2.4793268
2.0531682
1.1174296
1.5548923
2.2982104
1.4767553
2.1423550
2.0867174
2.0494298
3.0019566
1.4965830
2.5030479
5.0808911
2.7218975
0.8307117
1.1271984
0.8036059
3.9643364
1.8827649
2.2496387
1.7638610
2.1363429
3.7679439
1.4204271
1.7932369
2.2929825
0.4323911
3.8131178
1.3974736
3.4197349
1.7320181
2.0664422
2.3004884
1.6097179
1.1826755
4.3298259
1.1548090
2.2245789
2.0748552
2.6634021
4.0957881
1.7078281
1.1958034
1.1214667
1.9165843
1.0799563
1.6603693
2.8654072
1.7807904
1.3468900
1.7990634
1.7554207
1.0430004
2.3781818
2.3823233
1.8774097
0.8935213
1.4791758
2.1547829
1.4155003
1.9501790
2.4024852
1.3917158
0.9610105
2.0432788
1.3137919
4.2920926
1.1808349
2.6311386
0.2455998
2.8951072
1.3051329
1.2750922
1.6254562
2.5163825
1.6708029
2.3557862
2.5974838
1.3480090
2.4428984
4.6985116
1.8855008
1.8372666
1.5296550
1.7871275
4.0720653
3.3528399
3.0596588
1.0749865
3.3088467
1.4934559
1.8046926
4.2900916
2.6543445
1.2001809
1.7780678
1.1005983
2.6901596
3.0571858
3.2293844
2.3666665
1.9010694
1.0501893
3.5555731
1.2184124
1.4716617
3.3825540
3.5363577
2.3106038
3.2941634
1.2141517
2.0722356
3.0719480
2.9440130
2.7915945
1.8449477
2.1626955
3.6099385
2.2278268
3.7992710
5.0807208
2.9327352
4.2151125
1.6399566
1.9291045
0.7531544
1.1851788
3.2181036
2.3485144
4.2347457
2.4694625
1.6070829
1.6641741
2.2617188
4.3052191
1.1572483
4.0920088
0.5553895
1.5075295
2.5085998
3.2536092
0.4310682
2.4862768
0.5547325
2.9028086
1.0723802
0.7745697
1.9678846
1.6522716
1.1762974
2.0635351
1.9115007
1.3332949
1.2474434
3.4557911
1.6511724
1.1570430
0.9027229
2.4272443
2.4222823
1.2745675
0.3926497
2.3495861
3.3298954
3.6182503
4.0636458
5.8857742
3.2764023
2.4782323
10.6599184
0.7448774
2.7602923
2.3507347
3.1000597
2.7261972
1.8756260
3.1515630
4.2597179
2.2236508
4.3843116
2.5970217
1.2414965
0.4046123
0.4106699
1.2621530
2.2369419
0.3403686
0.9110397
1.1054206
2.5287182
0.9386866
1.6086998
1.8931641
1.3537699
0.9015777
0.6412166
1.0530217
1.0803616
0.7796489
0.8762368
2.7452473
1.1475227
1.5607377
1.2629213
2.3952176
1.6747664
1.2221871
1.4635563
1.8203247
1.2683367
1.5756783
2.4212616
1.3281426
2.9315355
3.1004575
1.2388028
0.9096011
3.0675694
0.5408111
2.6488005
4.4456714
0.9814658
2.0047936
0.7953496
0.7117798
2.6348147
3.5694565
3.1060234
3.4400387
1.8440803
7.0424163
4.0110002
2.1568502
5.6281785
4.4357320
4.5339348
5.2596242
2.3999346
5.3651140
6.8896068
5.6785334
1.9790650
9.5359164
0.3792516
3.4512183
5.3709575
5.6151915
1.4212074
2.2256444
7.9664632
6.3197853
1.4198231
2.1628689
1.3112764
2.1708046
0.9414099
4.1295512
4.8742534
2.6081424
4.7301032
9.1525190
9.1681560
0.8248340
2.1030225
0.9089485
3.2055016
4.2973622
2.2674194
2.6459794
3.1179764
6.0473932
2.8581487
7.0788931
2.3707264
5.5154767
6.9538222
8.3419988
2.4993588
6.3210882
5.7827365
6.2438840
1.8819095
6.3285576
3.0428557
1.8848931
7.5495869
8.7145559
6.2317923
7.9696123
5.4642531
8.4391046
14.6100587
4.3958565
4.4792848
9.8809915
6.3828694
6.9640733
5.8527513
8.6301192
7.2170970
3.4447815
6.1346861
1.9274020
1.6672212
4.7283154
8.1068330
4.6500982
2.8151677
5.5775784
4.4393533
7.5490730
8.4022367
6.4644140
6.9442901
6.9491477
3.2368805
5.3509068
4.1504109
8.3574891
5.9037060
3.4139351
10.3853032
3.4698255
6.7952539
1.9211559
7.1258889
1.9924129
4.9036345
2.7559933
5.4355174
6.3044976
8.5595601
6.9458266
9.0742459
5.7812711
9.4012908
1.5852734
2.9297280
3.9873319
5.7220937
3.8310322
1.8554758
1.5491498
12.8195283
6.8156386
2.4146681
1.3476857
5.2551992
1.6685928
5.2086473
8.4726294
2.3665968
1.7237025
2.4970660
1.5332681
1.4050150
5.0396239
1.7346646
2.4733911
6.6364595
7.4210973
1.0215893
4.1770456
5.7250155
2.5377182
3.6849627
3.1979335
2.7093191
3.4049893
2.4263326
1.9126175
3.2156406
2.6136480
3.5217658
4.5014143
5.7706305
3.2495101
2.0338844
5.2417327
3.2629783
3.9990983
8.4507527
6.8487928
6.0701168
9.3762023
4.1687268
10.4027649
6.7454853
0.9101311
5.6279884
4.1325997
5.9919736
3.8746009
5.1234850
7.0807875
0.7893738
1.3239693
6.0690614
3.7865337
3.8654523
4.5805390
0.6190487
6.9424944
8.1641430
9.1641601
0.3111102
9.6418626
3.2945681
2.2281071
11.2607646
12.3647373
5.8799060
7.7008085
10.9088446
10.6170928
7.2034746
14.7484187
13.2780309
13.9896270
13.4746200
4.4992113
2.6798576
5.7029763
1.8023246
9.0003435
1.2230997
2.7810071
2.6745294
0.9356730
5.0438123
1.5472896
0.3490674
1.9117565
0.8641152
13.7180311
0.6790284
2.2686268
3.7873848
2.6278333
14.2231196
11.1987316
14.2576383
3.7498597
3.1889691
8.8097897
16.9348151
17.7590662
18.0673244
17.0489928
14.2999976
2.7999182
3.1483948
1.3009946
5.0202301
2.7395550
18.0950524
11.4924240
10.9278113
6.8943324
19.2890310
19.8913153
15.7392357
10.9647327
3.7809301
2.2908190
16.6140127
2.5262206
2.6596459
2.6909379
14.3319317
6.0584560
3.1660606
2.8267214
2.2980674
3.5362678
4.5644381
3.7710557
2.2682589
1.6716080
4.6585486
1.9214458
19.7642348
2.8222432
3.6388953
1.7557153
1.2721931
1.9329172
2.1694829
2.3108431
1.7432597
2.6391335
1.6356235
4.8541169
1.3234152
2.6494237
19.7987541
1.5244445
1.1260498
1.5622781
18.0297938
0.5437004
21.3816979
30.4022938
25.4606483
2.5281645
9.5114267
8.4516903
3.6220512
1.8406591
1.9223158
2.0297889
2.4784237
2.3275583
2.0603599
3.4505697
0.8735597
1.5721869
1.9999365
2.7956805
2.4577494
3.8235965
2.4911465
3.1947038
1.9203547
2.3898975
2.1031917
1.3328045
2.4806059
2.1223227
3.1362316
2.1164248
1.9267613
4.8491122
4.2289895
2.9675484
4.1247538
1.0658979
3.2950913
2.2249458
1.2712770
2.4830418
2.6239784
1.4945306
2.2123480
3.1257037
2.3961131
2.8533442
1.9249910
1.5014938
1.7361947
2.2695961
1.8545001
2.0646038
2.0363552
3.2729149
2.1313412
2.6280555
2.7442784
2.2276420
0.9984624
2.7503968
1.9646222
2.9369330
2.8114676
1.5506636
2.3808278
2.2845935
2.8480523
1.8535405
2.7626929
2.3873870
2.3572906
6.3524408
2.3171200
2.5389644
2.0191168
1.8302057
2.6545411
2.7511623
2.0896455
2.0171048
3.4006458
2.2053996
1.9670950
2.4771291
2.4482531
1.3390978
3.4910505
3.0404306
2.9231707
3.3209498
3.2931604
2.7382082
2.5151928
3.0035648
2.6375912
3.1216745
2.8976291
3.0773937
4.0607555
3.1040417
2.5226452
3.4178651
3.3395303
2.7485073
3.1717878
3.9414751
1.7752609
3.0144219
4.4735171
2.2311456
2.3680325
2.1308740
2.6638139
1.3997811
1.5022215
3.3314635
2.4881306
2.2573112
2.8201054
2.0732817
3.0073022
3.2344577
2.7068752
4.9392137
2.9759085
3.2597982
2.9855766
2.7232886
2.2066319
3.3913652
3.7368547
4.0415036
2.7478738
4.5131230
3.2112357
2.4795720
3.5224927
5.9373578
2.7703138
3.9232420
5.0067674
5.8669123
3.0594848
2.0562412
3.7646881
3.7138246
4.0746146
2.7736731
2.8154082
3.0570515
3.4959768
2.7454728
2.9921142
2.6642226
1.7976661
3.7980169
3.4072033
3.7648942
3.5864515
3.2842160
3.8073509
2.9275298
4.3401326
3.8425440
2.3252831
1.4890748
4.3008970
1.7868362
2.6575197
4.0116501
2.6750941
3.7793946
2.8520146
3.0003520
4.0913308
2.4536172
2.2482048
2.7501309
3.9680501
2.5515212
2.3972514
2.4589512
2.7648423
3.1459885
3.8277515
2.8468244
1.9494086
2.3626165
2.5181173
1.1914616
3.2999988
4.8756828
2.0655664
2.5334370
1.5540607
2.6752659
3.3297831
1.3124095
4.7031269
3.7657319
2.3238106
4.0692468
3.2069815
2.3096184
2.6451479
2.2108200
2.4527984
3.6237633
3.2062489
3.0630337
2.9380828
2.8942036
3.0503505
3.2750201
4.4272795
3.1208882
3.9385044
3.6410684
3.1001604
4.5694204
2.1349072
2.3420688
1.8682485
3.6110415
4.8481906
1.9902226
3.8797247
2.2744517
4.0884938
5.5710763
3.3650499
2.9766311
5.1144915
4.1648990
2.3037095
8.2934554
2.8790837
4.3167750
3.7575873
5.2503341
6.6357020
327.1670083
5.2331385
5.0702387
2.5203589
3.6340300
2.6785217
4.2204373
4.1923409
4.4777530
4.2304841
7.3537075
13.6736450
4.4971267
5.5222698
3.7645792
336.6689906
9.2428206
24.3975519
335.7134537
9.5784318
4.8094851
1.7073293
5.6156486
7.4957818
3.9976054
10.1274391
3.9543932
9.9723079
18.7491357
11.7274313
4.2095897
6.4894636
1.9819435
4.5933334
5.5000400
37.5272347
4.5077875
9.0427865
3.3278323
10.3814664
8.6166335
3.5934742
2.0046568
7.7012024
17.8781893
8.6297013
2.8636150
3.5012035
7.5197632
6.6749802
9.4252828
8.0868379
5.7837059
8.7210497
6.4131293
1.0500177
3.7604401
6.5490658
2.4445082
2.9176217
3.4126621
3.0218358
2.1271309
2.6712440
2.7354259
4.4241178
1.5955327
2.1933983
2.7317009
0.7890854
2.7778453
1.9924051
3.9948324
1.6859604
3.2282903
3.2407046
1.7627811
2.4033059
3.0849986
2.2586975
2.8766705
1.7012383
2.4884333
8.0946446
2.7074440
4.2021247
2.3834856
3.0586959
1.6862968
5.2911584
4.7687336
2.7120427
2.2031979
2.7956262
1.4414246
5.0284132
4.9611593
3.5544362
3.2718663
2.4184597
1.5712132
5.1737996
2.4104633
3.6478618
4.6310935
2.6317393
2.6048582
4.6215755
3.3537078
4.4765646
3.1284158
2.9834260
2.8087559
3.6199019
3.6969339
4.2265777
3.6681745
2.0586150
6.1000270
4.6279543
3.8543366
3.6957848
8.8906556
4.7267462
3.0871471
4.3275250
2.8939650
1.5066797
2.6027050
2.3160637
2.1188489
2.0981384
1.6885235
2.4689869
2.2390870
2.2331604
3.3843036
1.8755154
2.7967576
0.7446476
4.5812794
2.3366644
2.1260946
0.9160390
1.2994425
2.9578987
3.2741031
0.6605154
3.0675216
2.3107216
1.5369743
1.1706252
1.7350233
1.7841925
0.5365623
1.8371846
1.3442245
1.3024110
1.0982872
1.3419801
1.0854858
1.6205225
4.0989803
3.3110012
2.7628927
1.8678650
3.3391312
2.4075962
5.6013838
2.0677875
1.7704372
3.5539888
1.2068092
2.0795570
5.9522842
5.1875343
4.2622349
10.9057126
17.7491805
12.4728607
18.1656719
3.7079517
9.1191051
6.9016803
5.8210183
7.1799553
9.1764172
9.7188417
8.4509994
9.7099721
4.2027035
10.0622367
3.9700089
2.4423266
6.7119559
4.2221900
6.9782597
2.5446307
1.1821675
5.5534078
3.2930359
4.6452691
1.1416792
3.5870377
1.6399768
4.0449052
2.8577439
3.7010728
2.2000520
3.0014502
1.6985969
5.6450372
3.0036721
1.3201771
1.2920276
1.6431227
2.3276416
3.4682826
1.8480769
2.5149927
2.0599680
1.1553388
0.9651295
2.6785614
3.1075281
2.6030953
3.3803758
5.3051758
2.7109465
1.5404496
1.3988135
1.9361912
2.0939310
4.9260289
4.2315758
2.6529986
5.2960146
2.9852257
4.6145205
4.3143778
3.3590984
4.0270425
5.9023200
4.6087289
3.1092159
4.0231812
5.4839286
7.0204096
3.5806381
6.9062891
6.7585809
8.5332445
14.2434036
4.0194167
3.3867347
3.3095592
5.3644136
3.5427190
3.9377096
3.2075260
3.5965703
4.0383705
3.5281226
3.2439247
3.5218311
6.1029009
4.0509773
3.4283952
3.1728674
1.9744537
5.4280519
4.7776775
2.9033128
2.4827426
3.8653018
4.7900186
2.1297225
2.4883823
4.3800437
2.6646229
3.6251645
1.5878920
2.3871862
2.8921489
1.2506287
2.4605459
0.9196565
1.8984513
3.4008364
2.0153709
2.1632847
1.5635482
1.5564125
2.4906324
0.3353420
0.8779243
2.7236881
3.3650284
3.9380908
0.8153235
3.8068084
6.2341476
3.4116338
2.2253002
2.6574348
4.8643041
4.7505063
3.4413342
0.2057064
2.8026508
2.8519613
2.0368800
2.5966056
3.1891699
2.5068502
3.9840280
2.5472133
2.7683296
6.8648827
7.6683253
2.6424541
5.1280070
1.0309139
1.6746689
3.2614796
2.4987595
4.4731380
2.9221809
4.8858880
2.6140005
1.8954031
2.5852652
11.5588821
1.6179526
4.0235543
2.4212968
2.8577137
0.9971720
1.2180742
3.1407589
4.4311389
1.8364859
2.4479610
0.5737277
1.9104208
4.0125615
7.5760332
4.4416120
5.3937578
2.5979578
2.5528083
2.5142834
2.8217776
8.3235690
4.8186832
1.9753107
1.6867529
3.0651746
4.2235391
4.8177024
1.5381240
5.9734790
7.0283300
3.7549885
7.6452559
1.9460671
2.3628695
6.7080566
6.4081551
6.6584381
6.6804390
3.6580270
4.7828168
1.0510376
5.3680042
4.8688435
6.7495709
2.5443370
3.7301066
1.5148956
5.5291921
5.3550682
4.6260649
4.5858403
3.7491008
4.2111425
1.1872832
1.1274027
4.2740571
11.6262067
1.5499681
10.0138527
3.1522151
12.3224931
6.8200706
2.7600422
4.9748412
7.6614118
9.3843046
4.1173303
4.2370133
5.5387022
5.4160818
5.9374974
4.8923458
3.9502303
3.6017982
2.6499487
2.7673396
3.1467873
4.4842759
1.6454913
1.5236982
1.3413618
2.3754311
0.3685638
5.2599615
3.2044738
2.3519574
1.6041784
0.4960941
1.4941378
2.2249251
2.0491920
4.6702352
3.3801071
2.1701394
6.9650836
2.4216889
7.0493444
1.3881099
1.0749110
2.6216295
2.6193340
8.2609758
1.2895070
7.1485774
2.4634447
4.0308216
2.9489885
2.4060831
1.9487530
1.9943586
2.3384316
1.8361858
0.7481392
3.0458187
0.7166985
1.4874919
2.2197564
1.4515203
2.9824901
2.6425028
1.3531876
1.1239885
1.6528410
1.8371095
0.6736282
1.0777892
4.8884869
1.1871033
4.1912784
0.5333047
1.8912127
0.6455296
2.0387495
2.7795780
0.9294744
1.8427238
2.2258309
1.8353952
0.5080712
1.3240620
1.0215606
0.6337898
0.9313063
1.9356094
2.7210665
0.7593388
1.8778063
4.0114210
0.8477968
0.9611919
0.6501906
1.8620479
1.1765341
3.2754255
0.8649180
3.7145351
1.4927420
2.1939068
2.0307783
0.9025440
1.3342490
2.6804929
2.2799583
3.1645179
6.0023751
1.8348898
2.0458867
3.0807887
2.7088670
4.9333254
3.6726129
0.7834565
0.8984109
3.9343220
1.2759461
1.4809912
3.2108022
2.1614046
3.5240808
4.9171218
2.1383349
0.4741274
1.1487197
2.9904860
1.6850644
0.6510392
0.9848296
1.6109697
0.7095197
2.2723602
1.4332330
4.0736170
0.7050351
2.0301995
0.8640925
1.5533060
2.3355999
1.7653744
1.6321345
3.4981715
2.3946045
2.0699543
2.8638080
1.5965436
3.5260630
3.9023807
2.4867487
0.7435102
0.7055785
1.3949723
2.4143969
0.8195372
2.7838901
2.5719791
2.9343458
2.5707139
3.9378930
1.6153545
1.3806773
2.7507270
1.0993981
1.8674853
2.2181577
2.9975605
1.8070785
2.2871516
1.9473965
4.9295883
4.7512068
2.0119226
2.0351396
3.0022560
1.2178446
2.6735629
2.2258771
2.5285480
1.6412910
1.1416283
1.1549823
1.3716393
1.7115152
2.4036632
4.4818972
2.8577792
3.4179660
2.6998104
2.6481423
2.5851421
4.9011165
2.2786209
4.0042562
5.7636275
2.5401111
4.0406506
3.5396394
2.8374370
4.1485116
4.9227820
2.8607401
3.7763650
1.3645034
1.7694636
2.1576845
1.5654166
2.3653406
2.2317536
4.0271340
2.0041721
4.5990586
2.0715611
1.0243797
2.5107924
0.2409366
1.1284429
5.0079008
3.5984743
0.4983925
1.3502396
5.7856204
2.1408178
1.4754138
2.8894052
2.4898563
2.4203385
1.2368939
2.1649413
1.0586264
1.9272134
0.7053100
0.3216730
0.6987499
2.7201410
1.6353916
0.6154985
2.8997422
2.8548656
3.6112488
1.0328886
3.9298045
1.7913902
0.8984065
1.7653877
2.2664497
1.7060856
1.8508392
1.7560958
3.0830505
2.6454666
1.4361803
3.3636733
0.9097497
1.7178107
1.5533259
1.4411087
3.8734587
0.7143399
1.7711084
2.0252330
2.7292996
1.2750349
5.2576778
3.0522807
2.2378722
0.7180365
2.4753754
8.8666032
6.5609356
1.3759341
2.6383920
2.0994129
1.0377257
2.4719048
2.5333393
2.0875044
1.9573536
4.6671234
2.2113551
1.5895029
4.8735194
4.9876342
3.7096752
1.4079208
2.6022294
1.2689575
2.1600253
2.9930828
4.4631088
2.2951535
1.3180923
1.5827967
3.1018462
1.3416942
1.6407523
1.5816818
3.9400412
1.9557234
1.4144340
1.1146091
1.3712565
1.7470131
4.3354589
3.8916810
2.1341359
6.1971833
0.9792970
1.1770316
1.3319295
4.9029656
4.0922982
2.7960409
0.6575611
2.2336167
2.9039222
3.4213372
0.7604779
4.5864571
2.3926528
1.9167628
1.2124911
2.5340356
0.8080965
1.3486437
2.5493327
0.6699395
2.4944229
0.6261497
1.7550386
3.1839904
1.1756148
1.6728807
1.9967595
1.1750862
1.4730219
1.8417560
1.1857576
2.1315537
1.1547920
1.4514387
4.4198583
1.5219482
1.8069157
2.3097181
2.1704300
0.7065561
2.3656538
0.5152987
1.4294817
1.8678363
2.7307570
6.0910034
2.4815088
2.2002710
1.1307409
1.4579455
2.6956484
1.3776879
1.2567092
1.4735855
1.4601959
2.2652552
1.5222267
2.5911713
0.5636947
2.1758691
2.0812030
1.4024923
2.5575379
3.4720095
3.5247839
0.4972125
1.6551172
1.9398017
1.2230007
2.9689945
4.9889297
1.4419828
1.9705880
1.3506290
3.2147418
1.8862502
3.3137318
4.2758344
4.0421971
0.8401435
2.2063214
2.6832801
0.8802728
2.1330223
0.8997337
1.3356860
1.4494970
0.6619239
3.5388111
1.9994130
1.0405450
2.4297743
1.0701013
3.0934375
0.5041995
2.2303882
1.0889207
1.2697687
1.0543031
3.4203145
1.0836288
2.7265138
1.6192588
2.0516751
1.7665097
0.9929522
3.2798737
1.2224933
2.7124284
1.9273330
0.6772149
3.0725710
1.6251326
1.2651797
0.1951595
1.6967803
1.5372488
2.0621719
7.0603104
1.6843584
1.3804067
1.1805542
1.2171920
1.0668807
0.3275069
2.2306810
7.0956865
5.8234223
1.6685072
0.9641674
2.6718876
1.1725946
2.4868467
1.4761562
1.1845753
1.5426375
2.6423992
0.9295908
0.7207628
2.3129513
5.9923403
0.6245373
2.2560307
2.3579783
9.0430021
1.2215784
1.3870320
0.4351148
2.3056906
1.5748850
0.3386549
0.9282462
7.2534073
7.3761246
5.6906219
2.6052721
1.1862912
3.0339677
0.7067644
1.6272054
0.5973502
0.6872706
1.5997018
1.2400875
10.8535648
0.7204353
1.4311909
2.7297025
5.7680593
1.7024642
2.5965329
2.8555320
1.0386371
1.6249971
2.0485447
0.9767677
0.5229477
2.4218843
3.5664029
0.7364711
4.2767527
4.5480113
0.7014757
4.1764859
5.3252031
0.9779627
1.7717342
2.3703977
1.2414940
9.2496602
1.4783608
3.9345109
1.6379558
3.0993962
3.3420324
1.2357106
2.7136970
3.2726409
2.7062111
3.1053919
6.8640514
1.9621515
1.2716010
3.7564127
4.1809832
3.5338040
5.0837343
3.2537773
5.0788282
2.8349733
3.9334088
5.1951830
3.0084652
5.6513964
2.1907831
3.9553050
5.2923092
3.4992687
2.1693300
6.2884765
1.3985710
1.2070914
6.0663510
6.1628111
3.6219018
4.2450595
9.4587854
6.0912054
2.0356541
3.4599719
2.6857550
1.2689289
1.8977317
2.6332996
11.3379967
1.6254939
7.2232696
5.3554901
2.4313087
1.0660642
0.3172116
4.0510113
4.2671404
2.7164365
5.5242160
3.7794987
5.0150808
2.3076719
2.8650719
5.5820493
18.6253786
5.6172848
5.1046998
4.5977599
2.3846957
2.8023092
1.5134335
4.6458034
4.4813044
4.3159759
3.3707270
5.1918555
5.0998191
3.0595889
1.5238116
4.9218341
2.2823958
4.7979032
3.5398563
3.3387723
6.4006221
3.1061228
4.0435578
2.4110736
1.5994625
5.3774093
4.9609922
1.5554097
1.8270738
3.0044898
4.6087553
2.3753651
2.3165673
1.2767786
2.6990822
3.7916940
6.2375651
3.2185080
3.1130046
1.5058655
3.2261592
4.1736715
2.1309231
4.4171040
3.9585913
4.2437063
3.9791498
3.1090407
2.6257348
2.9031247
1.9799370
3.9973562
2.6103491
2.2290135
3.8323045
2.8772409
2.9099839
2.0864676
1.5417589
1.6779313
1.3187441
1.4114125
1.5118946
2.5090070
2.9060149
4.1119819
1.8932166
8.7842051
3.1123753
4.3745591
2.5667042
5.5838347
1.0290789
6.3732042
5.1861092
3.5253637
3.3280151
2.3611124
2.3894533
4.7901916
1.4761886
2.2900111
9.5309068
2.8144107
2.1507453
2.5192771
3.0127399
2.9794069
10.1594407
3.5050358
3.3833811
0.5685243
1.9183111
4.4031350
5.9395994
2.0723217
3.5019836
2.1501882
2.1317460
1.5453101
1.5533441
2.8219609
2.5401800
1.3146894
0.7147383
2.8405753
5.7245663
5.1055716
2.2317175
5.7689178
2.5457477
1.9707168
1.6714748
0.6873264
3.5249001
3.6576915
1.4745278
1.8739705
4.9494478
0.4847436
1.2487638
1.2229296
1.3994811
4.3083595
1.8947942
10.9460117
0.6946332
3.4326514
0.7894737
0.9465244
2.0142342
7.1691120
0.6291777
0.8809276
2.2409576
3.3127858
1.1845046
16.6065481
1.6419366
1.8790141
4.9987255
2.0373378
1.4013396
3.6781609
3.4778999
22.5384308
10.4164241
2.5927653
2.5850198
3.5044545
10.5154049
3.0623861
1.4824224
14.1236402
33.6550222
3.6331253
2.6855140
31.5366220
2.8853830
5.8587315
121.2576901
4.1568212
5.6449898
4.0151902
4.6078047
0.9933711
5.1549406
6.9761108
3.2376606
1.7045480
7.7497016
9.5860798
2.6101698
4.4411568
4.9627592
1.5031908
2.1515059
2.6938298
3.6047566
4.1712604
1.2421498
5.4177342
1.6160587
1.5362749
2.9976538
5.1868514
1.5544560
2.1139851
1.5584975
2.9763576
6.6265725
1.5900836
1.6159298
4.5849464
4.3086787
2.9710163
2.4165945
2.6105402
2.4823697
4.1172103
2.8564579
0.8350591
3.2772894
6.2368251
1.3174875
0.5647081
3.2964112
1.6910934
3.5268953
1.9061741
1.7731527
3.0490210
1.1499002
2.0294084
1.4569790
3.1525144
1.4081168
2.1614123
1.7858135
4.4360789
3.2804942
2.7515040
2.4320514
3.1318074
2.0029462
1.3314640
2.2409019
3.3119588
1.4118288
3.9812412
3.3079717
1.9845846
0.6933187
2.8681386
1.6231236
2.0524809
2.1904313
3.5318327
2.5894112
2.9227648
1.9857650
5.0657422
4.8160325
28.3305340
2.8658792
42.0392535
3.0233218
3.3044725
3.3542964
2.5555117
2.5726128
4.4332866
2.9466622
5.4724834
3.5434178
3.1481758
2.3121447
2.6248847
2.4991284
6.3183601
1.7575063
2.1203344
2.7437073
3.2843303
0.8854884
2.5630817
2.1512596
1.0780054
2.6596453
16.8493156
1.3646531
7.8348603
8.0691470
1.2880749
1.0587845
1.9142066
5.1117936
4.4431183
3.5435277
2.0132525
4.0701470
3.4827352
3.4038640
6.8128218
4.2701955
1.8160803
16.4008624
4.1584613
3.9096734
3.6142789
1.1693278
1.1229229
1.9641508
2.0938874
1.8521013
2.3438337
4.0024935
1.5822417
4.8474872
2.0829936
3.2227437
3.1482245
3.8275936
4.1276732
3.2817741
4.0061704
2.8772031
3.4032131
8.5852227
14.6145053
14.0677708
7.8482677
2.8907339
4.1219365
4.0581141
5.4665698
50.3877634
3.8647056
1.8952100
3.5363030
6.9633463
33.4404065
28.6048605
19.9141147
10.9567307
15.1098607
11.3213549
14.6171052
4.6312160
2.3542102
46.4127359
11.0406945
2.4169096
8.4066955
5.2499127
5.0978791
1.9697879
5.1609822
1.6706260
2.5933232
55.7509315
3.9733914
5.5815877
3.4726502
2.2874346
1.7109317
3.2969346
1.6961155
1.9357299
2.9161698
6.2934564
3.6839768
5.0053754
2.4570791
5.8013289
3.2569836
4.3091656
4.0973261
7.7617072
6.1775378
7.1973148
9.2182888
4.5191227
20.6254606
5.1868820
6.1819526
16.6476667
3.1962854
2.3146024
2.7602776
1.6260005
3.1162902
2.7245655
3.5618021
1.6318984
3.1514578
3.0203241
1.7583729
9.5825039
1.9905968
5.2001863
3.5144962
3.4350224
1.4222959
1.6794405
3.3784277
3.6830923
1.6171908
2.8177989
2.0987818
2.3436517
2.2286227
5.3121081
4.0088604
1.3122190
3.4178950
2.7537992
3.9266590
4.3416263
1.5630579
4.6101456
5.6898137
7.3517793
4.5878680
3.4235170
2.4348642
2.3892001
5.9435423
3.3846856
3.3909615
2.1112991
1.9249833
6.3850252
2.1477161
3.3872134
2.1476429
2.8116867
4.1508371
2.9915870
2.2151990
2.9469111
2.0262046
2.6607857
2.7640763
1.8559002
1.8234818
0.8528616
2.5970506
1.7930592
3.1261069
3.1184316
3.7451192
2.6460759
2.6371458
3.8879576
4.0626589
4.9014154
5.1749702
4.6931769
1.2386921
4.1842127
2.7492719
2.1041705
2.1671192
3.7413521
2.8616273
2.7855088
2.7701365
2.9633705
4.0915403
3.3530613
3.2738654
2.3869654
3.3564085
3.9706599
3.9218724
3.2068150
4.5643037
4.9466347
4.7965901
5.0624689
3.3993833
4.5621043
5.3327896
4.6335262
5.5288970
4.6572605
4.4321356
4.9398295
4.2631319
3.8973959
6.4293732
4.3088564
4.9217764
3.8212631
4.9070232
3.3622788
5.1032512
2.3808565
3.0217059
5.0003171
3.6830222
4.0037556
2.9515018
4.1315457
5.5841479
3.9186299
4.4947611
3.2919148
4.4815368
5.7518566
3.8853048
2.7542888
3.7308977
4.2282094
3.2013922
2.9162292
2.8657485
3.0939466
3.6126332
2.4050485
2.6158230
2.9894505
3.9852335
1.8073132
3.5235135
2.5981828
1.4462989
1.7185218
3.1319452
2.6228755
2.7734637
1.4881235
1.4066863
2.0510857
2.4215105
1.9004307
4.6287136
0.5312464
3.4630106
3.0094743
1.9369789
1.1779775
2.1437095
1.2235538
2.6539673
4.3409712
4.8362643
0.8745316
2.2591599
1.3758716
2.2861796
0.9161386
2.0565158
0.9139345
3.3567083
3.3135488
1.9752408
1.9195696
1.0995659
0.2981153
1.4649456
0.9624362
5.5343204
2.0503567
1.3077439
2.3244290
0.7761807
0.6063865
0.8206092
2.3406773
3.1056817
3.5778838
6.2489008
3.1383627
0.8715768
0.8615118
2.3074870
2.8290656
10.8587112
1.3915869
2.8164824
1.4871995
1.6422962
1.7960146
1.2224059
2.4002138
1.5542655
0.8649087
1.6097966
1.4741113
0.8054863
1.0194297
0.7069660
1.0429830
1.2737784
0.9284699
1.8554593
1.3089524
0.9918450
0.4723572
1.1908693
3.5281727
1.3112474
0.3881382
1.6119702
0.8550021
1.8073055
1.1915969
0.8637373
1.1560266
1.4419562
1.0357538
0.4745125
1.4997198
1.0809943
1.1313827
1.2976805
1.2358947
1.5320459
0.9681045
2.0787901
1.7270720
0.8252057
1.3805069
0.7289570
1.4267539
1.8174934
1.0756689
1.1736140
1.8018681
1.9743679
1.6250492
1.2980963
1.5242378
2.3545160
1.6752970
2.7607266
1.0397869
0.6738480
1.1701259
1.7821996
1.7874399
1.6906711
3.7482831
0.9168458
0.5857551
1.2908255
1.5066704
2.3951110
1.9569452
0.4725821
0.8998307
1.8471598
0.9836567
1.1854633
1.2739126
1.2204754
0.7595276
1.3840401
1.8650815
1.2500526
1.5240569
1.7419134
0.7005106
1.1610824
0.5806094
1.6914258
0.8925144
1.7465023
1.6500373
0.8068098
0.9128198
1.4425111
1.8884201
2.7141107
4.1308913
1.7898500
1.3980444
1.5984502
1.6879007
2.2783764
3.2065427
2.2300471
1.6779197
3.2883226
2.1163647
1.5136484
2.5662611
2.5953749
2.8818507
2.6706384
1.9967964
2.3770436
2.6479696
2.3405679
2.8652406
2.5562721
2.2179619
2.2500022
1.8607436
2.4869119
2.8407495
2.4268110
2.7034601
2.6303141
2.8528415
1.6593391
1.9876819
1.9256389
1.3027060
2.3796813
3.0600337
2.2184667
2.5943819
2.8574790
3.4839842
1.0385581
3.1545767
3.9983203
1.6735285
2.7762376
4.9556109
2.7731567
2.1571660
1.7400446
3.2201755
0.5733703
3.7453562
1.9142070
1.6989382
2.2417228
1.2067840
1.0789940
1.0300816
1.2097828
1.1570814
2.1107028
1.4277429
0.6233793
1.2104498
0.4553219
1.5690583
0.6213162
1.1371202
1.4680745
2.2991238
0.3340649
1.4925292
0.9117867
0.9501289
3.8621848
2.2083210
1.3299576
6.0154381
1.0736738
1.0639762
1.6577531
1.4441121
0.6959140
5.4020082
3.1056142
1.3752365
1.5324744
3.8461468
0.8763401
2.6397532
3.7298640
2.7944434
4.5362304
5.9250268
3.4417118
5.7011663
4.2167877
1.7630791
1.4510720
0.8299428
3.7830848
3.2120008
3.2546074
2.7001176
2.6943288
2.9036784
3.2556122
2.6994072
3.1635519
2.5385993
5.8169976
2.1048349
2.2574127
2.1611085
1.8474149
2.2691220
1.3243129
6.9463446
1.8820131
3.7623345
2.9560138
5.4110268
4.5845252
3.4698731
2.4576280
6.2157151
1.5407030
2.8323759
3.7761917
2.9452754
4.1570297
3.8314684
8.3604369
6.8137100
2.5303874
2.3739054
1.1149889
2.6857050
5.1780450
4.2705683
2.5009824
8.1908059
10.0652671
6.1939098
2.1284604
4.5549313
2.2418948
2.7152094
3.4545912
8.9271535
2.4804205
9.9148602
2.4418774
5.4339345
4.1048924
6.8977770
7.5390856
6.6653622
7.5221992
3.4526807
6.5352682
4.6369172
7.8347608
10.5226699
9.9548725
2.4210283
14.1042850
9.8095648
4.8219867
5.1432958
4.7702824
5.9425892
7.1357096
2.1068734
1.5821769
12.3611610
1.8345316
6.9761602
9.1391317
10.5381580
9.1978582
3.1473472
2.6066602
1.9184935
7.8055880
2.5146123
8.2103444
14.0417688
1.3810696
1.8115504
2.9943463
7.1179735
9.5064617
9.0137451
2.9776256
4.9411086
7.6250789
4.5681005
3.3067830
6.8718520
13.1140418
2.8496971
1.5724659
4.1356655
8.2142793
10.4390325
3.8991095
8.3085144
4.6816348
4.2582562
2.5990061
2.6916677
11.1345918
2.1752286
8.7495444
5.1321629
14.2857497
0.6665915
7.5436975
2.4476618
4.2444017
5.1705100
4.5769303
6.2583833
7.2941651
6.2802407
7.5683549
7.0360336
8.8594686
3.5023027
2.2825895
11.2712301
0.2095590
4.5126454
5.0508001
1.7161488
4.7765390
4.6705766
5.5100668
0.9791901
3.4565053
3.2005949
4.6085465
3.5565279
3.8306262
0.8999424
1.6015834
2.3787171
2.1862725
3.0588886
4.9477942
2.6722901
3.3817536
1.6741677
1.5311002
2.9089454
2.5411303
3.5771918
4.7570717
3.2519025
3.2104059
1.5451735
6.1002324
0.4678252
5.4911073
7.0570476
2.6392506
1.6412429
2.0251716
5.1262700
3.2275191
3.0530423
7.1532866
1.9147011
2.5257805
6.7891392
3.3389627
10.5734447
9.2171627
1.6475374
1.3581353
2.9335529
1.4936950
4.0685941
1.0912213
2.2303280
3.1156664
2.2910586
1.3340294
0.6601826
6.6038803
0.6282785
1.3141837
9.3164066
3.7573769
1.9311058
2.9517173
5.6087389
1.8886063
1.4720917
1.5826716
2.3530358
6.3083374
2.8128589
0.9996842
1.2517166
1.4710098
4.1767246
2.2093388
11.8415889
9.3493162
7.8506406
4.4110905
1.5174837
2.1484715
4.6706238
6.5659967
6.0690266
5.5485329
6.6807761
5.2433164
3.8254699
5.0522964
4.1021907
9.1495923
6.7686137
7.0757124
7.3239024
2.9475512
2.4228729
7.8334842
9.3062810
5.5109929
7.9916436
7.8511102
2.0668288
1.6258894
6.1612456
3.4217552
9.9074439
6.6462459
1.3053671
3.9138094
2.4398332
3.0391780
4.5974201
4.6704702
6.1412797
4.8602038
6.2299073
8.3342346
6.5385240
2.7908186
3.4648445
5.9392436
2.8505870
3.8106538
8.0004449
5.6180479
8.1106292
0.8343767
4.6217726
4.0634665
5.4435340
6.5402868
2.8571799
3.8401048
7.4455148
5.5180798
7.7365054
6.5644873
5.1071497
8.0841279
5.6702449
8.1488840
5.3911047
1.4440585
7.3126492
5.6320504
2.0534484
1.9114911
2.1787697
4.2082857
3.3182228
3.5558699
2.5757268
3.1619066
0.8476747
4.3696630
0.5355324
1.1869919
3.8581242
2.6294161
4.7708728
4.2556034
4.3490550
3.2483156
3.3613242
4.7429475
2.9159038
5.5851583
4.8920220
5.3875657
2.1763681
5.2118715
2.6831077
6.0365826
3.9801337
6.5547341
3.6928832
6.4857005
3.0876444
3.9708543
2.9409311
2.6480729
3.6693144
3.8696090
5.7664866
2.9584425
3.6505712
3.2541731
3.2658249
3.6104266
2.9076386
2.8532309
4.4515365
2.4488026
2.6083173
1.8777805
7.6289436
4.3365074
3.9024965
4.7011262
5.0482807
4.4716911
1.9677414
2.7602879
4.2644297
2.5486223
1.8464263
4.7381485
2.5509435
1.7614259
3.0475618
4.1813730
4.0697177
3.1560237
4.3274436
5.2891012
6.1720112
9.4587616
5.6656342
3.6828649
5.3245803
5.3856318
3.4239801
3.7485426
2.5855919
2.6492713
4.2352169
3.6356732
5.5527789
3.4311361
3.0482879
2.7126526
2.7461361
4.7589210
4.9667394
3.7000186
9.6399684
4.4911853
5.8911467
2.4011080
3.4407368
2.0500240
3.4079678
6.9172046
2.7910138
4.0536553
3.7113816
2.4967436
4.2978439
3.9337006
2.8148176
3.4289979
3.2054912
3.7782643
3.2087314
2.8958233
3.9357536
3.9992370
1.8020874
2.7239032
3.3157952
3.6285666
4.1352610
5.7462403
2.4190238
3.2465686
4.3903681
2.9008704
3.2177624
3.6259320
4.1470341
2.6568702
2.3331636
3.1850115
2.8825708
2.4184829
3.0437642
1.9059417
2.3700178
3.1133062
3.1366432
2.7676028
3.9447425
3.3964431
3.1820501
3.8277042
3.7566699
3.7366095
2.1345898
3.6725564
1.2935113
3.4243497
2.9270367
3.1964912
3.2821961
4.5020049
3.6592809
4.8938493
5.0587803
5.7630333
6.6174199
6.1908743
4.3834015
5.5704901
5.2174449
7.3241215
7.2191990
5.2862759
4.9743222
4.3155977
7.8337735
3.7719565
3.1004044
3.8684020
3.4174831
3.7638930
4.3497453
6.3113978
10.4994033
4.7293906
4.8857294
4.5441258
4.8634196
2.4283899
3.6561889
4.3570267
4.2099966
3.9266244
4.7398838
7.3329471
2.9566552
2.9412782
4.6474975
2.3931010
2.7400121
2.9161479
3.4053064
2.9922823
2.7348780
3.9786060
3.7923124
4.2495179
3.0982182
3.0567270
3.0605325
2.0522422
2.8051665
4.8216259
4.7929352
4.4354233
4.8900862
4.0783565
3.1707787
2.2385452
3.1490397
2.4551448
3.3130439
1.5640203
2.6174548
4.5715011
4.1227280
2.8560177
1.8313774
0.9448691
2.3144747
2.6022434
2.5926822
2.9779008
2.1079319
0.9777680
1.7109861
2.3763395
3.3035091
1.6956303
2.7387116
0.8330654
3.7821749
3.8480125
0.9900792
0.7732424
1.0729923
3.1810533
1.0822756
1.5555945
1.4586812
3.4195712
1.2443709
1.4081600
3.9996582
3.2558502
2.4319804
3.2344267
0.6870091
2.4964862
3.0849699
2.4704807
2.0576556
3.8480431
2.2393082
3.4334961
1.4527949
3.1774552
2.6236681
1.8355733
4.0201555
2.1224723
1.7242065
1.6302746
1.8634008
3.5698390
2.4510301
2.3717045
3.6402972
3.0681316
1.9389152
2.1686494
2.5700431
1.5576425
1.0163008
2.0129666
1.2298081
3.6035283
3.5665432
4.4949451
2.9296663
1.5077445
1.6156903
2.4510832
2.1063651
2.4365195
1.8014996
3.2978593
2.0084450
1.4401043
3.1120703
3.4323698
5.6541951
2.2119468
6.0229977
3.8438820
4.1972241
3.7078141
3.1734779
4.7697956
1.8231111
4.1982443
4.3509568
2.6795967
4.6174292
2.4872745
3.6052795
3.2602764
7.0289700
2.7949376
5.8780917
4.3913108
7.0444467
2.2728555
2.8931406
4.3177914
3.4776930
3.3782334
2.6092024
3.3989725
3.1340373
3.3241516
2.5938328
3.9572768
3.5724804
5.2245325
3.0583959
2.5902967
3.2644004
4.1693600
4.6864547
3.7817907
2.2785288
3.8124922
5.6238822
4.5790435
4.7133794
3.9284277
