2.3947968
2.7104273
1.7980860
4.5194341
1.1331916
2.8436445
2.6683954
1.3498179
1.0889552
1.2605916
5.2268571
3.3223916
1.1072963
2.3667578
2.6875384
3.3205061
2.5159720
6.4397363
9.5489446
3.6783606
4.3432880
3.7572692
5.4435910
3.0339860
4.8348999
6.0511560
7.0522692
3.7221210
6.0335396
1.2258513
1.4558653
3.2579368
2.2787172
1.1206257
4.7927302
2.7236332
4.8140063
3.7433151
7.7996376
5.0868569
8.5120240
3.2751525
3.2632248
2.4366346
4.7970082
2.5173673
1.9276440
2.7101132
2.0137338
2.7520307
2.9449259
2.3172482
0.4778185
1.8589791
4.2733500
6.1656879
3.5292840
8.1823107
2.4764482
2.4649659
5.4599851
5.3898571
1.3176265
6.1333460
6.4401056
2.0414910
3.4835749
0.6946234
2.4268278
0.9507630
1.9304971
2.3405666
2.3029797
1.9859623
1.6853607
0.9405852
5.5440297
1.7658164
1.1209230
0.2078552
0.8354561
5.8745491
3.2135607
0.4339341
2.5124972
2.2440379
3.0776361
2.2409271
2.6007061
4.8474574
3.1922811
1.5664217
2.7692539
0.2725365
3.0727713
1.1364484
1.2295332
0.5249185
4.3817414
3.1623663
0.8826070
1.6455990
4.1538299
1.0315057
1.5675085
1.2620414
3.2852750
3.7157703
0.9944894
2.0988660
0.7039983
1.1080759
2.2866504
2.3611609
2.4064655
2.3615345
1.3308748
1.3559692
4.2009181
0.8148673
1.5063992
0.6455831
1.8121082
0.8223902
0.9744077
3.6295355
3.2464127
1.3232875
2.3362657
1.5044467
5.7731027
2.2834686
1.0218499
4.8579577
1.4383913
2.6237379
2.7321272
6.0621650
3.8850852
4.4538751
1.6437865
4.7877388
1.6104328
2.6423640
0.6932665
1.2645453
3.0137313
1.2478920
0.8058180
0.5668773
0.7805339
2.1368293
2.0865761
1.6235037
1.1680624
2.0745786
1.2491055
1.4778344
1.8212017
2.0481935
3.6970307
4.1078074
0.9677253
1.6312844
0.9125334
1.2608102
2.1384561
2.6890123
4.7299260
2.7216330
1.0719211
3.5132903
0.9276057
1.6987792
1.4634337
1.0566477
1.5962918
1.1249019
1.2459975
1.7584153
2.3909505
0.5459789
1.6264049
0.5834857
1.8150993
1.1086045
0.4469356
1.2240485
0.9134273
0.6871889
1.3786731
0.6436036
2.1269942
0.7481369
0.7902799
1.1264772
0.9276537
1.0472044
1.5730902
1.0362956
0.7787352
1.2980609
1.7805776
1.0005328
2.0318933
2.2099005
0.7704804
0.7854051
1.3792695
1.8554065
1.5124734
4.1784588
2.0293655
2.0462735
3.1176291
2.5197384
1.3237906
2.5744640
0.6440242
3.2602489
0.8841024
2.6409135
1.9591850
1.2923944
2.7377094
1.3987887
0.7802402
1.9917005
0.8894783
1.2286238
1.2162053
2.1132678
1.5040512
2.5108666
2.5308524
2.2335160
2.7888919
4.5829414
1.6982682
2.8199457
2.8834680
2.6232136
2.2933841
1.4697840
2.4179577
2.0937694
1.4164886
1.5891927
3.1313341
0.9476336
0.7401118
0.9004980
2.3301457
0.7919712
1.1049378
3.7924951
0.7612213
1.7650430
2.0151488
1.6949169
2.6441653
2.4411381
2.4972815
0.8194856
2.0353194
1.1236605
2.7084955
2.6198164
2.0663185
2.9895027
0.8495735
4.5697646
1.8232281
6.3054432
4.9994784
0.8668458
0.7328337
3.2523495
1.3960809
1.4705066
1.9080692
0.3047784
1.8927514
4.4530466
3.5242578
2.4454005
1.5912182
1.4341119
4.1081172
1.2184304
1.9346057
1.5121119
3.2899797
2.5594855
1.5603846
3.4399975
2.0802774
4.3840092
0.6816624
0.7314873
2.3101378
1.8711995
3.6002883
1.7932844
2.2880586
1.3566765
3.7332733
1.3312310
2.9316677
1.2473248
2.7756226
0.8590716
0.2909417
3.2374317
2.6620610
1.2109350
2.5579718
2.7602790
1.6127069
5.6470110
3.3563398
2.1865312
1.3955476
2.0528060
1.5362438
4.1348852
4.0647555
2.5035701
4.5386864
1.6216312
4.2596587
2.3973271
6.1130258
1.2962772
2.2064959
2.2007228
1.9018016
4.1042351
2.5591666
2.9454161
1.6189638
0.8118752
3.4847271
0.9150789
1.8684529
2.4308466
1.5636754
3.5103091
5.6127149
4.4877381
4.5758705
5.5649304
2.4668178
1.6673941
1.9671553
3.5015994
5.8379736
3.0056673
1.6745202
5.6115558
0.8390280
0.7204037
1.0408448
1.9241296
4.0370713
3.4293411
2.6912118
1.6079109
1.9889820
2.4281533
5.0824544
3.5276953
0.8037650
0.2730516
0.7788411
1.7887938
4.0621605
3.0278714
4.5276786
3.0372218
6.5882211
1.5874614
8.9367580
2.4389722
4.7408124
1.4590533
4.7679756
4.7312086
2.8540002
2.9637645
1.8607216
4.5241851
5.2253854
1.6034638
5.4182654
1.0365521
1.7446151
2.8597215
3.3361213
0.6039512
1.6809616
4.2239020
0.8051005
8.2442064
8.8632900
1.6453281
2.9702710
3.9257758
3.0238664
1.6430579
2.4847616
5.1998227
3.8311131
0.9024046
1.8131349
1.8009314
1.6254500
2.7777730
4.2328187
6.7417325
3.9329246
0.8933890
3.8238825
2.4909417
1.5818085
1.3395512
1.7750285
3.9783638
2.8700406
1.9488330
11.5330516
2.8118517
2.3208549
1.3845852
1.7291916
2.4236384
3.5809861
4.9810651
2.7880113
9.4427736
3.4297107
1.6341761
2.0663972
2.6875502
1.6389972
3.1478417
2.1095137
1.3065131
3.4256279
2.5430039
1.6305024
2.7645069
5.0735185
1.9358727
2.1280781
1.5527731
2.8565316
2.0920652
3.1091255
2.2087685
2.2844756
3.0140744
4.3563277
2.5593164
13.1321755
1.2603814
1.3355872
2.6048354
2.3713972
3.1176956
2.5034093
3.3033542
1.6486129
2.9567636
3.1320067
3.6810422
5.2471251
1.5854960
1.0262940
2.0286578
3.4225684
2.0922314
3.9650030
2.0895037
3.3037572
7.2292512
4.6871812
2.4227136
2.0183394
1.4797309
4.5642204
1.1319788
2.0366564
2.4019362
4.9981901
3.9385655
2.6929521
2.8920536
6.0688766
1.8341049
4.1234334
1.0929869
3.4364581
4.5708232
4.1644890
1.1961037
2.1589937
2.1946199
2.3826822
1.0443198
0.8802646
4.5372294
4.4662095
1.5494998
0.9233085
3.0810159
4.2654391
2.9828003
1.4002028
3.1245868
1.5292308
1.6315036
1.9626502
18.3859817
2.9360884
3.0193231
2.5964628
7.6572752
4.7009930
4.4794013
6.5551172
3.0366069
2.4192167
2.8826817
1.7249245
1.5233539
2.8395368
1.1600099
2.1890723
3.5328059
5.5833519
1.0620644
2.3244160
1.8848001
1.3903522
2.6876086
4.2452123
1.6671817
2.2684465
2.4195877
5.7764907
6.1082103
6.1870535
1.1381779
1.4647347
2.0459662
2.0373896
1.2101089
3.2653917
2.0890453
4.1600323
1.3193332
1.8100487
1.9600330
5.5393019
1.4805591
5.2528923
3.6235946
2.4026430
2.3461188
1.5928346
3.0508845
5.2858394
3.2745911
1.0248974
3.1895053
2.2615255
0.9072223
1.3089633
2.2483623
2.3467176
1.5762927
4.9218707
1.9800748
1.8698725
2.8659495
2.0032476
7.6978497
1.3225005
1.5312725
1.9272503
2.8953946
7.1799435
3.9117580
3.5192542
3.5444502
1.8169321
4.4171019
1.9268739
2.3274845
3.0807318
2.8318803
2.1438471
2.0884196
1.4308647
2.7725787
6.2075548
1.6507646
1.6588951
4.6171221
2.6511536
2.2693044
0.7704902
1.5796012
2.5750227
2.4269938
2.5895435
3.8511377
1.7571295
2.2031780
2.6345823
5.4355059
7.3013526
3.1496125
1.3631193
2.4099879
1.4936101
3.0688907
0.9829986
2.3889293
1.2280257
1.7330408
4.9815554
1.1134728
1.4446210
0.6962072
1.6398670
2.7192202
1.5576000
4.7201925
2.7438644
2.4289508
5.6902860
2.6952276
2.2425849
2.1675604
1.5091973
3.7291121
3.6987375
1.3888751
2.9087406
3.0577969
2.7437896
1.4373648
1.6239633
3.2653841
5.3343997
3.1321809
0.9017315
3.7056988
0.8930313
1.9769867
3.1536072
2.1204830
2.1873298
3.1817560
2.0195426
2.4664066
3.5464305
5.8779758
2.0308640
0.5491887
2.1622230
2.7495171
2.3373897
1.3541032
1.6662844
2.1206118
1.8023664
2.2861209
2.7567370
2.6388330
1.5023397
2.2463486
4.8015491
1.8076285
4.6735554
1.1113677
1.7502186
1.1639181
2.6931976
1.8767145
2.6450079
2.5220617
1.9970751
2.1989237
1.3614870
1.0850187
3.4011310
0.9747693
3.0285617
3.9136371
6.4025704
0.8449865
1.4735133
2.0664798
2.0761609
2.9774294
2.0084798
4.0093560
2.8005435
3.9986695
1.3150886
0.9723953
2.4869315
1.6659990
3.7280468
2.3402188
2.9561352
1.6885640
0.4423916
1.8252043
1.1368189
3.7879565
2.8092079
2.1501794
1.6329052
4.1667977
1.6198603
2.6283458
4.7357408
2.3142186
5.2579785
5.5180124
4.0825689
4.6277272
2.4366164
3.2461982
1.5245639
5.0454407
2.6647126
1.1780387
2.7135469
4.3576266
3.2782683
4.7276224
4.9952509
4.4137409
4.1045123
3.3890890
5.2843163
3.0814806
4.5412447
6.0989845
0.9452509
2.3087821
9.8216609
2.5392452
3.1686841
8.5384627
6.4573922
1.9158580
9.1621736
2.2719404
1.9638205
3.3413538
3.7848434
2.6992741
3.8785346
1.6499223
5.1031497
6.5526994
2.5108021
1.1761218
4.1027725
11.9171588
5.8871918
5.0122272
5.1976148
8.0179670
2.2937120
5.8483740
3.7154744
5.8401368
6.4591785
2.8129818
3.7425072
3.9634610
3.2914876
4.5144271
12.3912672
3.9747355
2.9497432
1.8278550
3.1741301
3.2074994
16.5210034
5.2816414
4.8269163
4.9854487
2.1348816
12.3580681
91.1651858
3.1670264
8.1261966
4.0359994
16.8406208
16.3720839
5.9961000
5.1241050
6.4665940
2.9011187
8.7971430
50.5290667
21.4295852
8.9387906
12.0328241
150.3164507
13.1389158
74.2035895
160.2098605
7.1351663
14.4523796
16.8423857
39.2998572
16.0751549
3.4696345
10.7897713
18.7049629
9.3534398
27.0454258
16.3803963
10.1454106
1.9903384
11.3872347
3.1523999
7.6671068
122.4772808
8.5264937
7.6736037
22.9370805
12.2900236
8.6839826
13.1451156
8.9907294
20.1116268
13.5141123
4.1347049
12.1238420
30.4932576
10.6384201
3.6567555
5.5576523
13.0113473
8.4797239
33.4445541
3.4703513
3.6877586
5.2298454
3.3979386
4.3625062
5.8343608
5.6394982
9.4378597
3.7429800
5.2444152
4.6184233
3.2858990
5.5592172
6.4812138
6.8199741
3.9714150
2.3214028
3.4581592
4.3914587
4.8794260
1.5670526
5.0118612
4.9407937
3.5712957
7.5157468
4.6409883
2.4685613
3.6915840
6.7000569
11.2207001
5.9028018
2.6924749
9.2667536
5.8703513
3.2143900
13.2603177
6.4862774
5.1331920
5.3664491
4.5591056
2.3133069
8.6304872
12.0134486
10.9750411
3.0794909
4.4984710
9.9107616
4.2040736
11.1110122
4.2332525
9.2265006
5.6452331
5.7799038
5.5521272
5.4028324
4.0904609
3.2735583
4.5400858
7.1461095
4.7719873
3.9915767
2.1160400
5.1324448
4.3067675
3.0505226
13.6532327
3.3917852
9.6058940
7.1344399
3.5713882
3.5865455
4.1752421
4.7410818
1.6150576
4.9588648
5.7251687
2.7018683
4.4520770
3.3563850
4.3705009
5.7320832
4.2117305
2.1972500
4.3088737
3.5767598
3.4980253
6.1271827
6.0671520
4.9280415
7.2458480
8.0374536
5.5163198
5.1817258
8.2698449
3.9753604
2.5421719
4.9051645
7.9962504
8.4330789
8.1278612
5.2722287
3.3495492
4.0875993
7.0645555
4.2609056
4.8890670
4.9860869
4.9367722
0.9624139
3.5079195
3.3375993
8.4547568
3.8144834
7.5631319
1.9572026
5.1598790
6.1274556
25.4001095
22.1066742
2.4488842
4.4378700
5.2356867
11.0969634
6.7368064
28.2395449
20.8260559
21.6744822
4.9583983
10.7292510
6.9189750
7.7331223
6.3524626
9.2475769
11.2393030
9.1480452
15.5137755
5.3374659
8.2793311
10.3045686
9.6338465
8.7336548
1.2843466
4.1933567
3.7650580
2.7008170
4.4980449
1.2519407
4.8663130
2.0324213
3.6715066
3.1754863
1.8549040
2.3041777
2.1177738
5.9166446
7.7156458
2.9965974
1.9978437
3.4557073
6.5619188
11.4600341
4.9965756
8.2772785
1.8999028
6.3206905
1.5797461
4.9544243
1.0347464
5.2007398
2.0034334
2.3622620
2.6221042
3.3888774
3.1142708
1.4904668
1.6378882
1.9673854
2.3725720
3.8393000
2.4292396
5.6383463
2.1858405
2.5339997
2.2134329
1.8485957
1.3950036
4.4659095
2.3160682
2.7388330
1.4372855
2.9207007
2.3532666
1.1241214
1.6518198
0.8704687
1.4556721
1.7344190
2.6789498
3.4024949
2.0995761
3.8528422
2.8813502
1.4369467
3.7242864
2.5368804
1.8409387
1.6092332
2.9356002
10.9805463
3.3456889
1.4618726
3.6615108
1.3995333
6.0830366
1.8300448
2.1726369
3.0259087
3.2065137
1.6747501
4.0465012
1.4875333
3.4801171
1.1152269
1.3396751
3.4383227
2.1652095
1.7644310
2.5004421
4.5187165
1.5913953
3.9455032
2.2769750
2.1199103
7.1546066
2.6817417
12.3110717
1.4562872
1.7089779
2.8254952
9.2651334
12.2513241
1.8966608
7.9062384
21.6519955
4.7716897
2.0767527
4.6236132
4.5255374
3.1078690
5.1539250
8.6509876
17.6524794
1.6239898
0.8297222
1.9390222
1.6470845
6.1465878
3.6538309
2.1808978
6.0779840
4.2786364
10.0719207
12.2575043
7.0902060
6.3292026
9.5610237
1.6821337
2.6842615
2.3727279
2.3167148
3.9485404
3.0366018
3.0157671
8.2838825
2.5856465
2.8623468
1.9229437
3.0367237
8.3832811
3.4105084
1.3970777
3.9478048
2.2426013
1.3420336
2.2488534
2.4412695
1.4003093
1.8933857
5.7863378
3.6091946
2.5825109
5.3408007
3.8912732
1.3459629
1.1919444
2.2099636
3.6652208
1.4997774
2.2112245
3.0259716
2.5396258
1.5811740
4.8454877
2.4526666
3.3035538
1.7144678
4.0379207
1.7692718
5.1697558
2.3347742
4.6097781
2.2927345
1.6915998
4.8154753
1.6041786
3.7473705
3.9209545
1.4402085
1.5833128
1.8227151
5.4229005
4.0542509
5.8654575
2.4784780
1.1451209
1.5377780
1.0760881
1.1826429
1.6629832
1.1492833
1.2846210
1.0309462
4.5312093
1.1132122
1.8221798
2.2406999
1.3386125
7.1973949
2.7848452
11.0030563
5.5906729
2.0872837
2.3439996
5.8791900
5.2416537
4.8214393
1.9767003
10.7963540
1.4504172
3.5950613
3.7931697
2.0582736
3.3330728
2.2569466
2.0146965
2.0271899
0.8253130
1.8599716
1.8207038
0.6197611
2.6009092
1.8492810
4.6830120
1.1795300
2.0204509
2.5689571
1.4597943
1.1731727
1.3450365
1.8378892
2.2099383
2.5109856
2.1586410
6.0163896
2.1010411
5.2383631
14.4649010
2.0602669
1.1204333
0.6319254
7.2804355
1.6167162
6.4718399
1.1264202
1.4530015
2.4718244
1.4697069
3.4821022
2.6417606
4.1139540
1.6909076
1.1654505
3.5188977
2.2653226
1.4985546
4.5961660
0.8341493
3.0296532
1.4781448
0.8871672
0.8124816
0.7861158
3.2330315
1.8061197
1.7985644
4.6224589
1.4060780
4.1220969
1.3122005
3.4642855
1.6984977
0.8680276
1.9469449
2.2578198
1.5279972
1.0343677
1.7098485
2.2402104
1.9691154
1.1107382
2.3787956
1.8978821
3.9727265
3.0045998
2.6383428
2.8273126
0.6200099
1.6280602
0.9931001
1.2201859
2.5618139
2.1149016
3.7924045
0.8781375
4.6186155
0.9062819
2.8315470
2.9330024
1.9637576
1.8797642
2.4270562
0.7596579
5.0614492
7.3781412
1.9897854
3.6476306
3.1527921
3.5447068
3.9370418
3.6530680
1.5101146
4.3261413
1.6951909
1.7025574
2.0361405
3.4062751
1.1521972
5.9217417
4.7501582
1.7653762
1.0169109
1.8968298
3.9883289
2.8425024
3.1854783
2.8884413
4.0431601
1.6372654
2.7789497
2.1385038
2.0390870
1.8986020
1.5324577
1.5699234
2.2369365
1.7449944
2.4234196
2.1628936
5.3127878
11.0210250
4.3150019
2.1879407
1.1445545
2.0940339
5.2533880
1.1481356
1.6560562
3.0216953
1.9720629
1.1158714
1.8834486
2.0787814
2.9833770
2.7463585
2.6416626
4.6171230
3.1308621
2.4155001
3.4330822
2.5963377
3.1927984
3.5197157
4.2930368
3.3030895
2.6392365
4.3505757
6.1979843
4.9364774
1.4142387
2.9912865
2.6280660
1.5752211
2.9126259
3.9284180
2.5475755
2.3467802
1.0083453
2.4260371
2.2250448
2.2110646
1.5665913
6.3167423
2.2587663
0.7463847
3.0571217
0.6125768
0.6174160
1.1282085
1.1936348
2.4011338
5.2203950
1.9502058
2.0088557
2.8786273
1.1229537
1.2249996
1.5578370
1.7817375
3.5542931
3.3512764
2.0870158
2.3900453
4.0744259
3.9516930
4.5544994
1.8140831
4.2442401
5.3910057
1.5215056
1.3781175
1.2503040
2.7224887
7.9851367
2.0496923
4.6207114
1.7386988
1.9473960
8.5664525
3.2602917
2.1755469
3.9247837
2.4320554
3.9918375
1.0807466
1.8923121
2.4828950
1.6240877
1.6022317
0.9940122
1.9077808
1.0492238
3.5509638
1.0635828
8.2684022
6.7287457
5.9559045
1.9987055
3.7119154
1.2061655
1.8052332
2.2981224
0.8359552
0.6918998
0.3942128
0.4614155
2.0854672
0.7132288
1.3878884
7.2188688
3.2053437
1.4369659
1.7997847
5.9282183
0.7908119
3.0720833
3.5306131
0.8001469
2.5381430
1.7170220
1.8800271
2.6278526
1.1943508
2.0301669
3.2253967
10.5283798
9.8156780
1.9183086
1.0064704
1.6746843
2.2667383
2.5952919
4.4538302
1.7433742
6.5594217
5.9442233
2.6808653
2.1356896
4.1267710
4.4330687
3.4270295
0.9573628
2.8189024
0.8826567
2.0737562
2.7661653
3.8940991
7.1543017
1.6374324
1.9181835
1.8824709
5.2407851
0.3540570
2.3114549
4.4429281
1.2431467
1.3247603
9.0840983
1.2653305
4.6318365
6.0796151
0.8313870
1.7514055
2.6292318
2.3850069
1.5826479
1.6401595
5.1296648
2.1457712
1.0051069
0.9843315
1.7541898
5.1122764
0.5994197
1.6324492
2.0668845
2.5357881
2.2137045
2.6348075
1.2563855
1.8156665
1.5665468
2.8835236
1.8300582
0.6895299
0.8261239
2.3316090
4.5587974
0.7717135
1.1668641
1.3898665
2.0639834
0.7611211
0.5755853
1.1085311
1.3953970
2.0977048
1.3032469
5.3609052
2.1832337
2.3611799
1.8696819
1.5022890
1.7311184
1.0915637
1.0004651
1.9660773
1.4267743
9.2547176
2.4774554
0.8770681
1.8206460
1.7318901
1.2954553
1.3219168
3.2707834
2.4879316
2.5741915
1.5981190
1.8848348
1.4848571
0.6230582
2.7005168
1.2591469
1.4642286
1.7509610
3.4387730
1.4081954
1.8928195
1.6954467
2.2092014
4.2459726
0.9540661
1.3872699
2.1483945
5.2500938
2.4441645
1.0892200
3.9451372
5.7574760
2.6725026
2.8045438
1.9989854
1.6784766
3.9259793
1.2881445
1.7207235
5.4989902
1.4005046
3.0937463
2.0137531
1.9544799
4.0893809
1.8332660
1.9680075
4.7422291
4.1988609
3.3070302
2.6567600
1.3902178
1.8181499
2.2126931
2.0327758
3.0526864
4.2481986
1.6886864
1.5396394
2.8221803
2.6377974
3.0242996
6.6175919
2.9353623
5.2853563
5.2163211
3.9235874
4.2165234
3.0283269
1.6756250
1.1754619
1.9410810
3.0400584
1.1536831
10.3634757
2.4606497
0.7258430
3.0094031
4.0664072
3.2629787
1.4330262
2.0337445
4.2086419
2.8390137
1.6093209
1.2118610
1.6129058
2.7570562
1.3902535
2.7055677
1.0265776
4.8722987
6.1416265
4.7605079
2.7850523
10.2790755
2.5390808
1.2952561
5.4445415
1.3252115
7.3207877
4.3728115
2.7787883
1.0807403
0.8761483
2.3220134
2.6740179
4.8301637
1.2930824
5.0616565
2.8468135
2.5330771
1.0275719
1.1413660
1.1678099
2.0220368
1.7920548
2.1710043
4.6217917
1.7038150
14.8655290
4.2953558
10.1750539
9.3799840
4.3278991
7.8855911
3.4603702
3.8152121
2.8196136
2.6796135
4.4693939
4.0620424
2.3906470
1.3785787
4.9858150
2.1733714
2.9824278
2.0989305
1.8885108
3.6102295
3.6699459
3.1766164
2.7389714
1.0504932
3.4647758
9.8816296
4.0850979
3.9946929
2.5798676
3.9200466
4.6258578
3.0193554
2.3010585
2.9806865
2.0831674
0.9470300
3.4766437
1.5687753
6.0986110
1.4931228
0.8063091
6.7051889
1.0307497
1.5606456
4.2700761
2.5489736
3.2046151
5.7554599
3.2322744
2.5678001
1.2869699
3.8022123
4.1893482
2.2707211
9.0157102
6.3804711
4.1129265
2.5202711
3.3068069
3.2842668
2.7881334
3.8861816
12.4985474
3.5244228
3.5140327
5.9686347
2.3378490
1.4071542
2.3932901
0.6467472
5.5849821
2.8571354
1.7946779
7.0314637
1.2367963
2.5064990
2.7181517
1.3841499
4.0203041
2.7381527
6.8177001
3.9996175
6.5195376
1.5837071
0.5684598
3.2324652
19.9604027
12.8752802
2.5444250
0.9439551
4.5954148
2.0995933
2.8088362
5.3780642
4.0077794
3.9638538
6.7931020
1.3087456
5.2556242
1.3474155
3.0478991
2.1597820
4.2556862
3.6006764
3.4206735
2.8554844
9.8906053
5.0851159
3.4869805
7.1829813
2.3966025
3.2806106
7.4423028
2.7477413
2.8158822
1.8420944
2.3704255
2.6010592
3.7944211
0.4676316
2.0824077
1.6604504
2.2791619
1.2599174
3.5985192
2.1546330
0.6503874
1.8030483
2.0683234
2.3249433
2.5861999
3.2200797
3.1328347
0.9158143
0.6446773
1.1618285
0.9463601
0.9977378
0.9681030
1.4275794
1.7194235
1.6574197
2.0931505
1.9664482
1.1109366
1.5765790
1.3003904
2.0509392
1.7976370
2.2349053
1.7454525
2.1064729
2.4736567
1.9005246
1.7746433
2.1934946
1.0941823
10.3673606
1.5096052
5.9892416
5.1102964
2.6736362
1.3007882
1.0452442
2.3401368
2.4894151
1.6071311
2.7675766
7.5745513
2.1807993
1.7102118
1.6594473
1.6875505
1.5130456
2.9713614
2.5315159
1.6339514
1.3023745
0.9906704
2.8038376
4.1133882
1.3553536
1.7328448
0.5384403
1.1986726
0.8895308
0.8900507
0.9257025
1.1228613
0.8523824
1.3172855
1.0555640
1.1310103
1.7512949
2.2308526
2.3358772
1.1510951
0.9169872
2.0680847
2.0924145
1.3355283
0.8567393
1.2827612
1.6616191
1.9205424
2.3636325
2.4189403
2.2946584
1.7589842
5.6885712
5.0844045
0.9532917
1.9633316
3.2306425
1.8078406
1.6151158
1.6684520
2.6676282
0.9891310
1.8117859
2.7006870
3.7730309
3.2922752
2.5476279
1.8631114
0.9510290
2.5933736
2.0396316
0.2966450
1.4456334
1.1844148
2.8289717
3.0901326
1.3769284
0.9667175
2.0920832
1.9633147
4.0685440
1.4066561
1.5590309
5.4107078
1.8982238
1.4768328
1.5954465
1.2205888
1.6252591
21.8850493
2.4294759
2.0851401
0.9265236
1.1861720
1.1720254
1.8875712
4.9627684
0.5882172
1.7718895
2.7943536
1.5542190
2.3607825
1.3598763
1.5553472
1.8074500
2.3595210
3.4526127
3.1348451
0.7258748
2.1850761
1.7804986
2.6863311
2.7000025
3.7914494
2.1643267
1.8899689
2.0807136
2.8553654
2.0158017
4.1830549
2.1424162
1.9390704
1.6929318
0.9770689
2.5643996
2.3316173
0.8480348
1.1245324
3.6372808
2.7463418
1.3561189
1.3878621
2.7934281
1.5262138
2.3348709
1.9513374
0.8919261
3.8688025
1.5387622
2.0674541
1.0864179
1.1185455
4.0862140
1.1096865
1.9980042
1.1940837
1.0094414
1.1090222
2.9904597
2.2815867
0.9014172
0.8556280
3.9494473
3.8264091
1.2274510
3.2599757
6.2363650
0.9834331
0.8170943
1.6394545
1.8196911
1.0708285
2.4136333
1.4668748
2.6223550
1.8745042
1.0938700
0.6304576
1.8817416
2.2271698
2.7370262
1.8417939
8.3823720
3.0339514
1.4371657
4.2537118
1.3234105
1.8187779
0.9387759
8.5735787
0.9499366
1.9990009
2.3885900
2.3069434
4.9404747
2.2113360
0.4232434
0.5370493
1.1479341
3.1182271
1.3527455
1.4436035
2.8613792
2.9619762
1.8802630
1.4633642
1.5299409
1.9710078
2.9073873
1.8828860
3.4512556
1.4789009
3.8616607
6.0697804
4.7231436
2.0025387
3.0556461
2.6020012
2.4199798
2.6287679
1.8028521
7.9091586
1.9170550
3.8891156
1.0788804
11.3428356
1.8041605
2.6519909
2.8174955
1.3693545
1.6451179
3.2238208
1.4814825
2.3003174
0.7250970
2.0672329
2.3606225
2.1378677
3.5269576
1.0062018
6.7425824
1.9957173
2.1207652
4.9007572
2.8379069
3.2385660
1.6703063
2.3765464
9.4065958
4.4668090
2.0297343
1.8747384
1.9333906
3.2266688
3.9890726
7.5736463
2.5457279
1.8617755
4.5710598
3.3113693
24.4946778
5.9486003
4.3944857
5.8811743
8.6966201
7.0844790
9.0139919
3.5728121
3.2040940
3.7332666
8.1027096
2.4983059
2.5629190
3.7822515
2.0767373
2.8580601
3.3165124
2.2595787
6.5677715
6.1430533
1.0917423
4.5781849
2.2620210
3.5480229
3.1538192
1.7743756
3.7666219
4.2586029
4.3860962
6.3447300
3.8404578
6.3677967
2.1622633
2.0343408
2.2043644
6.3604999
4.9585485
6.7553670
9.9776812
3.9288374
6.0600153
5.2295462
14.5559709
1.8159065
0.8790828
4.7373218
5.4488290
2.8044193
2.6607424
1.4533268
0.6807284
2.3483463
0.3077624
2.8909281
0.9385938
1.6255757
2.9380591
7.3451426
3.0836547
1.5637176
1.1087610
1.0611319
1.9818110
2.2343646
1.8519167
2.5454817
2.7074015
3.4011041
2.9935459
4.5111123
1.9454908
1.7997070
1.0558855
7.3466754
3.2120017
1.5527056
2.4980131
3.0883610
3.5142889
1.4106173
2.0716146
3.1742606
0.9502587
0.8455732
2.1014206
1.8285067
2.2402836
1.1269665
1.3300848
2.7367864
3.6355820
2.1928251
4.0687007
1.5383011
3.7001398
1.0005256
1.0998652
3.3808909
2.3947023
2.3581238
4.3485568
3.4210707
2.2376197
4.1548728
2.4414138
3.2169703
5.8126579
4.0727186
2.2975549
1.4099622
2.2017120
2.9422652
3.1907906
3.0733183
3.1321126
1.6433455
2.0799060
8.1993983
3.9577474
1.5489080
1.9992415
2.6580349
2.2500971
1.2092683
2.2754180
1.9119315
2.6215331
3.7485013
2.6580023
3.6953317
4.1146917
2.2861649
2.3113147
1.8833406
1.1992147
2.0148729
3.1601135
2.0676330
1.2610882
1.3508444
4.0078476
1.8936339
0.7984552
3.0071436
1.4285095
0.6827757
1.7501064
0.7521797
2.8912995
2.1722492
1.2147025
1.6923362
1.6633502
3.6563696
0.3711114
1.7457762
0.7866405
5.0052939
4.0786102
0.7393420
1.8818614
1.1417745
3.0627640
2.5288961
1.3031978
1.4460732
10.5369965
4.9073037
0.8484746
15.8820466
1.8718061
3.9359348
1.0186462
1.6689718
3.1020114
0.5795511
1.7199825
0.7710811
1.6741504
2.2947373
1.2604100
1.2537880
3.0292349
1.9720460
4.0584815
1.7282078
4.3531759
1.6805043
8.4999977
5.8241486
3.6295002
1.9495681
3.3925845
3.0327938
5.8641529
1.6499903
9.6283870
4.8469648
9.6759529
5.1691769
5.0288797
1.8140279
2.1126787
6.4190065
10.4538983
6.5883079
6.6766648
1.3899741
0.8134601
1.2519333
1.7859710
4.9613208
0.9242636
1.7783084
6.8614631
7.6764825
4.4453597
5.8813160
6.8962137
2.5399791
2.8504969
2.0788979
7.8146458
1.9293416
5.7336257
2.0228675
1.0828920
1.0208674
2.0297169
3.4055475
2.3841294
2.3370112
6.6508262
3.7104431
2.6611034
0.9659183
0.6409778
1.2797360
16.4777199
0.9386442
3.1911155
2.7396287
2.7974573
4.3424405
1.7143116
1.1471255
3.2628291
1.9184805
0.6605533
1.8924586
0.9964027
0.9583441
2.4676926
2.7973606
3.6658424
1.2191557
1.5130645
2.8263494
0.9366949
1.1563507
1.3659961
4.5224847
1.7860938
0.4772730
3.3297444
1.2267731
4.6451735
1.4260874
1.6973997
1.0923012
1.4129917
0.7481070
1.7676781
2.1975939
1.6223988
1.2239515
2.0220551
2.4085881
2.0059898
1.4576635
3.0472512
2.2720854
1.0501107
1.1079332
2.1701017
1.2778772
2.4925978
1.6539352
1.2543604
1.6625754
2.1912836
1.0646590
0.8731021
1.7007977
3.0341002
2.7403347
2.4326249
1.4023571
0.9244423
1.6461025
3.4712781
2.5883017
2.9952432
4.5278293
2.2906214
1.7948524
2.7622332
2.3107664
2.8789949
5.6220796
1.1474253
1.3009568
1.3243845
0.6635646
2.0863687
2.0227045
1.5039938
0.4300948
0.9185124
0.7700972
1.7215883
1.4546268
1.5274494
4.3377478
1.3466320
1.5696046
1.1221034
2.3842944
1.9443792
0.7773204
2.1983852
1.9938954
1.9747183
1.2522100
1.4068288
4.3543360
1.9122195
2.0650985
2.8109400
1.5003054
1.0483901
3.2580500
2.3862394
0.9943318
1.1147188
1.4146013
1.3832805
2.4159260
4.2862076
1.6667381
2.5304980
2.3382443
2.3625122
2.0144725
1.8574357
2.6889790
2.6357717
2.4700204
1.2741256
1.2447839
3.5218571
2.3530216
2.2985425
2.1706079
3.0651747
4.1675338
2.2439549
5.4251758
1.6502754
1.6449963
3.9318666
2.9291342
1.5620583
1.3518055
3.2002302
4.2170731
3.0275029
3.2006510
3.2492475
1.6085074
2.1260408
4.5503351
4.4664807
1.4393354
1.1415286
4.1899745
1.6947928
5.0115219
2.5309185
2.5245208
2.8830567
2.5604013
1.9233636
3.0339881
1.7190615
2.0468161
2.6888062
2.0141074
2.2048871
3.5550502
2.3651199
2.1032685
1.5597699
2.7823083
5.4177420
0.7271018
3.4024129
5.5756975
1.6135775
3.4851084
6.7005468
6.0216052
5.9198767
30.1696756
0.7703129
5.1900757
17.3867090
3.6490461
7.4661920
5.9997040
26.0492406
5.4199468
1.5351613
6.7311532
4.0831685
8.9831072
5.6373686
4.9853974
6.9664971
9.5551302
4.5540932
6.6318230
7.9019436
13.3954702
2.7668895
3.9078803
4.9745713
3.5036350
2.0677524
7.8849067
6.2817636
9.7397307
14.2186573
4.7389288
10.1175752
6.1293738
4.9360197
13.0051407
4.3056111
3.7827219
0.2070006
3.6967240
3.0652510
3.1475437
2.3839536
3.5190645
4.4606563
1.2508423
6.5962150
2.4696915
6.2126847
8.6570377
2.2677127
10.5003378
3.3154049
6.4689567
0.7769070
4.8846304
3.3095073
2.3310136
4.4038639
4.4699754
4.0090232
7.9989806
6.8317480
5.5338687
4.1290977
4.8786485
4.1833595
3.0011372
4.4495523
5.6189716
7.7132556
4.2507527
2.6368155
4.7461409
7.7452187
12.2224286
6.5969787
2.1225182
4.6699889
1.4638657
4.3353822
3.5011408
3.5467886
2.7153179
4.2027107
1.9958300
8.2709573
2.7092023
19.1025823
4.3881999
7.4581597
3.1518604
2.0973284
1.6475595
0.8994390
5.8054707
1.5907728
1.1300803
3.6928055
1.9121933
1.3813894
3.1902069
3.8109962
4.9808670
2.8286272
6.1637045
4.5104548
2.1105980
5.3015768
1.8154492
3.7295492
4.4100044
3.1391212
1.0453585
2.3330209
2.3866123
3.0936183
3.4059586
2.5375118
3.9086218
4.8089032
3.7803349
1.8953911
5.5390451
2.4083359
2.7799287
2.9571461
0.6282139
9.6449134
5.7020623
3.9379879
1.4522607
4.5327746
1.1232060
5.2386356
4.8693614
10.2843080
3.7714082
7.8206139
3.5956029
3.7622834
1.4337745
3.4339647
3.9638876
5.1335591
2.6437521
2.6823032
2.2738751
5.7982278
4.5712722
20.5734256
2.9581916
3.9533311
5.2405449
3.8949100
8.2240414
1.3916472
2.2566461
1.5522238
1.7671552
1.0408789
2.8051645
4.3585128
1.8543102
2.0770982
1.6183589
3.0766628
1.0159269
4.1600001
1.6616511
1.1661190
0.8483754
1.2140884
2.5098811
2.8971065
3.1029737
1.2782124
0.8748424
3.0778645
1.4083406
5.1608418
3.5957891
5.7580898
4.4558871
3.0851422
3.5619396
5.8924790
0.8467713
2.5635778
3.2004670
2.8233116
5.0172176
2.0149216
3.4555554
3.3090159
2.4400720
4.8788051
2.7882785
1.5231039
1.4305752
3.1823502
4.5737463
4.1059427
3.1836768
2.3068586
1.8549251
2.9251749
2.3297676
2.1164627
3.2571237
1.7658683
0.7995850
1.5466698
1.4075931
4.8163289
3.8888932
1.0562270
4.4001216
1.4438406
4.9202134
0.9687780
1.9313595
2.7995552
1.0727258
1.1381568
1.1053682
4.3585421
1.3178361
1.0287786
2.3772346
3.0883599
3.1041353
4.0718246
2.0711707
3.1166899
4.1457863
3.1945213
1.1639604
2.9185807
1.8774774
4.0308610
0.8629821
6.7537395
3.1048989
3.4132317
7.0601924
1.9342794
1.2983443
4.3469215
3.6658990
2.9549462
2.9190096
4.3361742
2.9784777
3.1772671
7.4318197
3.7818633
3.8534160
4.7054296
2.5057625
5.1005386
1.8342824
4.8734269
3.0152173
8.7821299
1.7992405
3.8374941
5.4525961
1.9863837
0.7373491
4.0198308
2.2205106
1.9796105
2.1973149
3.1887913
5.6765084
2.3633110
2.0065331
2.0308864
2.7608141
2.0942927
4.7650052
5.2727267
4.6028753
2.2268921
2.5817829
2.5651771
6.3054045
6.1398290
3.7358107
2.3833158
4.3170688
3.8788770
8.5940183
3.8614694
2.4487331
5.8449908
2.6767620
12.4869889
2.0516318
4.7620919
8.6012938
2.2757734
0.9821348
5.4239616
1.8130780
2.4191604
1.0211385
2.1051093
1.3530242
2.3764649
4.0756446
2.7050422
2.5606651
2.9939981
0.9282044
1.6510060
3.3584668
1.4207140
2.1477859
1.4256718
3.3628125
1.7732157
5.6161228
4.1468950
3.6205431
5.1647151
2.1893534
2.5680052
1.2079541
1.4667934
1.8804533
2.2354069
2.4371627
2.6012930
1.6202859
2.2353584
1.5022445
4.2606310
1.0361796
1.5754552
2.1394646
3.7469418
1.0628557
2.6813962
3.5307335
3.9440052
7.3400146
2.2747707
1.6628781
1.2513819
1.8339769
1.8432852
5.2676063
1.2339596
4.4040817
3.6252188
1.8476565
2.0563593
4.2552659
1.9305391
1.6304865
1.4721409
1.7317955
4.1201246
1.8729734
1.6319512
1.1120069
1.0815797
3.4160230
1.1962940
1.2989772
2.1965916
5.0427490
2.5900592
1.3696940
0.9038348
4.3558006
2.5637864
1.6466340
1.4918460
2.4513826
3.9698749
1.8298565
1.3177546
0.8671326
3.2279501
1.8552427
1.4220291
4.2353142
4.1396251
3.9392969
3.0221489
1.8714480
2.5124949
1.5122395
1.3535481
4.4420826
1.5651898
1.1469375
1.6959187
2.5795138
1.8566762
1.2694422
2.4123701
3.2920644
1.4778211
1.0228606
0.8989627
3.6583915
1.1849846
5.9621660
1.4125713
1.7720313
3.3985594
3.3422561
3.7695961
1.4149056
6.0491755
4.0601638
1.3615061
5.2522999
2.0607563
1.1352788
3.1158422
4.3067596
1.8765437
3.5774432
0.9563498
2.1749581
1.8354095
2.0120319
0.9098865
1.8874820
3.0138864
1.3910510
2.6371600
2.5866388
2.0478410
2.1207352
1.9847719
1.2352224
1.5085769
4.4591176
3.0889974
2.8443437
5.3954373
3.7655735
1.4060465
2.1093025
5.1460797
1.4092660
1.8120157
2.4881945
2.6035710
3.1196167
2.4491320
1.5111543
1.5982303
2.1480892
3.6788019
2.1114349
5.1836900
2.6728637
2.9688597
2.4491351
2.9889115
1.1198972
9.1362805
4.3920517
2.5870842
3.4408571
7.9470704
2.2146023
0.8896696
2.8138666
0.9739366
3.3348954
0.3783680
1.3518977
7.1147105
5.2107711
7.2529877
3.7674032
2.5838481
2.0822160
1.6378298
4.4399053
4.7682359
3.5658778
1.7240169
1.6584499
3.8966950
2.5193434
2.5720731
2.9126731
3.5799555
2.0747862
0.5272238
4.7463884
3.0148521
0.8526346
3.4391990
3.6353517
5.3626479
3.9071293
4.8546691
4.3685987
5.3971288
4.4826688
3.0099202
5.3382093
5.0053619
2.7768241
3.7809546
3.2686546
3.9777322
2.3793055
1.3455685
1.7252200
3.8540686
1.4076224
1.2429710
0.3943393
1.7568354
2.2085579
3.1010403
3.0284398
0.7965103
2.7990692
1.3386062
1.2663181
2.3396743
7.6435185
1.0946256
2.6049329
3.1763281
2.3675008
1.3254599
3.5019889
1.4192613
3.0090018
0.9883505
3.4352627
2.0167588
1.3818788
0.8087140
3.0076012
1.9318503
2.6600570
2.6323764
2.1130862
1.6033973
3.5243129
0.9905330
3.8665514
8.5181805
4.0140768
1.3575191
1.4088702
3.4029364
1.4246702
1.3741966
1.9220616
1.0848919
2.6035453
2.5169324
1.2929593
0.7905258
2.1403778
2.3679874
2.4599137
3.5027663
1.2026955
3.0287697
5.6224788
1.9735124
3.6306328
3.4960452
1.5649235
1.0536812
1.1180371
3.0838303
2.0927106
1.7400130
1.7295350
5.4970081
2.8034007
4.9078741
2.4317886
1.3232922
2.6091873
10.1239199
3.6942221
2.6846423
6.1746553
5.4185648
2.6988254
1.8108142
2.1383387
2.7595871
3.3737765
1.7477314
0.8470357
4.9618619
1.8681628
1.2747345
4.0490225
1.0289714
6.1879199
2.2728754
0.7723709
6.6596666
2.2772416
2.4423907
5.1331450
4.2035726
2.8016307
6.8811989
0.8346615
9.1007800
2.8527399
6.1382269
1.8966512
0.8840388
1.3225417
2.7291793
4.3411363
0.9040276
1.3946543
3.5221236
1.2737345
1.1641000
1.5143039
4.9970187
5.4241261
3.7832430
3.3739978
3.1590889
