0.4229788
0.2027789
0.8510113
0.5525213
0.6948539
0.4648006
0.2054458
0.5451109
0.8524138
0.2881131
0.5417966
1.0456021
0.4666916
0.4820391
0.2049401
0.4022001
0.2472886
0.3284544
0.6586079
0.3067609
0.4945416
0.6397738
0.3515485
0.4837177
0.3589123
0.4119992
0.4330543
0.6410631
0.9779832
0.5002913
0.1286108
0.2150953
0.4954189
0.4286331
0.8362255
0.4980250
0.7900592
0.8568879
0.4045200
0.8103535
0.3394832
0.1635030
0.6482583
0.3515484
0.5106165
0.3815284
0.8002510
0.6999618
0.7172369
0.4283094
0.2232660
0.6325303
1.0718306
0.6544569
0.4012850
0.9083906
0.2343828
0.4365651
0.2295615
0.0452857
0.6425794
0.5793260
0.5300106
0.3707561
0.4798090
0.4041136
0.6923368
0.2436398
0.4389325
0.6369598
0.7997977
0.3406975
0.4092955
0.4642782
0.4545792
0.8370569
0.3423156
0.4186644
0.2559562
1.0806898
0.6152561
0.5429546
0.6293102
0.3750269
0.4660935
0.6848511
0.6502293
0.4334930
0.5005689
0.1767405
0.2590618
0.5302669
0.6214635
0.9436016
0.2843550
0.7879396
0.7618023
0.9414952
0.1747560
0.4800397
0.4269054
0.1472647
0.2620203
0.6360879
0.8249210
0.8432355
0.3188546
1.1165636
0.6779701
0.7319770
0.6775578
0.3237037
0.4014154
0.1976698
0.2221726
0.2416908
0.7050029
0.7431764
1.0620230
0.6931143
1.1107950
0.8390473
0.3127230
0.5744394
0.7609855
0.2821874
0.4825870
0.6653045
0.7803653
0.3725226
0.6045352
0.6606820
0.7140613
0.4250288
0.4720973
0.3212670
0.6999955
0.5052112
0.4820280
0.3669281
0.3059987
0.7360866
0.4266642
0.3363302
0.7779992
0.3776582
0.3722868
0.7730319
0.4628304
0.3424611
0.2387518
0.7375917
0.4682737
0.3990347
0.7999868
0.6352546
0.2569652
0.2111066
0.4970357
0.1696407
1.0818021
0.5830671
0.4144355
0.7873159
0.3052750
0.6485397
1.0701962
1.0730909
0.4716514
0.3543764
0.7463013
0.5499000
0.1076911
0.3102455
0.6716057
1.1284266
0.8119297
1.0933236
1.6494711
1.4166253
1.7271535
1.2658067
2.4067476
1.6893646
1.8942772
2.1365599
2.8605872
3.1772748
2.7026456
3.1004036
4.0749234
3.0241356
3.5657764
3.4419498
2.7695014
3.2125913
4.9427927
4.2226692
3.9149068
3.8386353
3.8824384
4.4602695
4.8700013
4.0557418
4.4368978
4.2012827
4.4121596
4.6987375
5.1854286
4.6278826
4.1894675
4.8968696
5.6933960
4.3519680
4.8959643
3.8457048
4.1042939
4.4922324
4.7887274
3.9768961
4.0846432
4.7505336
4.7052727
3.9149650
3.4040006
3.3232679
3.6735175
4.3664661
2.4052744
3.2787118
3.7320788
2.5581777
2.8486645
2.4403983
1.8677808
2.0742746
2.5054504
2.3967907
1.9448892
2.9613476
2.3211190
2.7741405
1.9778254
3.1357811
3.0111460
2.3905513
2.2418333
2.6148894
2.9727974
3.1472482
3.8176406
3.9609225
4.0465071
3.3972107
3.6072670
3.6362927
4.9858504
4.5633148
4.6555602
4.3990940
3.8440716
3.6467080
4.4205499
3.6151870
3.5348014
3.4632083
4.6143470
4.8309573
3.4581440
3.7667474
4.3214603
4.3180405
4.2556208
4.2125338
3.4491426
4.3779678
4.1966983
4.6685735
4.3148682
4.1621171
4.7881776
4.0556112
4.2121788
2.7121784
3.9207120
3.9226310
3.4859429
1.9690871
2.6409219
2.9120857
1.5664601
3.4698400
2.1921255
3.5652102
2.2613114
2.2154779
2.0806376
2.6176896
1.0516711
2.8307646
1.8871370
2.0836553
1.8837480
1.3867564
1.6054167
2.1475340
2.2466042
1.9155193
1.5151464
1.7129578
1.5082442
1.0773431
1.6839664
1.1658718
0.9851721
0.5223244
1.1324610
1.8374658
1.1180679
1.4090891
0.7430193
0.4262304
0.3566017
1.4048072
3.0445232
1.6210464
2.2833555
1.5193426
1.7723526
2.3085811
1.2413037
1.5547487
2.6440739
2.1560025
1.4420069
1.3989952
2.4267973
3.1758461
2.3486330
1.3565740
2.9562870
1.5979558
1.0458232
0.4640893
2.3496125
2.1596308
0.9583157
1.3265563
2.7563649
1.5727070
1.8300351
1.1453675
0.7150541
1.3394873
0.7196208
0.4421554
0.5691275
0.7070861
1.0955617
0.6251426
1.0062251
1.3515815
0.8775214
1.1602506
1.9713890
0.1512409
1.6634364
1.9578371
0.5901926
0.4204623
1.5078673
1.2052340
0.7775571
1.8912397
0.7134411
2.9451669
1.4237732
1.6706270
1.2994504
1.5081157
3.1097021
1.8483565
0.2183812
1.7962711
1.8435101
1.1245282
0.2633180
1.3040426
2.4271023
1.4757578
2.3855312
1.8061647
1.8027370
2.3950059
1.2416432
1.0886427
2.2494548
2.1735170
1.4529234
0.6983550
0.7562326
1.5811037
1.3692474
2.3384790
1.3703789
1.5681111
0.7326901
0.6113206
0.8286039
0.2787871
1.1027502
1.1993980
1.1804305
2.4683894
1.3948639
0.8296460
2.2243719
2.1094540
0.5051308
1.1280963
1.0189853
0.8204247
0.3912340
1.0042450
2.6526405
1.0447777
1.7515870
0.7993323
0.7248741
1.9947884
3.4006968
1.5215046
1.1058843
1.5754500
1.1599013
3.4483887
1.1761618
1.5665587
0.3577037
1.3432429
1.6184565
2.8412558
1.3835962
2.6938098
1.7114058
1.0407336
2.6717247
6.9717452
0.7632432
4.7158571
1.8049979
2.1904954
3.6249590
1.8045120
4.4305110
1.0680682
2.1513099
5.1402711
1.2225376
4.0123077
1.8329432
1.6780191
4.7084771
1.2911293
1.6226219
4.3925077
4.1991736
2.2852228
2.9742898
0.7045897
1.8388980
5.6621546
1.4289616
2.4635808
1.5643142
1.3667980
1.6496266
2.5976136
2.3804921
1.8230567
2.9512245
0.4543821
2.6128950
1.0956422
1.1955920
1.7593312
1.6692725
1.8498715
3.1737033
3.3671246
3.5667282
0.9993764
1.5314302
0.9095555
1.1707797
2.3634253
2.9208520
3.9821929
2.5212108
1.2201148
1.5655293
0.6839451
1.1630845
1.3544101
1.8324385
1.9304527
3.0493229
1.5366378
1.6637477
3.1872733
2.3226411
1.0838771
0.8932695
1.4406995
2.0369152
2.0780726
2.4684947
2.5856836
1.1168700
1.1941458
0.8842657
2.6793034
2.7304592
3.6272240
1.4723524
2.1058056
2.2162394
1.4482725
1.6022192
1.4404767
2.2216076
1.4478721
0.8108223
1.3854889
0.8716275
1.3943530
2.9132458
1.3311219
1.9337012
0.5140171
2.6443741
1.3641823
0.8590007
0.7221994
1.0703780
0.8535092
1.1256851
0.5753648
1.1634293
1.0298267
0.9561363
1.7064005
2.2540838
2.1496419
0.5539155
2.7154811
2.1749161
1.5976079
2.0692161
1.6075123
2.9849098
2.0737255
1.1802802
4.9081955
0.7289590
1.5996471
2.1371967
1.7976684
2.8279208
1.7525576
1.8053336
6.0403284
2.5230689
1.1641134
2.4090679
1.1216246
0.6485111
3.0126029
1.0905789
4.9800135
5.0539752
3.6427172
2.2915653
3.1603735
4.3250068
4.1688488
3.4454765
1.2810253
2.2525967
3.4255203
4.0897640
0.4663543
2.1452250
4.1445039
5.9308463
3.2078331
2.1843913
2.5617268
1.7442570
2.3887768
2.1349521
3.9120964
3.0982027
5.3560670
0.4885175
2.4859591
2.2383062
1.9504510
3.8223367
4.7954186
5.8844794
2.6776604
1.5415737
3.2740622
1.5316334
5.4361607
4.2396603
3.5099649
3.6729160
5.3678364
3.3920349
5.2151947
2.0340628
1.1677307
1.5407001
2.0664414
0.8525758
2.6057277
0.8383710
1.2141669
2.1094880
1.1408048
1.2296699
4.8268119
2.8976519
1.8215282
4.4117528
4.0893191
3.3340982
4.3370177
5.9462740
6.5344510
4.1766731
2.8718944
2.4577282
4.5081948
5.0481535
5.1698389
8.1419129
3.7563101
3.5394859
2.7282231
4.3902501
5.4816480
5.7567083
3.7793134
2.9372617
6.5219775
2.2878659
2.1907837
4.6373737
5.0325006
6.9006433
5.1107737
5.2576120
3.4859965
3.8983044
1.9933096
3.4658816
2.8618367
3.2631067
2.3358057
3.0656438
2.3859084
0.7296641
0.5435310
2.6017340
3.7387655
2.2844984
3.8605311
3.6307791
1.6600682
4.4068827
2.2407431
2.4744270
1.8768581
1.3016864
2.6919419
1.3017261
1.0204812
3.0286201
1.6394555
1.0821690
0.9817298
1.4027767
1.3013254
1.6670535
1.7139488
2.5007499
2.8687523
0.5998770
2.2136088
4.0633043
3.2892469
1.1120099
0.8153452
1.4420730
2.4361004
2.2971979
1.6657344
1.3446097
4.0751913
0.7568154
1.2836875
1.3747147
2.5107053
2.1392330
2.3684096
1.7500673
1.0992106
0.8899730
1.8824223
1.9761531
1.5051378
2.3259039
2.0960302
2.1913667
2.0482848
2.8008328
1.3695416
1.5267503
1.2943040
1.2128773
2.3261545
1.2640236
3.2739621
2.7698308
2.7179326
2.0857884
2.1637425
1.8907967
2.4123731
2.5500845
1.5552965
2.0202683
3.6083002
1.7734860
1.8157698
2.0858859
1.3662300
1.5708795
0.7861107
1.5396680
1.4837841
1.5875087
0.6952806
1.3664632
1.0671266
1.9877369
0.7367937
0.7143154
0.7484136
0.6791274
1.2302708
0.9075117
1.3048849
0.8624862
1.4129628
0.5037901
0.8322475
0.6932622
0.4807273
1.2001862
1.2678191
0.5691078
1.2989812
1.6860035
1.0500943
0.9012552
1.4075079
0.9145315
0.8704777
0.5936149
1.1011739
0.5145587
0.8270163
0.5829634
1.9454259
2.5124699
0.4574073
1.0890925
1.2524105
1.1721001
2.1394067
1.4380378
1.0078159
1.3938397
0.3181822
0.9229669
0.8409962
1.4946144
2.3213462
1.9164782
0.8979728
1.6160844
2.7325069
1.1492059
1.5715094
1.5587486
2.2564024
1.0173339
0.5472310
0.8034383
0.4237318
1.2241216
0.7478479
1.2277908
0.8141836
1.9733880
1.3000771
0.8927747
0.5289293
0.3780086
1.0556187
1.5644398
2.1457412
1.8433181
1.4171116
1.2152276
1.6670533
0.5727810
0.6962337
1.8221316
1.2439781
0.8023326
1.6366333
0.3705382
2.1046786
1.4465284
0.8574590
0.7460650
2.0882333
1.9886757
1.6419045
1.4420237
1.1369844
1.3709186
1.8801397
1.5100111
1.8863584
0.9308227
0.8180580
0.9752730
0.9848743
1.1816688
0.5221821
1.6736065
1.2463426
0.3793802
0.3641369
2.6223244
1.1491825
1.9146545
2.3304110
2.6573249
1.4088696
1.7724477
2.4930527
3.0992048
1.9005488
2.0558816
2.9613103
2.0362208
1.0093503
1.6251998
2.1024124
2.1999482
1.7584001
0.6139825
1.2582719
2.2925263
1.7392930
1.8888015
2.0530289
2.2412975
2.3661840
1.3353552
2.2951707
0.9525887
1.8692371
1.6681635
0.8585234
0.5313605
0.9193883
1.2549704
1.5340283
4.1495399
1.5050238
1.4579222
3.0323469
0.7708472
1.4497536
1.9245644
1.1862451
0.9078181
1.5866793
3.5461528
0.4336144
1.6698252
1.9463905
1.0239751
1.5939164
2.6793302
1.8669694
2.3523475
3.0073607
3.1324387
2.3208156
2.3206279
1.9233675
5.8562065
3.8731988
2.9779821
8.1485283
4.4434728
2.2248793
1.6056943
4.4271319
3.9508781
1.3275227
3.3717050
7.5122470
5.9946007
1.5085772
1.4503615
9.0479857
10.4926178
4.6307036
4.3278619
1.7227417
3.1018568
7.4667146
6.3210562
3.2701997
2.3499576
3.1624913
4.7815822
6.4913029
6.1324440
5.9018091
11.7661167
10.0467296
5.5263469
4.3855214
8.8716064
3.8286828
11.0006951
1.7334510
1.3119961
4.9295465
2.5839850
4.0187370
3.7850433
3.3832972
2.3459799
3.7609596
2.0486248
2.4206920
3.1210134
3.5210135
2.5854094
2.5133640
1.9391381
2.2110221
1.9451590
2.8937863
3.3102275
2.1274574
4.5964863
4.5509464
4.7971207
3.7003163
2.6198072
1.9113908
3.0273133
1.1926398
1.4648170
4.5311155
3.4615011
3.8224860
4.7942548
4.3838165
3.4375506
2.5353238
4.2475175
4.3366425
2.9645681
4.4420369
5.2120112
6.3707480
4.4485493
2.4226006
4.3003457
3.8556340
2.6134292
3.4261686
3.0443091
0.9056497
4.1855442
1.8498120
0.7233840
6.0821574
5.3794634
4.0040502
4.4083389
4.3399862
8.7899518
2.7756184
2.3789879
4.9700931
4.2766632
1.6341365
2.7603340
1.5618222
2.6309852
2.8219600
3.6408758
1.1870454
6.2020096
2.1929932
5.5084476
2.8942241
5.9946482
4.9963490
5.1941482
1.9011718
4.4805417
4.4573408
1.4793087
2.4319664
1.6106657
0.5418394
0.7473625
1.4108073
1.1995087
1.3593220
1.1633363
2.0174742
1.3854773
3.0810532
2.9304967
1.2932540
2.3485226
3.5410779
5.8069464
4.1938831
2.8396327
4.0193716
3.3626663
5.2922858
5.8390153
6.0709135
3.9833742
5.2205378
2.0990813
3.5866559
3.5775475
2.5055053
4.5404733
2.9362194
3.2422828
4.0218287
1.1633096
4.7294540
4.5226556
3.9608487
2.7980716
2.6138940
1.7472791
3.1750712
2.8497609
3.3003994
3.0879712
2.5156619
1.7455349
0.6428006
2.3804740
0.7215184
2.5845511
0.5466031
0.3613350
2.6805721
2.9815361
2.1658864
2.5069782
4.5057153
0.7587817
2.6053481
1.4933901
1.8706664
1.3840836
2.0064757
1.0770326
5.0943364
3.5031139
6.3525221
1.3874933
2.5559174
3.2454145
3.1049514
4.4950844
5.1749788
6.9838263
2.2232497
5.0909098
3.7061564
2.6323152
1.1912910
0.9786400
2.8293822
0.9164209
2.7935713
3.5490077
2.5776275
2.9928739
0.4538659
1.7320884
2.0747260
1.0788601
3.5198686
1.3391114
3.7333305
3.9049608
1.9836631
2.7115538
1.2942599
3.3494263
1.9030376
4.2423615
3.3124100
3.4241141
4.0295299
1.5780884
2.4628827
7.1321396
0.3259513
3.0699830
3.2883534
0.8766903
1.0481066
1.7695526
1.9939729
2.2127073
10.1938763
0.9503508
11.1590378
14.3634797
8.5455343
4.0563278
1.9992915
2.8102300
4.3386607
4.7514957
3.1237320
0.9598731
2.5721525
1.6119706
2.0653836
3.8818662
5.5459002
3.9136172
3.4969536
3.4762913
1.6928901
2.1743546
5.2835170
2.0731688
3.4186216
4.2123453
4.0854815
0.5454220
0.9121446
4.8521678
2.2079318
2.8026443
1.3262147
1.0589425
2.2185030
1.2621527
0.5361854
0.8998083
2.0038591
1.3519042
0.7724910
0.1546166
1.5427065
0.8971798
3.2983973
2.0610352
1.7693508
3.9907707
1.8351636
1.7534236
0.5778055
2.2035480
1.3594487
2.1554141
1.2181116
1.4024248
0.7946733
1.0171909
8.1138831
1.5960833
1.5655143
3.0994198
0.4537515
1.1292406
2.0017827
1.6332345
3.0922064
0.9751841
2.7396905
4.0672478
1.4207626
3.8880995
2.0439393
5.5360459
2.6163496
1.1880928
2.5203506
0.7191946
1.3757934
4.4798191
3.4965783
1.7373836
1.7528391
5.0989534
1.9299927
2.4071328
3.2332085
2.0517032
2.5079109
3.6935473
0.8609368
4.4626905
1.8439967
1.5181475
0.8876308
0.9483364
1.5538861
1.5959397
0.9721240
2.2140014
1.8621471
0.9573069
2.5746776
1.4297548
0.4272633
2.1469484
1.3405081
2.6227667
4.0292931
1.2469365
2.5006809
1.6653132
1.1229492
1.2741729
2.0032953
1.3739386
1.5589480
0.8634120
1.3764997
0.6189324
2.9111124
2.1448275
3.4429263
2.7542431
1.6587985
0.5905631
3.1869049
3.1365040
0.8623309
2.0977444
1.2713976
3.2551688
2.0861210
2.0376453
2.9666527
0.7116047
2.8068417
1.2339961
3.8693991
0.8697956
2.7777824
2.8249907
2.4594409
1.2716608
0.8116520
1.7715722
2.0511177
2.4357216
1.9319897
1.3470819
1.6059138
1.7122502
0.8670997
1.6331260
0.5671376
0.8446902
0.7554513
0.7569080
1.9972192
0.8786416
0.4715737
1.2674838
2.0219989
2.2675496
2.0838950
0.9600161
0.9345977
1.4589912
1.1626798
0.9474043
1.9450745
1.4460741
0.4190832
1.2353547
0.8530535
1.0863357
2.0810480
1.8487549
3.2988697
1.1686472
0.9573922
2.8253816
1.1244465
1.8530312
1.9815203
0.6789102
0.7781387
0.8222956
1.3758400
0.8011703
1.5570777
1.8721268
2.7790867
0.8221947
1.1269115
0.6581577
4.6379897
1.2819225
1.8043250
0.7275696
1.0285224
1.4641835
3.9344572
2.1402067
1.3349284
3.6679924
1.8036115
0.8606082
1.2276721
1.1982613
2.8896614
0.7918049
0.4109485
2.6179276
0.8903544
1.8727771
4.7345455
0.9447803
0.8465698
2.6418410
2.9421503
2.8164742
2.8768685
1.9117027
0.9197548
1.0706966
2.8419079
1.6769009
1.1730720
1.2263371
0.5579834
2.6892393
0.8432080
1.8560731
0.4667924
2.5096311
2.0597327
2.1434576
1.5116905
3.2762951
1.7918557
2.4607757
2.2205009
3.6038538
2.8974297
1.2467371
1.8035883
1.0882606
1.6965249
5.3253618
3.1370128
1.7779276
3.6815380
1.5701320
2.6312596
1.0732757
1.9269045
5.6513284
3.6143179
3.4912409
3.6034517
1.6920208
2.9946465
4.2227558
1.7688937
4.7177728
2.7661013
2.5955582
2.6342799
3.6179777
1.3215812
2.0674656
3.6308506
3.0616634
3.2221988
1.8385677
1.2535372
2.0969016
2.2547115
0.9863360
0.6196685
0.8023766
2.8276921
0.5193157
2.4594259
1.7922540
1.6243590
1.1914926
1.5426965
2.3036370
1.6275017
0.7668127
1.4819679
1.5248774
0.8798742
1.2865291
0.8633689
1.4369092
1.3865032
0.7672051
1.4950016
2.3067733
2.8824188
1.1951301
2.6127467
2.6221991
2.5730277
1.3996276
1.9302617
1.8567664
2.9032306
1.8518440
1.2269458
1.7804925
1.5307179
2.2368711
2.9848800
1.4514830
0.7626653
3.0416580
1.5856831
1.6306777
1.0342481
0.5963215
1.4993103
0.7510901
1.1542383
1.6608624
1.4832841
0.9141940
0.7706000
1.2041955
0.7690218
2.3954082
2.0326308
1.3149956
1.0986873
0.7812307
1.1298380
0.6277215
2.1560968
1.7454388
0.4962037
3.2021288
3.8449461
2.4510276
1.0035635
3.1931627
2.0433183
1.9948092
1.2142310
1.9079482
2.5946359
2.6458157
3.7423508
0.8053170
1.7080652
4.3391906
1.3875307
2.4998155
2.1190265
2.1102157
1.6919241
1.0680901
2.0612024
3.2073113
2.3238968
1.6060368
1.7113182
2.1330074
2.5420853
2.0772161
0.2730333
2.4020821
1.7877139
1.4540376
1.8996758
2.0838273
1.7976334
1.9828618
1.7773819
0.8057879
0.9011527
1.2394075
2.1794320
1.5213074
1.5495015
1.1888585
0.8940628
0.4288681
0.3286870
2.1970879
0.6939319
0.9794464
0.9190338
1.6298058
0.8297119
2.4836340
2.1222892
1.0528329
1.4299813
1.4669225
0.8450839
0.7259805
0.8235245
0.3866669
0.3933830
2.7067946
0.7802672
0.6087439
0.7860313
0.5340380
0.5225624
0.6105401
1.7696771
0.1742351
0.4770491
1.0332397
0.7093250
1.5217203
0.9314998
1.5074366
1.8782504
1.7216768
0.1503632
1.0007970
1.5840567
0.4777393
1.2020501
0.9901401
1.5941340
1.6132167
0.5264187
1.1811406
2.3069466
1.8476015
0.5368011
0.5075453
0.6800267
1.9738134
1.3090097
1.0094567
2.2518881
1.7439605
0.3557541
1.7448120
1.9982774
1.1738814
1.4128065
3.0173521
1.8789436
0.6887646
1.6518892
2.3301644
1.3344409
1.5540050
2.2076913
1.6088849
2.3242453
1.6290628
1.2787473
1.8919427
1.0893785
4.1357595
0.8482652
3.7687839
0.9184125
2.0378113
2.8480194
3.8009224
3.8590087
2.7456660
4.2152944
4.3224526
2.8748081
3.5322911
1.0538319
1.3954328
2.2297967
2.7214058
4.3725497
2.9213720
2.0570550
1.9008077
1.6331053
2.9636614
1.2156418
3.1486364
0.8948567
1.6987548
1.7641227
2.6380473
2.1672157
2.0337119
2.5106291
3.2866758
1.7841446
1.6957796
1.5285140
1.7781803
0.5550677
0.5456468
2.1868897
1.8154167
1.7839488
1.7264577
1.2364825
4.0406255
1.7774585
2.1074990
2.3212809
1.2394432
1.5066542
1.4306496
1.7025657
0.8476903
0.6348370
2.3317783
0.6699508
0.3157081
0.7117860
0.6753190
1.5854316
0.6208535
0.5666024
0.7404370
0.5862193
0.5043433
1.0905376
0.4177706
3.1335595
3.5559897
1.7579947
0.9733185
3.2176927
0.9020878
2.3576762
2.6083339
1.8742066
1.7883371
3.3047749
1.5478681
0.3641871
1.9880993
1.2178414
2.1433278
1.9866898
1.8003335
0.7787163
3.3735250
3.2017674
4.3664208
3.2808754
1.3997987
3.2355636
2.9820942
1.7925788
2.2571507
2.5054633
4.3499115
2.4604853
2.3702312
2.2174956
1.4304219
1.3233712
1.1448895
0.8736517
1.7957707
0.8999190
1.3835855
2.0887216
1.5217876
1.7471943
0.5907859
2.5449506
0.7809950
2.7831069
1.4428509
2.0705043
0.5322567
1.9007333
1.3167554
2.2938816
1.8920261
0.9656184
1.3464997
1.1574476
0.6925633
0.5274782
0.5508800
1.6913122
0.4079404
0.7812146
1.4761743
0.7314397
1.3467630
1.0029204
1.9259763
2.5067467
1.3247766
1.7677387
0.6694840
0.9274275
0.2249048
1.6266832
0.8967940
1.7750970
1.3343417
0.7175333
0.7988970
0.8623303
1.6308262
1.3920346
1.3043852
1.8761459
3.6778383
2.1671600
1.1243328
3.3637319
1.2679809
3.5261515
1.1089998
1.5397893
2.9241527
2.3496869
2.1671015
4.0254319
3.5075343
3.6073879
1.7990845
1.7251318
2.0067397
2.6286071
2.7707490
2.9113118
2.1352008
1.2732563
1.2556650
0.6429194
1.9642037
0.4462384
1.6809396
0.5340897
0.1950735
2.1944712
1.1442545
2.8230351
1.2757392
1.6436439
1.3003797
2.2365973
3.4011986
3.7168133
3.1588417
2.2332549
2.5345416
2.7753150
0.9319183
1.3388038
1.2773582
5.9422927
2.7857403
3.3670564
2.7528655
1.5410474
2.7163479
2.8370585
3.1240068
3.0024215
2.5269701
2.8693512
2.1150048
3.7855514
3.5545083
4.5820748
3.2121466
2.9011609
2.6732591
3.9297253
3.9322476
1.8415178
3.0817008
2.2591745
1.7059091
1.7379638
2.9370929
1.5793439
1.4054626
2.4077315
3.0273513
1.0308980
1.7689447
2.4325051
3.2140773
0.4329990
1.3499471
1.3276016
1.7135265
1.5027855
0.8530336
1.3847935
0.7747869
2.7836926
0.3698827
1.9041161
0.7990789
2.4180886
2.4779077
0.5757853
1.7256398
1.7093255
2.0003810
4.1043970
3.1276530
3.8460886
2.5796750
2.5920705
3.7642563
4.2952069
2.3316332
3.3735621
2.9401090
0.4940473
2.8746431
3.5701114
3.0885022
1.0652350
3.1454510
0.5270726
3.4722226
1.1431956
1.4935642
1.6990561
0.1393957
1.6223682
2.5889449
1.1715778
0.1746202
1.7707684
0.6126129
1.1072673
5.3884027
1.3235883
0.4912463
1.6131236
2.1098389
0.6904586
2.3150629
0.9705713
0.8742012
1.9531228
2.6341351
1.4564085
0.7991293
2.2401305
1.5435996
3.2065796
2.8146159
2.5279639
1.8844115
1.9663240
1.8403800
1.4478419
1.0961001
2.5300059
0.6262630
0.8938041
0.3665667
2.3912154
3.1282767
1.8648571
2.3942001
6.1144869
1.6129101
5.4234077
3.6354752
3.2613940
3.7176769
2.9717578
6.1657293
2.8832867
0.7598024
1.7468002
2.2463853
3.0282930
1.8311110
1.4197236
2.5569391
2.8441875
2.3771937
2.0626133
1.3497382
1.5730721
2.8091913
0.8130455
4.4388588
2.9013921
4.3520317
1.9466723
2.6689219
0.8663335
4.0279569
1.6199820
4.6635279
3.7794027
2.0801506
3.6851390
4.4588458
2.6215941
1.8740958
0.4763776
1.8110191
1.5411633
2.9453710
1.3181286
1.0068917
3.3674886
4.4443975
2.3507160
3.7323492
6.2826316
4.3639551
4.8730735
5.6110571
3.4884934
1.7599903
6.8171929
1.3266172
1.1096176
3.0057681
1.1700313
0.1554473
1.4149402
3.9741011
2.2980209
1.4164177
1.0439397
1.3904839
2.5622788
1.1555118
1.5278568
1.6355797
0.5803822
1.9393738
5.3258729
1.9503816
1.0003923
1.2989301
2.4773725
0.9077699
2.1613274
2.2225593
1.7299067
2.6953340
0.6105881
1.6546771
1.0622067
1.0205437
1.9473725
2.1300060
1.5826765
2.0869380
1.4944862
1.1544029
1.5838316
1.0246937
1.9468652
1.2730116
3.6398945
1.5903233
1.6761106
2.1349639
1.9287690
1.0432678
3.5385296
1.9756841
1.2503649
5.3140394
3.6085770
4.5949858
1.9721066
3.6060927
2.8528011
1.0422323
3.8503011
3.4144583
4.6425934
7.4050009
4.6624427
0.5374228
3.9357707
1.1852583
3.5173590
5.4972021
3.0959239
1.6851449
3.8547441
3.4130268
1.6705620
6.9055276
4.4317716
1.7557491
3.4529660
1.5243576
2.4952180
4.2908364
2.0444676
2.2860838
3.7734152
3.4885453
1.6066429
3.5739496
4.6229638
1.2101749
4.0328019
5.6711870
3.0300930
4.2630558
5.5707401
3.4282074
1.4436211
2.3092800
2.3544552
1.3580268
3.9398167
1.6183433
0.6765485
1.6915682
1.1816253
0.7250262
1.1260128
2.6853052
1.7117337
4.2413329
0.4214923
5.1195127
1.3054055
5.8511494
2.3481434
0.7586531
0.3008821
1.1419579
3.0345561
2.2190143
1.7235730
4.0256846
1.8584595
1.8301451
2.0247417
2.3192469
2.7758281
2.6080837
0.6664988
1.5780432
2.7614720
2.9022919
2.8686397
2.5653782
1.3179412
1.2380866
1.1056841
2.0903597
1.2519169
1.2765803
1.1115696
1.6291215
2.8825114
1.2068295
3.5686173
3.3000458
3.5153064
1.5197235
3.3768460
0.2719833
1.9521097
1.6416145
3.7027866
1.3059296
2.7059252
2.5041148
1.8518291
1.4659853
0.3870927
1.1820953
0.6355058
3.7939563
1.4178346
0.9395407
1.6491683
1.4301295
1.7721082
1.2226772
1.5127995
1.4491888
1.8142215
6.2572137
3.7970565
3.5705767
4.8186301
5.8679851
3.8967757
5.5051657
5.8669661
2.5874960
5.5871626
3.0524064
4.3582902
3.0584322
4.1114754
2.5804402
4.0202548
3.3876195
1.8339230
6.1965400
3.0610650
1.3995119
4.9469126
4.8050638
7.8547795
5.3852996
2.4016995
3.7079374
2.1976718
4.5693106
5.4322094
2.3916284
2.0562040
4.2505417
4.5681752
3.2663722
1.6853567
2.9629752
1.4587777
4.2588642
0.9182565
4.1608197
1.6735760
1.6412382
7.1178535
3.6917265
2.9350182
1.4591167
7.6393901
3.1645629
1.4719105
2.6860615
4.2443973
2.9058611
3.5586166
4.8407348
2.4973488
0.6774241
4.5195274
6.6345269
3.5534425
5.3148422
3.0896650
1.0617921
3.0032389
3.8362220
7.3938000
2.0654889
3.3131050
3.8034584
1.1751024
2.6476260
4.5403522
2.3561725
0.7659412
2.2984607
0.5994483
3.2697623
0.4776141
2.5336875
1.5375739
3.2197007
1.3323794
3.1996635
1.2959343
2.1399886
1.7311997
0.3504128
1.0112961
2.7462181
0.3185582
0.5556537
0.8708664
1.8768663
1.4128191
0.4755532
3.3335056
1.4939316
1.6260762
2.1998493
0.9686832
1.3231787
1.6936334
1.8326528
2.0525543
0.9177729
1.4430023
1.0058395
2.5818561
2.4777427
1.8645530
0.9142028
0.8807515
0.8189440
1.4174456
1.7658714
2.1196616
1.1417169
1.1923296
0.3618284
1.2969493
1.7091167
3.1767541
2.7847429
3.2853739
1.4670080
4.2171153
1.2805382
3.1598244
1.5079331
2.6706314
3.1540506
1.8481018
0.6719828
2.3058718
1.0288681
0.3054050
1.1631830
0.5272127
1.2917130
0.4743326
1.6222316
1.7654388
1.7742782
1.6051484
0.8435931
0.4407071
0.4612141
0.9525442
0.8120090
0.5786944
1.0390495
0.3441587
0.8186419
1.0168895
1.9261013
0.4437050
0.8276393
0.8592703
0.2679169
0.6061312
1.0819150
1.2908394
1.2072826
0.9094532
0.8227295
1.2909982
2.2783910
1.9614585
1.8430861
0.4949615
1.6000909
1.5881366
0.6919229
3.7035473
1.2676243
2.3443391
0.5234595
1.5831327
0.7670781
1.1992570
0.5954628
1.0030257
0.8316507
0.7657740
0.7584179
1.8224217
1.3733711
1.2035938
1.6559106
1.3835019
2.2956040
1.8156033
1.8049460
0.7319877
0.1644751
1.1918544
0.2811246
2.0494835
1.2333056
0.9350407
1.3490671
1.5012136
1.3286912
0.6662944
2.3476162
0.7214962
1.0970615
1.8710341
1.2628762
1.1267428
0.6427401
1.8157111
1.4818472
1.7555738
1.9327027
0.8815092
1.7328243
2.5589067
2.8192082
3.4682978
2.3346590
1.8522381
1.9410699
1.4910558
1.1573524
2.2341291
1.6245542
2.7179835
0.7477659
2.3159330
1.7387729
2.6166309
0.8728763
1.5901160
0.9719740
2.4818955
2.6139846
0.8355246
2.4259563
1.4867905
1.0809296
1.3013651
1.1090442
1.4799402
1.1895830
1.3598692
1.9125358
1.7378359
0.6904468
0.7543935
1.3028243
0.5670176
0.9637870
1.4640821
0.9840681
1.3515048
1.1038343
1.7433534
1.2472011
0.9855742
1.4435118
1.5047352
0.9702719
0.8786335
0.4952982
0.9550453
1.1670201
1.5420771
0.6011601
1.5937389
0.8875080
0.2195633
1.1399620
1.0436491
1.6295039
0.2427290
0.6937607
0.9006454
1.0324654
2.6293310
1.7835971
1.4071235
1.3784353
2.1855263
1.4027381
1.2111229
1.1426454
0.7419267
1.2902114
1.5219739
1.7758850
2.0464622
0.5891637
0.7658600
0.9468052
2.1418284
0.4074767
1.1667707
4.4477759
3.2219986
1.1584898
0.7441453
0.8477346
1.4953201
1.8653312
0.8343168
1.0412936
2.5711223
1.5929357
1.2683673
0.6273417
1.5111154
2.1843724
2.2174719
0.7404373
2.4565013
1.2736248
1.5836269
2.8284767
0.9053052
2.3841166
0.6855844
1.2260443
2.3932831
0.8141220
2.7003266
1.0118697
1.2028203
1.0987957
1.2417219
3.0287729
1.1860463
2.9640976
1.1560051
1.4767407
1.6836535
2.0968115
1.2549218
1.5803739
2.0036106
1.4072555
2.5027312
0.7324736
0.6819202
0.7309628
0.5699789
1.3461416
0.7063020
0.3833797
1.6453659
1.4056413
1.8797157
1.1302683
2.0624055
1.3866936
0.9414035
1.6100573
3.4059648
3.0082506
0.7290656
3.6466629
1.9038574
1.0911880
0.4875019
1.1442257
1.0274976
0.6034356
3.0229820
1.6598580
2.6637473
0.6916565
0.6678033
2.7127810
4.4427380
1.8856169
1.8813749
6.4880103
4.0508834
1.3374113
1.8490445
1.3376156
3.0052093
1.9074272
2.1605788
0.6710693
1.5856174
1.7247942
1.2799892
2.0611301
2.0440217
1.1925265
1.8678685
1.9215182
1.0028779
2.0248900
0.5462741
2.3923626
0.4973616
1.5196773
2.0402034
1.8525544
0.7705665
0.9895046
4.7312487
1.1200770
0.1152891
2.8738732
3.0013320
1.1475553
1.1764332
2.8950011
2.6198445
0.7842386
0.5562806
1.5642006
1.5375850
2.7586411
1.6773412
1.9143234
1.6151397
1.2229031
1.9954237
2.0711278
0.7628278
1.7724536
1.5427681
1.4854825
2.2945887
1.7166708
1.4570622
2.4396752
1.8850697
1.6558888
0.4375893
0.9534733
2.0392179
2.2930215
1.2522397
0.8849955
1.1223828
1.1696588
2.3590285
3.1648532
1.7349839
1.0580003
1.1016494
2.8100276
2.4162028
1.2837284
2.0767365
3.6347953
1.6641671
2.7195325
1.2453518
1.8864505
1.2506739
0.6756214
2.7604305
1.7408504
4.6631641
3.9511396
3.6526265
3.3970878
1.7985534
1.0642610
3.4980820
2.4660487
1.2757613
2.1837264
1.0233894
2.1289592
2.8575553
2.0107576
4.1627152
2.0923020
0.7915138
2.3334718
1.8436597
0.7358705
1.0057795
1.7763675
3.6802956
1.0514648
2.6408443
1.4824459
0.6076605
0.8023034
2.0393761
3.8297607
4.6343400
1.3181428
3.1117442
4.3952136
0.8497756
1.2504761
3.8255875
5.2307548
3.0782918
1.6700871
2.1442973
3.0505359
4.8070477
0.8075335
1.7620667
4.9652961
1.5206471
0.6901496
4.5696055
3.0166970
2.6708306
2.3629503
0.9597321
4.8301146
3.6514701
2.0269058
1.8179849
1.6435350
5.1479083
2.9416111
2.1509344
7.1498583
2.5481770
0.8961152
1.4766571
1.6119903
3.7590136
1.8023327
2.2446792
1.8264822
1.6398083
2.9069349
4.3664031
2.0299166
1.1728375
3.3050442
1.2452568
1.3597909
3.3460466
4.2326664
3.3661207
1.8099270
6.1509297
2.7186130
2.8198040
2.9752777
1.5210736
4.2959467
5.1275473
2.8231800
4.5855787
3.5467109
3.4329036
3.9814924
3.7659058
3.5740786
5.6651392
3.0648979
4.5364588
1.7354168
2.5147277
3.0087993
3.1710395
0.9356152
0.4678053
0.6378533
1.3652939
1.2150240
3.1811785
4.4980241
2.9593837
1.0117164
0.4067087
0.7825433
3.0647509
1.0391440
3.2716701
1.6638430
1.3628644
0.7823159
0.6046990
4.2887229
3.5364170
1.0081893
1.0581251
1.4669798
1.1416744
2.0245979
3.6819296
0.9160059
2.0568554
1.9136534
2.0039684
2.4483428
1.0708128
1.6145742
3.0266211
0.7097651
3.3341315
2.2116282
0.7307936
1.6966606
1.6156841
3.3277713
2.6032165
4.0703181
2.7283009
1.7532289
1.3741267
2.9878694
1.0467123
2.0829789
2.0625849
1.4168733
1.4924045
1.2407665
0.8766067
1.0324946
0.8367939
2.4783109
0.5285895
2.0127754
1.2519646
2.4822528
1.8376098
2.2126706
3.0361517
0.3665544
1.0828655
2.2186114
2.2546559
3.3023773
0.4394773
3.8163122
0.8800442
0.7546441
1.1024400
1.6479996
1.6551017
1.9000749
3.2459845
1.6936553
2.8621315
3.2186051
3.0521545
1.7823425
3.6241677
2.1659044
1.0103190
3.8924628
3.6146113
3.2884175
4.5287124
4.2476706
1.4995052
3.3106649
2.8673551
4.0016137
2.4886512
0.6123473
2.9446457
0.8571301
2.0053293
2.5467119
3.4989350
1.3325167
3.3737448
1.4475079
0.4952434
1.8325186
2.3713430
3.0686099
4.0743446
2.7218298
1.2959102
1.1257935
1.4060358
1.3937127
0.8016001
2.4265115
1.2151498
1.3797578
2.6002809
4.2149346
1.5701411
2.2102698
1.7194928
1.3811331
1.2548807
2.6976338
1.2526057
2.0290430
3.5838401
2.2216220
2.0945372
0.8038152
2.4314936
1.1360502
2.7463276
2.9139670
5.7419847
5.8188251
7.5747695
7.8236847
6.5894032
7.9064843
9.6085312
4.3309636
8.1548170
6.8028879
8.9991078
6.8708384
11.1804985
14.2672647
12.5318722
7.7830186
7.5477366
6.5320303
5.3557589
9.7116611
2.0484333
3.1882513
3.6585640
4.2512013
5.4387821
3.5826346
2.3607036
2.9451175
1.9458967
2.4382529
2.2887396
2.8223144
2.5755385
2.0814144
3.8839674
2.6920720
1.1973291
2.2403943
2.0857030
2.8815824
3.0327564
1.7635080
5.1676388
1.6799811
1.5688652
3.0148235
0.9905750
5.6660646
1.8525361
3.5475082
6.9911660
5.7154177
6.1993708
8.8523798
4.8656787
7.2298770
7.8170614
7.7210955
7.7414727
8.2353158
7.6238326
7.7600271
7.6416656
7.5044735
9.1203071
5.4896671
7.1161698
4.9390610
6.0869170
5.5022384
5.4554044
4.8336960
3.9273971
5.3127564
3.4673520
4.3666852
3.7167452
3.2272809
2.8969873
3.4312640
2.9190855
2.9608352
3.6995578
2.5215294
1.9494663
1.3230640
1.2956610
2.7273984
3.1068890
3.0228994
1.6736183
1.1307385
3.1762373
1.5925694
2.5023623
1.5645027
0.6616116
1.5120922
0.9109644
1.3407569
0.3731068
1.4184124
0.7864960
0.9360612
1.5752264
0.7261412
0.5003487
0.5460085
1.1698361
0.9635744
0.3952653
2.0308023
1.2121801
1.2317836
1.7600524
1.8747470
0.7195880
1.3974955
2.4491002
1.4392219
2.2399388
1.3218016
0.9805833
0.8116481
1.5910562
2.2260576
2.1908336
2.0483563
1.2957517
0.5907282
1.3674307
1.9682354
1.8274287
1.8962167
2.3393945
2.5365400
0.7072669
1.2764066
0.9126467
1.5279671
1.0863700
2.6342267
0.9396403
2.1063768
3.0684762
1.2828924
2.5266102
1.1372187
1.7009916
0.8276938
2.0666984
0.5831987
1.7085646
0.7330691
0.9163644
1.6469090
0.8386612
2.1931094
0.6903486
1.8155823
2.8049739
1.5862077
2.0138210
2.1551218
2.0386803
3.5749951
1.7951398
2.3644957
1.2116587
0.6865938
1.1252635
0.9052399
1.5632910
0.3160152
1.0908773
1.2102225
0.3399102
0.8993259
0.8091223
1.2399358
1.3678302
0.9040100
1.9161993
1.3665168
2.1732013
0.1842981
0.8255477
1.5387563
1.1466676
1.9443762
0.9969454
1.2546250
0.6374050
0.8816644
0.9859730
1.5057271
0.4029648
1.5223081
0.8625468
2.1443494
0.4595920
0.7471069
1.6604816
0.7237908
0.9794534
0.9991481
0.8382029
0.8606868
1.0992724
0.3515150
1.5992004
0.7231702
1.9438998
0.3160760
1.4059334
0.7828913
0.3930834
0.7541338
0.5707849
0.9715231
0.8783844
0.5876370
1.6125096
0.6608603
1.3503645
0.5009578
0.6122453
2.1611989
2.6177636
2.7684714
1.2884829
1.6799338
1.8218455
1.0527588
2.9388529
0.7200033
2.5295945
1.3993291
1.6968684
0.6903167
0.6857945
0.8672221
0.9995636
1.5147153
0.5445634
1.7503363
0.8645154
2.4235739
0.6887224
0.9674189
0.6828199
0.8564100
1.7688677
0.8718811
1.3748717
0.9464966
1.1660917
1.9632758
0.2398125
1.5498244
0.6602957
1.0017818
1.1170837
0.5670461
0.8239534
1.0454396
0.5351028
0.8067727
0.3107523
0.6035516
0.7077639
0.3741126
0.7996255
1.5048576
0.7779096
1.3636556
1.9669309
0.6831513
1.9839934
0.4573179
1.0232141
0.7391099
0.6753972
2.9116889
3.6308488
0.6130884
0.8471084
2.4140855
2.8381864
0.7956720
3.0114544
1.0886302
1.2646840
4.1438706
1.1913100
3.8640218
5.6661069
3.6500490
4.3188542
3.5682772
3.2099492
1.7297711
3.1261069
1.5717062
3.1488389
4.8721902
3.2702372
3.4441631
1.3637070
2.6029064
0.6774785
3.2437134
4.2963187
3.3002449
5.0954848
3.4593518
7.2583589
4.6578292
7.3203729
4.0927435
3.3800123
5.8228128
1.6805430
3.8110047
2.7824677
2.4816989
5.7102200
2.4866415
3.6401718
4.6255793
3.0379323
3.4838083
3.0440902
1.4265307
0.9488679
2.4123240
1.1968124
1.6955314
1.2478214
1.7793121
2.3891313
1.7758166
1.9004472
2.1177342
3.0207155
1.8832360
3.5881255
2.3773558
2.5910458
3.3253915
4.0168829
2.7969506
2.2345266
2.2110174
2.7870500
1.1194479
1.6193210
2.1827880
1.6904915
2.5939840
0.6966400
0.9348590
1.1926785
1.3523646
0.5673404
2.2330466
1.7579614
2.2267048
2.3205724
1.3876326
1.5738402
2.3593090
2.5820618
2.0413502
1.5973516
2.1220352
1.0963739
0.9662813
1.6573461
2.1638464
1.9593313
2.5683637
2.7641902
1.4299040
1.0209776
0.8165883
2.4540353
2.0083044
1.8479895
2.7008465
1.8050844
2.2795489
2.4663694
1.8915847
1.0622618
1.9565433
1.1475168
1.0449284
1.3548158
0.9316589
0.9326279
0.9436561
1.1738772
0.3482056
1.1397093
4.2074426
0.9314215
1.6084733
1.9646081
1.9105892
0.6868118
1.8843807
1.6358498
1.2969620
0.2646324
0.3259742
1.3447171
2.1874920
1.0766836
1.6703778
2.4067637
1.4379029
0.7663092
0.8043088
1.0416839
0.8377850
0.4925328
0.5230284
0.9082864
0.5872314
0.6445355
1.4568926
1.1854939
0.8077328
1.2006119
1.1529699
1.3862851
1.1662963
1.2225553
1.5011626
1.3929946
1.9689749
0.8723139
0.8812182
1.5349097
1.2626129
0.9219430
0.8704376
1.3137787
1.1038015
1.1318406
1.0611685
1.2031733
0.7975246
1.0255423
1.0707851
0.9870630
0.8060152
0.9413906
0.5791781
1.1149351
0.8035929
1.7519374
1.0502478
1.3293549
0.6638812
1.0775788
1.2058135
0.6888666
0.5030336
0.9706395
0.3525429
0.4309642
0.6733524
0.7932550
0.6420496
0.6787520
1.1407554
1.2158575
1.4439028
2.0350260
0.7921161
0.7500997
1.7861840
1.0029855
1.4603802
1.1560866
0.2709450
1.4113339
1.3541840
1.4780092
1.9459374
1.9719516
1.5468406
1.4964115
1.1278460
1.6095123
1.9757345
1.1196919
0.9224873
1.8250874
1.7976353
1.0653082
1.7960178
1.6688999
1.1782452
1.1461834
1.2372517
0.9844493
1.0851775
0.7116657
1.3747210
1.2771068
2.1116613
0.6019132
0.7366924
0.4532240
1.2685928
0.8210726
0.5026930
0.8025467
1.3355417
0.8175592
0.6595569
0.5204422
0.6576483
0.3139283
1.0847117
1.1023868
0.5509430
0.9454104
0.7323952
0.2876780
1.9311068
1.5942887
1.3113829
0.4967869
1.2508115
0.3798314
0.3051271
1.0142276
0.2527785
1.1126140
0.5830786
1.5051110
0.7642596
2.3756240
1.6843901
1.0606435
2.3162943
0.3943443
0.9655327
2.1788806
0.7567231
2.2512011
1.5796174
0.6872959
0.7766439
0.9098648
0.3379576
0.6967192
0.5052392
0.5788279
0.7949682
0.4345676
0.4150156
1.6117075
0.7060321
1.8400450
1.2295057
2.1815163
0.5133739
2.1851107
0.6650865
0.5560145
1.3004696
0.5280721
1.1190702
2.9349226
3.1458498
3.6733100
0.3204503
0.8505558
1.9950014
2.0734379
0.6718671
0.6485575
0.6583744
1.5194183
0.7815845
2.2644977
0.5245742
1.1461977
0.3558482
2.2150802
4.5998298
0.6745385
0.8024452
3.7769904
1.1088006
2.2793660
1.5718707
2.8754083
0.9935250
1.8375135
2.4223137
2.5943909
1.2834157
1.9172606
2.2064848
1.9239358
1.9228933
2.0541941
2.3487736
1.1266696
1.6999566
2.5968260
2.1117587
5.3998509
2.6013166
3.0090584
1.9998580
1.1032208
2.4805588
1.6134054
1.9402598
2.5994184
2.7236720
2.9189893
1.5354162
1.1012362
1.7640097
1.7653678
4.1007426
1.2098346
1.1485825
1.0990819
0.9001557
1.4238610
1.0308945
0.8947950
1.0464219
1.9336593
0.9023506
1.4890643
1.1046697
2.0603384
1.9166519
0.2869466
1.7784731
0.4372126
1.4408162
1.0239256
1.1627840
0.4366398
0.3474383
1.6296799
0.9407711
0.5934009
1.2906954
2.3524132
2.5061450
3.1687695
1.3300504
1.8133207
1.8266649
1.5906757
1.0450111
1.7684886
1.2199901
1.2269851
2.4088451
2.0546933
2.8158243
2.8919796
1.2347220
1.6533706
2.5179912
0.7941064
1.5252148
0.6503049
1.0346975
2.2108973
1.5051306
2.1876973
0.5920788
2.3861757
1.9504036
2.1666025
3.0782253
1.7000516
1.6202928
3.7843094
2.9302606
2.6868077
3.4024015
3.5298345
2.9978177
3.7105144
2.5065848
1.7551007
4.7330186
3.7282822
4.7620352
3.0117031
4.0462069
6.5900753
2.3044885
6.2609986
3.1285378
5.6929256
8.1380659
6.0774116
6.1492018
6.5287901
1.5962588
5.5906123
6.3291608
4.9454923
3.5751389
2.4938845
6.5670427
4.4172648
3.4476822
3.9338068
2.8613091
4.3657993
3.4284133
2.6797591
3.1012327
3.3999991
2.9063699
4.0088862
3.6402387
1.6301876
1.5853552
2.4956040
1.2506909
0.8392972
1.7257012
1.0598607
1.0708495
1.9409552
2.8163318
1.9365877
3.1288950
2.6085625
2.7712240
1.5280569
2.2412250
0.9563094
2.4419064
1.3230618
4.0421232
1.7066029
1.4980314
0.8502411
1.7536402
0.7073630
3.1967299
2.4995928
2.9989144
4.0341593
2.9534292
0.9438239
3.6678768
1.7336925
3.1152143
2.0110867
0.7177427
1.5055798
2.4743333
3.6072036
1.2472269
1.5765711
1.5592899
2.7874894
2.9957821
1.5359582
1.8512006
4.1097580
2.5765472
2.3324286
1.2965570
1.3524627
0.9041202
0.9677787
1.7153085
3.1525033
1.9403317
1.2031881
0.8138891
3.7767627
3.1137095
1.4104855
2.8701254
1.8815199
1.4915231
0.5971581
3.3128948
1.3696026
2.6379946
3.6616939
4.6032800
5.1326249
3.8321421
2.1126905
5.5274732
4.2156269
2.2728678
3.3564550
2.5246432
1.5235834
2.3141056
1.8390172
0.8354566
1.1772410
0.4106236
0.6653261
3.0477373
1.3161651
1.5911531
2.6493537
4.2579576
0.9898285
0.6082367
0.6065759
2.8339335
0.8699359
2.0679424
1.2275426
4.1335745
1.2370713
1.9973185
2.2349416
1.7857976
3.0529947
3.1668518
1.5435375
1.9062197
2.1131353
1.4891065
2.4898204
0.6721302
1.2614391
0.6491182
1.4218294
1.3512889
1.7976845
0.2766470
0.5734985
3.2585316
2.2380964
1.3036900
3.7338072
3.7475725
0.9729357
3.9387019
0.7349792
0.2356077
1.0874027
1.6873158
1.7402280
0.7517907
1.7467984
1.8844692
0.6036717
2.2062744
1.5225855
1.6725610
1.1814095
1.3232082
1.6856540
1.0565418
0.6202455
0.9792012
0.2940873
2.5488374
2.3866258
0.9802282
1.8732202
0.7912870
1.0724081
0.9860619
2.3597147
1.6079484
3.4426959
2.9317965
1.8436416
1.6368310
1.5663200
0.5660068
0.5915177
1.2755688
1.4837272
0.7614845
1.2486757
1.3409719
1.1798734
0.5571729
1.5164426
1.0893201
1.0237371
0.4742529
0.0828644
1.8876522
1.5165616
2.1203920
1.7751898
0.3407740
0.6454391
1.6177284
2.3986724
1.4129324
1.6106828
1.9336916
0.9935818
0.7450771
1.8231380
1.2330098
1.4527084
1.0160004
0.9992556
2.3255954
1.1727984
0.9071762
1.2658240
1.2066828
0.8429389
1.3919082
0.5105781
1.7594406
1.1649238
0.1688095
0.6712001
1.3120902
0.5825768
1.2018726
0.8392532
0.2061602
0.7995212
1.2647771
2.3160760
2.2257947
1.9869021
2.3031451
2.2632088
1.0326890
1.0171324
2.1297575
2.2543900
1.4424290
0.5794861
0.6754099
2.1584417
1.5688311
2.6099255
2.2524911
0.6549111
0.7154961
2.7020072
2.7778015
2.9076911
2.2934626
1.2515261
1.5278239
1.8689157
2.3335849
1.1919656
1.5779433
1.7933064
1.8460443
2.4540826
1.7617433
2.1531955
2.9145593
1.5269488
2.1287227
4.9055208
2.1559256
3.6745566
4.2136516
2.4132830
2.1233489
1.8801969
2.4178688
2.9913663
4.5927302
1.6519087
6.8532099
9.4095751
7.2688252
5.7047125
5.6029414
5.6156024
6.1105549
5.3833777
7.2694846
7.4613650
3.0038534
3.9686457
3.1365616
4.1839950
2.6934774
4.8224346
4.2289380
2.0694293
2.2503844
2.7123006
3.4763617
1.1046495
1.8974083
2.4276956
0.9242283
1.5991364
1.1686308
1.5224756
1.1860128
2.0336202
0.7466030
0.3231823
1.0496391
2.4475929
1.0364056
0.7432332
0.8409644
0.9662000
0.9998563
0.4480468
1.0664513
1.0485269
0.6770721
0.4104058
1.7515376
0.3056092
1.1768746
1.5790064
0.9298884
1.0917306
1.4903297
1.8933285
2.2305924
2.8480203
2.4815259
1.1120270
3.2885622
2.2957814
1.7921183
2.7217901
2.1897413
2.9810810
3.5551687
1.2435447
2.3842169
2.4171354
3.4828108
1.9042543
2.7309945
1.5944709
3.0473972
1.4857407
1.8188345
1.2751921
0.7371657
0.9627599
2.7650444
1.4276210
2.0899658
0.4623995
1.0590491
2.1804888
2.0184776
3.5291457
0.6941786
0.8042791
0.5241311
1.1655040
2.5228298
1.2465581
0.8106043
1.3026229
1.1595997
1.7092641
0.4031514
1.6732185
1.5571166
1.2872658
1.4814137
1.6144219
1.1347158
0.5109540
1.9679880
1.2177212
0.9691451
0.6912230
0.5853568
0.5778460
1.1610151
1.6191990
1.9957287
0.6906872
0.8491693
1.8749428
1.4800233
1.4246300
1.1221420
2.6754623
1.3513647
1.1447255
1.1067545
0.7592409
0.8126058
1.0422516
3.3209559
0.6678643
2.0339830
2.3156513
2.1414378
3.0365755
0.7291898
2.5839069
1.6236959
1.0261925
1.7557480
2.1893661
3.1865025
2.5126415
2.3526661
1.8012210
0.6078106
0.6500987
2.1822723
1.5353334
2.0793900
1.1025576
0.7394433
1.4538030
0.3447654
1.5402118
1.0142448
0.3297244
0.9356716
1.9577944
4.6736940
2.4880910
1.1597716
1.3663814
1.2603982
0.7985919
2.7778122
1.3452637
1.3040462
1.9276502
1.4670538
1.7591935
2.1238513
1.0649143
2.8320465
1.1942826
2.5196131
2.0479536
0.6247872
0.7751216
0.9797651
2.2416447
1.5365983
1.4708230
2.2324743
0.5770088
1.7413177
1.3289299
2.3208482
2.9984723
2.1460681
0.8514165
2.5137346
3.1982243
2.4909445
4.1285058
2.0869432
1.1165389
1.5994402
2.7302565
1.9688799
0.7686880
1.6035453
1.7208524
2.1849548
0.9847083
3.1561632
2.6778535
1.4702116
0.9412559
2.7782128
2.3536620
0.4667328
2.2097036
4.1079090
2.7625471
3.2661669
1.4659102
1.3141804
2.2006184
4.1880761
1.6717502
1.9929706
1.9774680
2.6875516
0.7069488
1.3978021
2.6025905
1.6457286
2.4417808
2.1016010
2.3607144
2.8155806
4.1009176
3.5595357
3.4323352
3.8516482
1.3284980
1.8474716
1.7609704
1.0004573
0.8200270
3.3286888
1.7148875
1.5355939
0.5133680
1.6310565
1.4499815
2.3280814
3.1595894
1.2475560
3.1431325
2.1417220
1.3083155
5.0796574
0.9085018
1.6830110
1.0192577
1.6936044
1.6276519
3.7208600
1.0437699
0.8060130
2.1706398
2.8814241
1.3075097
0.3086078
4.2776958
1.4899582
2.8311957
4.5100977
1.6887874
2.7458723
2.4192992
0.6015921
5.9771305
3.3280989
3.1643006
1.7838819
0.7153442
4.5036237
2.1383131
1.2112139
2.2122726
5.9237341
3.8730265
5.8054169
3.6864888
3.4171909
2.1239278
3.2092668
2.0583262
0.0783903
2.7391366
2.5220446
3.7980885
4.2473349
8.1475227
6.0645508
1.6790787
3.6068044
1.8451579
5.2913916
6.3644985
1.4916809
3.5876418
1.8249681
1.4037094
1.9423275
3.3144292
2.1550625
1.3495025
0.9125425
2.1859852
2.9976164
1.4615099
1.9603058
2.4245529
1.3851417
0.9880391
1.8830117
2.4837238
2.0737592
1.3156641
0.9908128
2.2659620
3.4807138
2.8658225
0.3816992
3.0883809
1.6719975
2.3220908
3.1862888
1.6837234
0.4659638
2.2945626
3.2370077
2.6966419
1.8378016
1.5624396
0.9976768
0.5377755
1.3586134
1.6198655
1.6246098
2.3932139
2.5702166
4.1448446
2.2578112
2.3269800
1.4440682
2.4805936
2.5006248
1.7881929
1.8287143
1.9479891
2.7102007
2.2952461
2.8679658
3.0628609
1.7353203
1.3930069
1.9096532
1.7577946
1.4931681
3.0013540
2.1103409
2.3492891
1.1166304
1.3020355
1.0076653
1.9215018
0.3553730
2.3452301
0.4324844
0.9180706
3.5176972
1.8708993
0.7138490
1.3378912
1.1621318
0.2425050
0.4589356
1.3165554
0.8768301
1.1802551
1.6795658
1.1673871
1.7917398
1.6423871
2.7680086
1.9381859
2.5716566
1.7812673
0.5118832
1.4326867
2.1486032
1.1851791
0.3513073
0.8024972
0.6402646
0.8956516
1.1145810
2.0564053
0.9103982
0.8648104
0.9438166
1.9665084
1.6118076
1.3510922
0.7894844
0.8217296
0.8145373
1.8320109
1.7339748
1.1205976
2.4485822
1.3934633
1.0700895
1.5895760
2.4878423
1.6168545
2.4845925
2.0644631
1.3373025
1.2461053
1.4706749
1.9274859
0.9466275
2.9844818
2.0088890
2.7016330
4.0477919
1.9035492
2.5847545
1.7294552
2.7439557
1.3211238
2.0690786
1.1461896
1.3399405
2.9149190
2.0462873
0.4658194
2.6472989
0.6870699
1.2616851
1.1484681
1.2442552
1.3653239
1.7895558
1.3760973
0.8069224
0.7000415
2.4203951
2.8180602
0.5536330
0.9123923
2.1551287
1.8287443
1.6702260
0.7062183
0.8735561
1.5339645
1.0497870
0.8961629
1.4049536
1.5404224
1.3247325
3.5831635
2.9054440
2.1627084
2.9919702
3.1344416
1.1478835
1.3681610
1.4663821
0.6799318
2.7634779
3.1455640
0.6229282
1.5487573
1.5915276
1.2401329
2.2174001
3.0008516
2.2058187
2.9221682
2.2231743
1.9948915
1.3629380
1.8994528
2.7152033
2.7279565
2.6252537
2.7880982
2.9927860
3.4776469
3.1843242
2.6417106
1.2216944
2.1801972
0.9514567
3.1994905
1.5117701
1.6338804
1.5776935
2.3591339
2.4675158
0.6497941
0.5477858
1.2330591
4.6916181
1.3106806
2.1186909
1.1475472
0.2969983
2.0010348
2.5457424
0.6875820
0.5999037
3.2460027
1.4593905
1.5536252
2.3392167
2.1929984
1.3728928
3.3581653
1.2003952
2.5421656
1.1604087
1.0051648
1.1417946
2.8204456
0.6689098
0.7406687
1.7522647
0.7832598
1.3465107
0.3124432
1.6927561
2.3073735
2.1078367
0.9626639
0.2594975
2.2026578
1.5364059
3.1325956
3.5316290
1.3051225
0.7901175
1.7623411
1.4245143
1.4082524
1.8387593
0.7743510
3.4976607
1.3293470
1.3725098
0.8955142
1.7392758
3.2307690
2.4190337
0.5823976
2.2394638
1.1053098
0.8762505
2.8289189
1.1219995
1.5250167
0.5543258
1.3239603
1.0603742
0.9645480
1.7137861
0.8933388
0.9411353
0.4521779
1.8585811
2.7420322
1.4819289
2.4320915
1.3505950
1.7883704
2.6310144
0.4669808
1.7155856
0.5647694
2.4142663
0.8493592
0.9058842
1.7358558
0.6612692
1.1255273
1.9004117
0.8396943
0.7927203
0.6144784
1.2514747
0.4138784
1.3931920
0.8470764
0.8122086
0.6938289
0.4033229
1.0154770
0.6390248
0.9131376
1.5296139
1.1778694
0.9072760
0.1669756
0.3139825
0.8842479
0.6012353
1.1010912
1.5792897
0.7473363
2.5987312
0.3246665
1.7185026
1.2755065
2.4300763
0.8825688
0.3661517
1.0038929
0.2952608
0.7820154
1.5527697
1.9446476
0.8190851
2.0638293
0.9781545
0.2379610
1.9503976
0.8768295
1.3952122
0.7350334
0.6086456
1.5972027
0.6008212
1.2276109
1.0587218
1.9270234
0.9610346
0.5559602
2.3474960
1.5300365
0.7553160
2.2896386
0.6229310
0.6945897
1.3697228
1.3887279
1.0694308
0.5765334
1.3816265
1.5383177
1.3663763
1.6453119
1.5030580
0.8528481
2.3935370
1.7889584
1.5787700
1.7807011
1.1445148
1.6129951
1.7110128
0.4934622
0.6051569
1.2053095
1.6473853
2.0448999
3.7874164
1.3668003
1.4564513
0.6429540
1.4745119
1.0783609
0.7297656
1.1560509
2.1380256
1.8608205
0.3089473
1.0069364
1.1786781
2.2079517
0.4468334
0.9294279
0.4138486
1.5090180
0.9055244
0.5838557
0.6313628
0.8632403
2.4361345
0.4661533
3.5674936
0.6980402
1.3016663
1.4098717
1.0064565
2.8750960
5.1898351
1.5936588
0.7209402
1.2643373
2.8249261
2.8649260
1.5112576
0.9085580
1.1194776
1.1290038
1.8643462
0.9762117
1.9182818
2.5484702
2.9585291
0.8556503
1.2392352
2.5995479
2.3030719
1.3595826
1.3848187
2.7150219
3.0326853
4.6811940
1.2689712
0.3768558
1.4641974
1.8170775
0.9178316
2.4338067
2.6859956
2.2119462
2.4723570
2.9348624
3.2397272
2.7649460
1.0612263
1.9364474
3.7320578
0.6430256
1.8917432
3.0796066
4.6592580
7.0816831
4.2955676
1.4323280
1.6527164
2.1516367
4.7389860
4.3574896
1.6104492
1.0706234
6.5488194
4.5408667
3.5012644
7.2889972
6.9184264
5.5158956
2.9645966
2.6722643
3.4060615
2.1598334
1.3003966
3.7111901
2.2995402
3.7149907
1.1584154
1.0806867
0.9468158
1.3552573
1.5466656
0.3565983
3.3525049
6.0960904
1.5516579
1.0441244
1.4857722
1.0373994
0.9128486
9.2922275
5.6906656
2.7114313
8.8136893
7.9585130
2.1084844
3.1684089
7.1010407
10.2952371
4.2223241
3.2941837
7.4591118
10.1572052
1.1746173
4.0739565
8.6890610
8.9191962
8.6910919
4.8511366
8.9259782
13.6962518
9.4509023
4.2394144
6.8814554
3.2996118
2.5110197
4.7145692
11.4307466
2.9830573
4.7408344
7.3601271
5.8778790
4.9817150
7.5482424
7.2059314
2.0456635
5.9722423
3.3236901
2.2847587
1.2379187
3.2858943
3.7318216
1.8251481
0.5869781
6.1041969
1.7832799
0.6102348
1.8621853
1.0836257
2.9362213
2.7757210
5.4026290
4.4765838
3.6096203
4.8490446
8.6982866
6.6136584
2.0296065
7.4081034
4.2835714
7.6157318
1.3650629
2.7845711
3.8890097
2.3563250
12.1672381
4.9765343
8.8470610
1.1038451
2.6689285
1.8042988
1.6141511
4.7868066
4.1621057
6.5606909
10.3286681
15.2475348
6.7484213
12.3418307
9.9993449
4.0384084
6.2392249
0.3338346
7.2751212
1.6667047
6.9464202
3.1009402
1.6378882
2.5123273
1.4050702
0.5278652
0.9656646
1.4546016
2.0036450
1.0047819
1.1872546
2.1811297
1.5402525
1.1024390
0.4478870
1.2226243
0.7761467
3.7774644
0.4310603
3.7132222
1.6678967
2.4584209
0.6251836
3.0817292
2.7395998
1.0351780
1.5421458
1.6438153
4.5012788
2.4927505
3.2566890
2.1283557
0.8805522
4.3522318
6.5359552
2.4046989
4.4868647
3.5697397
3.5013706
2.2019810
2.2343921
3.4036891
2.2845285
3.3727491
1.7603728
2.2111842
3.3934180
2.5853108
3.0433861
1.9621537
5.3223976
3.0429505
4.9428999
2.4298462
4.5495517
1.7675205
1.0786936
2.2241999
2.8674944
2.5283958
3.0154127
2.6938028
2.0885985
1.6184042
2.8215745
4.3047027
5.9792095
3.8655120
2.1823645
4.6460700
4.2513962
2.7444817
3.5611405
5.1651636
4.4212232
3.2381082
3.1121770
2.5021854
3.1582202
3.4744267
3.4468485
3.6446879
2.0320512
3.1307929
3.2504463
2.6343625
2.0723354
3.7354120
4.3708522
2.0646596
2.6885350
3.4461704
4.0976544
4.3012457
3.8727961
2.6214548
3.1670599
6.1014028
2.5915873
2.8164268
1.8768492
3.4052977
2.9881271
1.9305296
1.9198298
2.3853674
2.1566131
2.1746146
1.6505080
0.5315788
1.4452080
1.3544348
0.6927494
2.2837567
2.6007387
1.6737543
2.0738905
1.5546452
1.6506476
2.2707385
1.8079413
1.7437945
1.2230414
1.5313392
0.8795004
1.1292651
3.3074054
3.4080895
3.4106298
3.2650625
3.6184210
3.6701304
2.2472021
4.2412103
3.6499925
3.5612788
3.6523815
3.9784014
3.0299709
3.2854537
2.2101068
2.6430719
3.4054148
2.7745725
3.7840503
3.4593667
2.8602224
4.2589763
2.7750971
2.4594767
1.5268765
1.0258323
2.9143698
2.5664292
3.3938725
1.5240899
2.6862751
2.8214973
4.5225688
0.3987588
2.6444852
1.1423188
2.4924009
1.3873785
2.2866068
2.8269367
3.9702332
3.3929944
2.7873597
2.3922114
1.1640583
3.5056119
1.6287462
1.3583444
1.9527804
2.8243653
2.0670870
2.5539174
1.7463783
3.3236403
1.1218314
2.4951406
3.0526502
2.0029876
1.4705638
3.7984096
1.8531687
3.0600400
2.9328388
1.7312256
1.0478326
1.9427052
4.1431718
1.3002583
3.1365722
3.4660382
2.8557133
2.4996016
2.1070832
3.3219072
3.2546940
2.3467209
2.0765727
2.0521957
2.5278432
3.1036563
1.3156686
2.8762974
3.1760322
2.9217058
3.3796524
3.1590303
2.6763861
3.5190338
2.5960686
1.7733798
2.1594212
2.1777682
2.3745652
2.9737026
2.3162013
4.4749804
3.9179794
3.8563890
1.4654409
2.4689762
1.5151496
3.6008568
2.4856159
2.5770118
2.4991884
2.8185696
3.7626305
1.0229818
1.0295837
2.4546019
2.6658774
5.0052395
3.0700042
1.7150052
2.6824159
2.4621987
2.7918317
3.2888745
2.0575433
3.1380863
3.0318631
3.5337354
2.4343616
5.1441130
5.1111123
3.3368386
3.4451295
2.5832148
1.5025569
3.0161231
2.6114860
2.4612336
3.5338944
1.9839086
1.9638310
2.2402344
0.6304855
1.5999649
0.7839811
2.0581748
1.9750850
1.6908372
0.9995980
2.0408929
1.4437063
0.4865291
1.1217764
1.1097624
1.0298640
1.1521020
0.5713347
0.3399049
0.5005309
0.2847565
0.5024176
0.7918061
0.5677276
1.3816973
0.6208143
0.3904544
0.4715703
0.5230016
0.7807554
1.5302211
0.5541446
0.7138186
1.7316157
0.9045857
1.1472650
0.9286207
0.7486916
1.0114382
1.0855746
1.1969666
1.0314863
1.3180736
0.6183293
1.8084666
1.2645695
1.6857300
0.9188229
1.1349340
0.8152759
1.1999391
1.1799715
0.6519999
0.3347372
0.3727457
0.9373000
0.2139577
1.0971358
0.7902502
0.4448361
0.3944486
1.1842127
0.2852179
0.8488388
0.5893898
0.7058805
0.2334884
0.2627659
1.7284418
0.5130165
1.1169274
0.6869175
1.1048431
1.6269239
0.4815487
0.5596547
1.4053568
0.4408241
0.3825363
1.0904812
0.4548550
1.5169332
0.7278319
1.6704221
1.0334876
1.3620147
0.4966288
0.1971848
0.3120736
0.3993027
1.2978819
1.0397654
0.3237879
0.5679664
0.4270177
0.6451202
0.3240120
0.4595913
0.4876102
0.6292716
0.7742124
0.4568769
0.9533585
0.7372175
0.7090117
0.1976270
1.0897262
0.5463432
0.4740154
0.4121348
0.5778987
0.3305683
0.5024456
0.2458834
0.3856330
0.5156519
0.1944922
0.5056836
0.3898149
0.3619271
0.2615929
0.3105634
0.6481567
0.6534075
0.7378523
0.5284286
0.9923206
1.1205669
0.2264397
1.0476155
0.1963071
1.1652522
0.3479851
0.7381959
