3.9694126
3.8636117
4.1601147
3.9112232
3.9249438
3.8486575
3.7987725
4.0588434
4.1013635
4.1650515
3.7674007
4.0592225
3.7741287
4.0055080
3.8205960
3.7948815
3.8695103
3.7584522
3.9534465
3.9538216
4.3511682
3.8061881
3.9727448
3.9866528
3.9149869
3.5993876
4.0549021
4.1601698
3.9744448
3.9505337
3.8355605
3.8836802
3.8279291
3.5957949
4.0921896
3.8715325
3.8065296
3.9936330
3.9180546
3.8533556
4.2079074
4.0264950
3.4841959
3.8497690
3.8733476
3.7603268
3.9845778
3.9321710
3.9291781
3.8703558
3.6012636
4.1697122
4.3839544
3.8819927
4.0314852
4.2992023
4.1815953
3.9335700
4.0163245
4.0366505
3.8742284
3.9740375
4.1262976
3.8161075
3.6517225
3.9119673
4.1301603
4.2588950
4.1695899
4.3570987
4.2020588
3.6810244
3.9978053
3.6950253
4.1057013
3.8637612
4.1797310
4.0808496
3.6974929
4.2455551
3.9817384
4.0900335
3.8895325
3.7598661
3.9881746
4.2481852
3.9015068
3.8489308
4.0329783
3.9385969
4.1222615
3.9483475
3.7718710
3.9471419
3.6678123
4.0102528
3.7779187
4.1932546
3.9519538
3.7374963
3.7207468
3.9044807
3.9631024
3.8313526
3.8825067
3.8282011
3.8326554
3.9821752
4.1049261
3.8756180
4.0448448
3.5414968
3.6617497
3.8812880
3.7438255
4.0618466
3.6866782
3.9242198
3.7796312
4.0266685
4.1279451
4.0276655
3.8986316
3.8459804
4.1223137
4.0007491
3.7610910
4.2057443
4.1237718
3.8828025
4.0656553
3.6569356
4.0229100
4.2103373
4.1522040
4.0208117
4.3085315
4.1751964
3.8387993
4.1052061
3.9962537
4.3664160
3.8198780
4.0296168
4.2033993
3.8432755
4.0966686
3.8689989
3.9727845
4.1039357
3.8949564
3.8167082
3.9337444
4.0691093
3.7810692
4.0348335
3.8202820
3.9211847
3.8261408
4.1974862
3.8966369
3.9887928
3.6357187
3.8337740
4.5014790
4.1092041
4.5413623
4.4896544
4.3183978
4.4012533
4.0783871
4.1516211
3.8374926
3.9816955
4.0510404
4.0054689
4.0235275
3.9202201
3.9435558
4.1044548
3.6454836
3.7347573
4.0528216
3.9870947
3.9205047
4.0802043
4.0241772
3.9590105
3.8268619
4.0941830
4.3058708
4.0593120
3.9552662
3.9644456
4.3411486
4.0196664
4.3515122
4.3406002
4.3017330
4.5827277
4.4159517
4.5734223
4.4578926
4.2013048
4.1603746
4.3711651
4.5485271
4.2225020
4.2696013
4.7953110
4.2537517
4.4540771
5.0287201
4.5561208
4.7552541
4.6202993
4.2685208
4.7436078
5.0038166
4.3545558
4.6200085
4.6709717
5.1193250
4.5871095
5.0765293
5.0096016
5.0413369
4.9981923
4.4675850
5.1868098
4.9189592
4.9288616
4.9060508
4.5450216
4.9427842
5.1214315
5.2072143
4.6375078
5.1389707
5.0727596
5.0927438
4.9566092
5.2517191
5.5840459
5.0846997
5.1282537
5.4399386
5.3583170
5.1277946
5.1723512
4.8384564
5.4132723
4.9382763
5.4517171
5.0677173
5.9358365
5.2079227
5.4037143
5.4943462
4.6817195
5.6816459
5.6820201
5.4854590
5.5386169
5.9869426
5.9664634
5.7091500
5.7854368
5.9113104
5.8393821
5.6743440
5.9081030
6.0128403
5.4557744
6.2147724
5.6047346
6.3960191
6.0910979
6.4509373
6.0586874
6.0985169
5.9481972
5.6594278
6.0761030
6.5828041
6.4663523
6.3233905
6.3746910
6.5714775
6.2635053
6.2852740
6.5459972
6.5244800
6.1722239
6.0296216
6.7179296
6.4146784
6.5667812
7.0831299
6.5742223
6.1867665
6.5481869
6.4013975
6.7729775
6.8841616
6.5934289
6.4096371
5.9821380
6.3410565
6.5548134
6.3502336
6.0826738
6.4468744
6.5182866
6.3401967
6.5057237
6.3143657
6.2848984
6.5112092
6.4791986
6.2940164
6.1859639
6.4336573
6.3983840
6.2761334
6.5492359
6.1692025
6.2781192
6.9301818
6.7451573
6.6235437
6.3736960
6.3374072
6.4007238
6.0805531
6.2946513
6.0391928
6.3598758
6.2991082
6.6509643
6.1064883
5.7829621
6.0917782
5.9050480
5.9559684
5.8150377
6.4276810
5.9333339
5.7978625
5.6529471
5.5611037
5.4310981
5.3803017
5.9754687
5.3016452
5.3546677
5.1687654
5.2943506
4.9103385
4.8611105
4.7957752
5.4247588
4.9435274
4.9953977
4.7211163
4.8731914
4.6025926
4.0496506
4.4251087
4.4205676
4.3557674
5.2181653
5.1162060
4.7766175
4.3183777
4.3608549
5.7410424
5.1851323
4.5635241
4.8476559
3.9885999
4.8215802
5.4132801
4.0589949
4.7152232
4.9124465
4.3992095
4.1672661
3.5575027
3.4962018
3.8585949
2.8230041
2.8191898
2.9950992
3.5865684
4.5982984
2.6987994
2.0696726
3.0415584
4.0678126
2.9521629
3.3384198
3.6701158
3.3291832
4.6827691
4.1384764
4.0961914
3.2319983
2.8310559
2.9186845
4.1176800
3.7438764
2.6086965
2.6013594
3.7123371
2.9932281
1.8216676
1.8194260
2.7219425
2.7342644
1.8519805
2.4286495
2.3205482
2.3178380
1.1512940
1.8248026
2.0602573
3.2077427
1.5626421
0.7478382
1.8544530
1.8932812
1.7689058
2.0196314
2.7914226
1.4662226
2.9835777
1.4200906
3.1233673
2.4922026
2.4794938
2.4639157
5.2558409
0.6227605
0.3787384
2.3477634
2.6951196
0.5938921
4.2860748
3.8820220
3.3664152
6.1277049
3.3509025
5.3772756
7.6612099
3.6645658
6.1625088
7.0330043
3.9893736
4.4713445
4.1022301
4.4939794
6.2023539
3.6950959
3.5971719
5.7008604
5.9657466
4.6561978
4.3963964
2.4773863
3.7218825
5.2444345
3.2681006
1.8583605
3.1446773
2.8398445
2.4089122
2.3760623
2.6056759
2.4785233
3.5845598
3.1832245
5.6345188
4.0611283
4.9700189
2.9144370
3.8679616
4.7520184
6.9774785
7.3047741
8.5085400
8.7656322
3.8111819
4.3626026
4.0021594
5.3462419
6.1522066
4.8912140
3.7825288
4.7670910
5.1835766
5.2566106
5.2720011
3.7890826
2.4917816
2.5738450
3.1002778
3.0771583
6.3114075
6.1970627
4.0751649
3.8328535
5.4613709
6.3716526
5.0781312
5.3118261
4.1925715
3.2745224
4.6186267
4.5360746
4.7685181
1.7654188
2.9716472
2.9856398
3.6597232
3.7686814
6.8074053
4.7756168
4.4945605
5.4793233
4.1908680
3.7012496
5.9100645
4.8086919
3.0742746
3.7091348
2.9057122
3.4814208
3.1150965
3.1682051
2.3427144
3.7835459
4.1271039
5.0736282
4.1076085
4.1476954
4.4463146
4.3832972
4.8104354
3.7009915
4.4530070
4.1238641
3.4817554
3.5685553
4.2320105
2.3708685
5.5330392
3.5658245
4.6706396
4.9942125
3.1605095
6.3517823
5.8584441
1.7202931
6.2428836
4.8206896
5.5040754
3.4389590
4.2677254
3.6803471
3.1224816
2.3513835
2.8079167
5.2466819
2.2383816
2.8052004
2.5769955
4.4335785
2.3722201
0.8998322
2.3546605
1.2891662
4.0902069
3.0973188
1.7244101
3.2570857
2.3878173
3.5017682
2.6245342
6.6662611
1.5762566
4.6238979
4.9988039
0.6424126
11.1014978
3.7093241
3.2377587
4.1178194
4.9762103
3.4368828
1.8508506
1.3825691
0.9521264
1.0559737
4.1866940
2.0845034
4.5599543
3.0140682
4.4851665
0.5821319
0.4627682
1.0216867
1.8101081
6.8193366
2.7216977
2.1897129
0.9673862
1.2769483
1.9570536
0.9060151
1.3800665
2.2407334
1.4264886
3.0126156
6.3019860
4.3855368
5.0399831
6.3969284
4.0315802
5.9300950
4.7563408
5.4994655
4.9166986
2.5498323
6.9003750
3.7586936
2.7494124
2.9108785
2.4571630
2.6221952
1.7062721
2.5233788
1.7308433
2.5680335
2.7248439
1.7254626
1.4986007
1.9592289
1.3555837
2.6880327
2.3687965
2.2480955
1.7656425
1.1107529
1.2206107
2.2418870
1.5443894
1.2558419
4.2907053
2.9748573
1.5595293
1.5467607
0.9219978
1.1063706
1.1597795
1.8429861
1.5300353
3.6129419
2.2099475
2.7966986
2.7232555
4.1048017
2.7440809
4.7167640
4.6235010
4.8202629
3.8011597
3.2611964
2.8997568
3.4166544
3.0469187
5.3291399
3.8920417
4.8528979
5.3615668
5.0305489
4.4883281
3.2050283
4.6221700
4.6566859
5.1869363
4.3689387
5.7038890
4.2029494
4.2285348
4.9695806
4.7231221
4.5421634
3.9805631
3.3123383
4.5439882
4.3720338
3.0301115
2.8108794
3.1944302
3.2257147
3.1304196
3.6770464
1.7901789
3.0828574
4.3323237
3.3777337
4.2243444
4.1599505
4.4523571
3.8445930
3.2495262
2.8780097
3.0919906
3.1351082
2.7824652
3.0592316
2.9147041
2.6530821
2.4258395
1.9404644
2.7388577
3.4875138
1.9939461
3.1166752
2.6935694
2.3190981
3.7872120
3.0388970
2.8904534
2.6137156
2.8868402
2.0903509
2.2701742
2.3361972
2.4462288
2.2899531
1.9268037
2.2143600
2.6635462
2.6077366
3.0649731
3.5774754
3.0488740
3.0087490
3.8461539
3.6286458
3.3669738
3.2289156
3.1353996
3.9025804
3.6148710
3.1921692
3.7659828
2.6244962
2.3625009
3.0326990
3.2469756
2.9264141
3.3853172
3.5542593
3.2647622
3.9491118
3.0741651
3.4244411
3.0480609
3.0317417
3.8068334
3.7586543
3.0932390
3.5794114
3.3381040
2.9567062
3.3793388
3.4751671
3.4451056
3.1045260
2.9357712
3.2323893
3.1614337
2.9303934
3.2627985
3.2019832
3.5058564
2.8933359
3.1785013
3.3135430
3.5335884
3.4796580
3.2827630
3.0405047
2.7411665
2.7856886
3.1719531
3.1973423
3.5708320
3.2934917
3.5303763
3.2784980
3.0335203
3.5667505
3.1775261
2.7047141
2.6363439
2.9683469
3.4231111
2.7712052
3.2935126
3.0323490
2.8517030
2.7993307
3.0006755
2.9313104
2.7793204
3.1139489
3.0719468
3.4119152
3.1586723
3.1306882
3.1831892
3.0844687
3.1552626
2.8705908
3.2589331
2.6865703
3.3153791
3.1774424
2.9340212
3.0942464
3.1627170
3.1004012
3.2271329
2.8940959
2.6536873
2.7059405
3.0844891
3.2751015
3.6524241
3.4459675
3.7812355
3.4662531
3.7563096
3.1143883
3.2880442
4.0309873
3.5786200
2.8965245
3.7108072
3.4903983
3.3650862
3.9344937
3.3594063
3.4942329
3.9887691
4.4605342
2.3072334
3.5901504
3.5107009
3.4999573
2.4972634
3.4456428
2.6730784
3.4366692
2.2624935
3.8900914
2.7486595
3.2922895
2.8067811
3.8698515
2.6811592
3.0818608
3.0223801
3.0475744
3.2930115
3.2173863
3.1626959
3.3744872
3.7765666
4.0692121
3.3206575
2.4391730
1.5047979
2.4504872
2.7616650
2.4586243
2.2096239
2.4907182
2.3509534
1.6384773
2.6584008
2.8734779
1.3675966
1.9896526
1.9616055
2.6867211
1.9001720
1.3882554
0.2957487
2.1124506
1.6460756
0.6839025
1.3965889
1.3038202
0.9943162
1.2735508
0.7485132
1.6445361
1.6412483
0.4127235
0.7535069
0.8338374
0.8219054
0.2026349
1.1182909
1.0597640
1.5571230
0.2942159
2.7573842
3.8303647
2.0164846
1.8421230
0.7024634
1.7544894
2.0993540
0.7234402
0.9436455
2.1799659
1.7332405
2.2300095
0.8185958
5.6231584
5.2308567
1.4097573
1.9588582
3.5834654
3.8630478
1.2766333
1.6933502
0.5924667
4.4885939
2.9341259
1.8490183
1.4500794
3.2894701
1.6306199
4.3719388
2.4675274
2.0787983
4.7188751
1.7123288
3.7693126
0.9857091
2.3504439
5.5141288
5.4144799
6.4250684
5.6625920
5.5341521
5.8728218
7.4566350
4.4393727
7.5952820
7.5956174
6.0862922
4.8785591
5.2670850
6.8449187
6.9358829
6.0185910
4.6469079
5.9098160
5.0680726
8.0030314
4.4318028
4.6634920
3.0014924
2.9363799
5.4568113
3.1995888
8.8216790
4.9366664
5.4917913
3.7194316
4.3910673
2.1039637
1.0080270
1.9206931
1.6138826
3.0447787
1.0279544
0.7854935
2.9389456
0.9124105
1.2351368
0.9928935
0.3860333
0.6713173
0.9482710
1.7402421
2.2919050
2.3360501
0.5334213
2.1730855
1.4927181
2.0499772
5.5072324
3.9680539
2.7994938
3.3825965
2.9425394
3.5780201
5.1952165
4.0835046
2.7961982
3.8902120
3.5443582
4.0614642
4.2173915
3.7025613
3.4584378
3.6107702
4.4666455
3.0014116
3.4801244
3.0366865
3.6834909
2.8431783
4.5997010
3.8035094
2.3624715
2.3338116
3.3575518
2.9371005
1.9163206
1.4987224
1.3975877
2.0705357
1.6957216
0.8319057
0.9489610
1.5300072
0.5605454
3.6604340
2.8670460
1.9170765
4.0070857
2.1256411
1.6867566
2.9861887
5.1858495
3.9564588
3.6028715
5.1647740
4.0101718
5.2471514
4.7384798
5.7160592
4.3914044
5.4705992
3.6816835
3.4648909
5.4696758
4.6855097
5.2575140
3.8650598
4.5505629
5.5228159
3.5394892
4.2519749
5.5186043
5.5024158
4.7807475
5.1887549
4.7082755
4.7431359
5.1765529
5.6836913
4.9937551
5.7325641
5.1646354
4.5488703
4.7750395
3.8326869
5.3255585
3.6353800
4.5008007
6.0997538
3.3618792
2.8800279
2.9041801
3.6420920
5.0754263
3.3370531
3.9714211
5.6284506
4.3370484
2.0428145
3.2157811
2.5878229
2.6574451
0.4074395
3.5164115
3.0557751
3.7289738
3.1739871
2.4636524
3.1298251
2.5754144
3.7464248
2.1087944
3.2717491
3.1103942
3.7656338
3.5069066
2.6305753
3.3995469
2.1696936
3.0774053
1.9664911
4.6867138
3.2037404
4.2863456
3.3981503
4.2776924
3.6670924
4.1235923
3.1878844
2.6757112
4.4301517
3.2984542
4.4416759
4.3257570
4.1587672
3.3415276
3.0806506
3.6504911
2.0201289
2.0525148
1.9408160
1.2389378
2.8908710
0.8057834
1.1363512
2.5853247
2.6324992
1.9228009
0.8504645
1.7460013
1.5674912
2.4474538
0.4545204
1.7514733
1.1350473
2.3235896
2.1124379
1.9471144
1.9409784
1.3381246
2.1556481
2.3127126
2.6776664
2.3198027
2.2123624
1.3882055
1.7683165
1.7941143
2.0097382
2.5482389
3.1092401
2.6708104
1.9727350
2.7088646
1.9381188
1.7400433
2.1777696
3.4075834
2.6394256
1.4110625
5.0731256
2.6088332
4.2919929
4.5436317
2.7774287
3.4247099
3.9178491
2.8924277
1.8093264
2.8780338
3.7809712
3.0786394
3.8247694
2.6728405
5.4249030
5.4896752
4.3353093
3.5125391
2.8947497
3.1925483
2.7310968
4.1600803
2.7608464
2.5955050
2.3230186
3.6410721
2.3292049
3.5296306
0.7196375
2.2239196
2.3124504
1.5730381
2.8313475
3.4535858
0.9814002
3.2265637
2.5527350
2.5963041
3.0168262
1.8475533
2.1710012
1.3274722
0.3401384
0.6551492
0.6107698
3.1816426
1.0592217
1.9271303
0.4842448
0.3368221
1.1107981
1.3751807
1.8469575
2.3229974
0.9830830
1.9861619
3.5001360
2.0468676
2.4304164
3.8533885
2.2637690
3.8386265
0.6740776
1.0874077
1.5545158
3.1096327
1.6629879
0.5563011
0.4950544
1.3722273
1.0930868
1.6857679
0.3760862
0.7013131
1.7657271
0.9287793
1.4511862
1.9154108
0.4757116
2.1572039
1.0796903
2.1439922
2.2084445
1.8666323
1.2395548
2.0260148
0.3783649
0.8017158
1.9301042
1.3508321
0.2489435
0.6435552
0.1784723
1.7285902
0.6015085
1.4998390
0.4670654
0.6261391
1.6693593
1.4957689
2.2754709
2.5049840
0.6372785
1.5699536
0.7527617
1.9035971
2.4312549
0.4110296
2.3816649
0.9416952
0.8194150
0.9526723
0.3493885
0.9372524
1.1596620
1.6955747
0.1775742
0.7376845
0.5006307
0.9699656
0.4058945
1.3475446
1.5963329
2.0152511
0.9841078
0.6039166
0.7179843
2.1895594
1.5572372
1.7320379
1.7870283
1.3201285
1.2626571
0.6839867
2.3936395
3.4081613
2.9389234
2.2758851
1.9845429
0.5017431
1.5779686
0.6002040
1.7882271
0.8150471
2.6866212
2.7278627
1.2835761
2.5492811
1.6337699
3.2578769
4.1571832
3.9708610
2.9150562
3.2338113
2.1445338
3.4434072
1.9183305
4.0651699
3.9481703
2.6396115
3.4719125
4.1638496
5.5839834
2.6375669
3.5862896
3.1932017
5.3321062
4.2444888
4.0706540
4.6968607
4.3926533
4.7477429
5.9166024
4.4729411
4.3857320
5.1422498
3.2907629
3.6729240
3.3422139
2.9350239
4.8230208
3.6653892
3.5224644
5.1575574
4.1611422
4.2656937
4.6972253
4.0251392
2.9302803
4.2571470
4.4756623
3.4727326
3.3644992
3.1256464
3.1225981
2.5611622
3.6639036
2.4549723
1.4671198
1.9204406
2.3885221
4.0790881
1.9605974
4.3877682
2.5977273
4.9724677
3.9508822
4.7097409
2.0132307
5.9891453
6.1372374
3.2634874
2.0803866
4.1175108
5.3421828
3.5854185
3.8121015
3.7701491
2.6816343
5.6947070
4.9162054
2.1289027
4.4227111
3.6844454
5.3052475
3.4860699
3.4381806
5.4594447
5.5347904
5.3515714
4.8080974
3.5428256
2.9971342
3.3339851
3.3219052
3.5677798
4.1086827
2.8867587
3.2509759
3.4935034
0.3615171
2.5142713
3.5763026
3.3039393
2.4862535
0.8773615
0.4756722
0.3093507
1.4875498
0.1862838
0.4157667
0.7480950
2.4173345
0.2624552
1.1828668
0.8616779
1.2312645
0.3665621
0.3821693
1.1141524
1.2081079
2.1593748
2.1819461
1.9373141
1.6229563
1.7360942
2.7565396
3.2108383
2.6672764
1.7719196
2.4161021
2.7516928
3.4143726
2.3669641
3.2396167
3.1347091
3.0853151
3.0572683
3.3934342
3.3738347
4.2405394
3.3967283
3.1385589
3.1381337
3.1670422
3.5714369
4.0691352
3.1031702
2.7245849
3.4941119
2.3447588
3.0248293
2.4123406
3.1160802
2.3808943
2.8084792
2.5833887
1.9255597
3.7402021
2.2562748
2.7255471
2.5748737
2.6958156
2.1629955
1.8021715
1.8207771
1.9172280
2.5106722
2.3307351
1.9961787
2.4256845
2.8404574
2.7074622
2.2980206
1.9678006
2.1055381
2.0276330
2.0898029
1.6961597
1.9547589
2.2974687
1.9561631
2.3637641
2.0287524
2.0459551
1.7175070
1.8227392
2.4985983
2.3661847
2.3257943
2.7808235
1.8990510
2.7248387
2.4842073
2.5114269
2.1953860
2.2948062
1.9849690
3.5270755
1.6972290
2.5074487
1.6350400
2.5350640
2.3224425
1.3973343
2.1136338
1.7189884
2.5196320
1.9829971
1.7736494
1.9631186
1.9043108
1.9006412
2.0602384
2.2846274
1.9272287
1.9485568
2.3533012
2.5855159
1.9983179
2.2114030
2.5168281
2.3049724
2.4513808
1.6144889
2.5622536
2.4112946
3.0057753
2.7348660
1.8373620
2.0069255
2.0432090
2.1206945
1.8727061
1.7781601
1.9009762
2.0913978
2.4646843
2.1839182
2.2675344
2.1681397
1.8764606
2.0426531
2.2683973
1.8830068
2.1820074
2.2451881
2.2085678
2.1347450
2.0793234
2.0422784
2.2393971
2.1289302
2.0826855
2.1275608
3.1019837
2.8374838
2.4356843
2.4217183
2.4087481
2.2299043
2.0251434
2.6908648
2.4776904
2.5941781
2.4696470
2.3480436
2.5684906
2.3706016
2.5352444
2.1402398
2.3420943
2.3764878
2.2816908
2.5856547
2.0976250
2.5116790
2.5362859
2.4857589
2.3781146
2.2965789
2.1781155
2.1869555
2.5572462
2.2760386
2.1962654
2.1360824
2.2650959
2.2142661
2.0004527
1.9669779
1.8664276
2.1291306
2.8880762
2.6091509
2.5676484
2.8020109
2.3006920
2.8709006
3.7297461
2.8998736
2.2853106
2.8137515
2.5160722
2.3601707
2.6103992
2.0938927
2.6035683
2.1902761
2.4290278
2.4137827
2.2694600
2.5469097
2.7602964
2.5037378
2.1646932
2.4370242
2.1549248
2.3306120
2.2033914
2.0997289
2.6222688
2.2496060
2.1078453
2.3157325
2.0963244
2.4843940
2.2823974
2.7047830
2.1013718
2.2266214
2.8316056
2.0571467
1.8946321
2.3156457
2.3647872
2.1711726
1.9427169
2.3697884
2.1040026
1.9457877
2.4597929
2.2931979
2.0341316
1.9443006
3.1119562
2.4788878
1.9812182
2.5497858
3.1677228
3.0738075
2.6012758
2.5257251
2.8907134
2.9844051
2.9975232
3.5656804
3.3301342
3.4900724
3.4069607
3.6465805
4.2140627
2.8947655
2.8841592
4.2422329
3.2108543
3.5078702
4.0246807
3.4652714
3.2217789
4.5429875
3.2947830
2.3612573
3.2359214
2.6606851
2.0545215
1.8416047
1.5498055
2.3629163
3.5927334
3.0025607
3.5534817
3.5814081
2.3277913
2.0069525
2.4406418
1.9020170
1.9212479
0.7987873
1.6680630
0.8948079
1.8665107
1.5220639
0.8225766
1.0539307
1.8970487
0.7722882
1.9859992
1.3292575
2.6130543
2.3611866
2.7422670
3.2342088
2.1017488
4.4959440
3.1652993
3.5904779
2.5551191
3.7307468
2.9250802
3.1983603
3.2664547
3.9058017
3.0961080
2.3827010
2.6592062
1.2956998
1.7649834
1.7934499
2.0702636
3.5682767
2.1227923
2.6719190
2.3470386
2.8009328
2.8250890
2.1439397
3.6178824
3.3742169
2.3668350
3.7560872
2.9278899
2.1389418
2.4290185
2.6759262
2.4418567
1.8351491
1.8095562
3.4643543
3.1839138
3.1912737
3.0422771
3.7713756
2.3418277
3.7474251
4.3453462
3.5052596
3.3699154
5.1631453
0.6948696
2.5504835
1.1293205
2.3927157
2.8823831
3.0727654
3.0830690
4.4057167
4.6152337
6.1108966
4.2472861
4.1334999
4.4111706
5.4214521
4.7538743
5.2142508
4.5437089
3.1510812
3.1723440
2.6026172
3.9393977
1.0850127
4.6958893
3.4943998
3.8305648
5.1972949
3.4714872
3.9874968
4.6650340
2.7545717
4.1826282
3.8066603
3.2018345
3.8403323
2.7699464
2.9650176
2.5571930
2.2765746
2.4043516
2.6556226
3.6721876
5.7421336
3.2004642
3.4636061
4.4098790
3.6737281
4.1003204
4.3903852
4.2145889
4.5745095
4.1282862
3.8856725
4.8899309
5.1749356
5.1215240
5.1050572
4.2755792
5.0425957
4.4019523
5.2387370
5.0841225
3.8479397
4.7690673
4.7202029
4.0144969
4.5469439
3.8401125
2.8680566
4.2383286
4.7186998
4.5922093
4.4077473
4.6270169
5.1439976
6.0353025
4.4189450
4.4756113
3.0173072
4.2964833
4.3211235
4.5062871
4.8243213
4.0641813
4.6523421
4.0344172
4.8154190
4.1529482
4.2409684
5.0308576
3.9217126
4.1488809
4.9994473
4.6344112
5.1572895
5.1245269
5.7016215
5.7229514
5.0857997
6.5495962
5.3251713
4.6174486
4.6931600
5.1884367
4.5222756
4.6244970
5.4772622
4.1029611
3.9942083
5.0990382
3.8340371
4.2109312
3.3979664
4.0458112
3.4283221
3.0958977
3.5773894
3.4275822
2.6511400
3.3241694
2.6846589
2.8282490
2.2192430
1.7851850
2.5591798
1.9600447
2.7147416
2.0370432
2.6672330
1.4257265
2.5450564
2.5898638
2.1433904
3.4282180
2.6463056
2.3999328
2.2925456
2.7586055
1.7222991
1.7887939
1.9989183
1.9537130
2.1809958
2.5244599
2.1925914
2.8221300
2.4568272
2.6696941
1.9964527
2.2926760
3.1966586
1.8293693
1.0822641
2.6380293
3.3774018
2.0320513
3.1636279
2.7166619
3.0117055
3.1699977
2.6894924
3.0488778
1.7536832
1.7994481
1.9889178
2.3478039
3.1931853
2.6441394
1.6467741
2.9590647
3.3803050
2.9477654
2.4290696
1.7035627
1.4078881
2.1047566
2.0445307
1.8018735
2.2715039
2.0146987
3.6535495
2.3037732
3.5762760
2.2263400
3.0981645
2.3669385
2.4522575
3.2012141
2.7934950
4.0816166
3.0873375
2.8204494
2.6498857
3.8286618
3.7062475
4.1283540
3.8336241
4.1144740
3.5787394
4.2299123
3.7307411
4.1520521
4.3672751
4.2976668
4.3063102
4.0913281
4.8225909
3.8545963
5.3595633
4.4670542
3.1929442
4.7439729
4.4021429
4.2636201
4.4728431
5.1631224
3.5851137
4.0347353
3.8960163
3.9016902
4.2474461
4.6117824
3.8239728
3.8989829
3.9555195
4.5340179
4.3307102
4.2381274
4.4368470
3.8264215
4.2705433
4.6585864
4.3337710
3.9061132
4.7937114
4.6093192
3.9891082
4.7487681
4.4911849
4.3492980
3.5886341
4.3056559
4.2605505
4.0824119
3.9321341
4.3331708
3.9090222
4.5691818
4.1326798
4.5618256
4.0613134
4.6853050
3.3207509
3.7595637
4.3884775
3.4421291
5.6615075
4.0877374
4.1248549
5.3151863
5.1167985
5.4680238
3.6459254
3.9530878
5.3178703
4.3796534
5.6942970
4.2201350
6.5288952
4.2114741
4.9185653
5.5721262
4.6768130
4.3533853
5.1483345
6.9538649
5.1394154
5.1685002
4.3779980
3.6101356
5.3445596
3.5528703
3.8058136
3.7282333
3.9238841
4.6207474
3.5944921
4.6685112
3.9606178
4.6232609
5.1244294
5.5812225
4.6104818
4.2429942
4.1957216
3.8161172
4.4613175
5.0298538
3.7454440
3.7032936
4.4771843
4.1672957
4.1605840
3.7327501
3.9660071
4.6790609
3.2465570
4.2111250
3.4485685
3.9467269
4.8703767
3.4986566
4.3913884
3.8935314
3.4682033
3.0683476
3.8302613
3.3641966
4.0174927
3.2545777
3.8085118
4.1122620
4.4829783
3.2663269
3.8882744
5.0059605
3.8161183
3.6612072
3.3078415
4.7200482
4.0947333
3.3700216
3.9148968
4.0267406
5.3610226
4.2262942
4.1965718
4.5735967
5.7441613
4.9748044
4.3912515
4.0211025
4.8662975
3.4667360
3.0334579
4.0888778
3.9323720
4.0126984
4.5550940
3.7839691
3.4208244
3.7981138
4.2653013
3.3169040
3.5763604
3.7368523
4.0645385
3.9795012
3.1018233
3.9897854
3.4677052
3.0978086
3.3853579
3.4196668
3.4460042
3.9730564
2.9399295
4.0073653
3.2096457
3.9315074
3.2216815
3.6860474
3.8735596
3.2132572
4.5155929
4.1023127
2.8954718
4.2714513
3.8740924
3.3682401
3.5770759
2.7373417
3.6593618
5.1131845
4.9384915
3.8230489
3.9977493
3.7973287
4.5901300
3.7551633
4.3920076
4.4622885
4.1819943
4.2580592
4.8049357
3.6414305
3.7736688
3.6837969
3.9320894
4.5776800
5.5853281
4.4379126
3.8378997
3.6684171
3.7209234
3.8761570
4.3449035
4.4577357
3.4541110
5.1106521
4.9715930
4.0964779
4.3160537
4.3316732
4.6989928
4.3915699
3.9617065
5.4764563
3.4858853
5.2103029
5.1363472
3.8538424
3.0617963
2.4870686
6.1616242
3.5564528
3.8632016
3.8384990
3.7806997
4.4540571
2.6874292
2.7864296
2.6252423
3.3135061
2.4709188
1.8834580
3.0091420
2.9510928
3.4016645
2.5076681
2.1598430
2.4272092
2.1067388
3.3247229
3.3341647
1.8261957
2.8647420
2.5083079
2.1568943
2.2739730
2.7567904
2.7333505
3.3649433
3.1734449
2.8395305
3.2998044
3.6818799
3.0035611
2.4284328
3.6096441
1.9215310
3.4017748
2.7370504
2.8219581
2.6554739
3.2222342
2.8047174
2.2379447
3.1221564
2.5505705
3.1215318
2.3503682
3.1586957
3.2469546
2.7876061
2.4030447
3.3301290
2.7145135
3.1747121
2.5668719
3.4573477
2.8006327
2.7248108
2.7340887
2.8074265
3.4567682
3.1493168
2.4841609
2.3016381
2.9747832
2.6733596
3.4196991
3.2870672
3.1636571
2.3426189
2.6152832
2.2907480
3.2033542
3.9804407
2.8167207
3.8061791
2.5718335
2.5832047
4.0589111
2.6232091
4.1470564
2.3010364
2.4228197
4.4645866
2.8982681
3.6398297
3.8682701
3.5897873
3.1180339
2.9779207
3.7803257
2.5612960
3.1709378
3.5050183
3.4073260
4.3988235
3.3432098
3.0790947
3.5250660
3.9038158
3.0187674
3.2159116
1.9713556
2.4501672
3.1734340
2.7920588
2.6223296
3.1014496
2.5626878
2.5578557
3.3418530
2.9400916
3.1857320
3.0303385
2.5975133
3.3218575
3.0258706
3.7970751
4.3962682
4.2534426
3.4820786
4.3009473
4.7755164
4.2006334
3.9896456
5.5559764
4.6320273
5.2144661
2.7932828
3.0359845
3.4395993
3.9140425
3.8099714
4.4918945
3.3692213
3.1627783
3.5072185
3.5903859
2.8792696
3.3541680
2.7303408
3.0171577
3.2491564
2.9464448
2.5751217
2.6796291
3.0973983
4.1818670
2.6454514
3.2625215
3.1750963
2.6427162
2.7834047
3.0456516
3.5358771
2.6438537
4.6405010
2.6659522
3.6024906
2.8634350
2.7029187
3.2908890
3.3331968
3.7280218
3.3498577
4.3171567
3.4075005
3.8896717
3.0372324
3.8863617
4.1247124
3.7385108
2.9131445
3.0176294
3.4017670
3.2760375
3.6117212
3.0485021
3.1053042
3.4722863
3.5045973
2.7022148
3.0625416
3.5349774
3.1586030
3.3367338
3.5952763
4.2236305
4.8139427
3.6384939
4.0861378
3.3365529
2.7594567
3.7934090
2.8812428
3.6305729
4.1591360
3.5856020
3.0227377
2.8381080
4.1160343
3.4319503
3.8840007
3.0115567
3.2739513
2.8014274
2.9723157
2.9829032
2.6025832
3.8254250
3.3495956
3.0975416
3.3436435
4.0283407
3.0884705
3.2853311
3.1860764
2.6024905
3.0990915
3.0971207
3.1462976
3.3219940
2.7530097
2.8239707
2.3354535
2.8010021
2.6186484
1.7875244
3.0016729
2.7522877
2.6237819
2.2032641
3.2986812
3.6278572
3.6767021
3.4514309
3.0554427
2.0647098
2.6819086
2.5879063
1.7074002
2.7603088
3.3160994
2.0968576
3.3559052
3.1446101
3.7646021
4.8412432
4.6665430
3.4536103
4.8747295
5.5112090
4.2100992
2.9805731
3.4201801
5.2353586
2.9233395
1.5779761
3.1441673
3.4499226
2.6913027
3.5130673
3.1097299
2.4159310
2.4142358
4.2462416
2.4104805
1.9726698
3.5785138
3.7367635
3.0228664
3.2799246
3.1259945
2.9891681
2.5709634
2.8570673
3.3699740
2.2152847
3.2098046
3.0324447
3.5446842
2.7434437
3.9340991
2.7675653
4.8629505
3.5271382
3.0626831
3.8827651
3.3066397
3.6480406
3.5076672
3.8343259
3.1803695
4.3665771
2.9854287
3.6605807
4.6957021
3.8247512
3.7501071
4.0867000
3.4657113
3.4089636
3.0553672
4.4675163
4.4752260
3.9106495
2.9483762
2.8199487
2.7777011
1.4892924
2.2995620
3.6886793
2.8342826
2.4492212
3.1783523
2.5149005
3.4726149
3.2433139
2.9432233
2.3216223
2.7214489
2.9139606
2.9903834
3.0049763
2.6988195
3.1335823
2.2468648
3.2271255
1.9651659
2.7071362
2.9258550
2.5817571
2.7062853
2.0396420
3.0494702
3.6663668
3.1025508
3.0099908
3.2600944
3.2258028
3.7718133
4.4215854
3.6368647
3.9127861
4.1394296
4.4365983
4.2923182
4.3231767
3.7944507
2.4177057
3.9723524
4.8433934
4.8273944
4.0446195
4.4293733
6.2408840
3.8349161
3.5744053
5.7878613
4.1170888
2.7242881
4.0923737
4.3946832
3.8088624
4.3910622
3.2040166
3.9782119
2.8887237
5.7087969
4.1352747
3.6216135
3.4524331
4.0969676
3.1110945
2.9779724
4.0416818
3.7584822
5.1237181
4.1478350
3.8278954
3.0416419
3.8736835
4.0681208
2.8089175
3.1630471
3.3669979
4.4542352
4.0550960
4.1110890
4.1587351
3.4678893
4.1669573
4.1584615
4.1165574
3.6387716
3.5513688
2.9183288
2.9878652
3.5785007
3.7919534
3.6971067
3.5480490
4.1475542
3.9565399
3.4491722
3.7983319
4.5714611
3.8795748
4.2810737
3.4215086
3.9082675
4.2317348
4.0397117
4.4417981
4.4112505
3.9092945
3.1104444
4.5099892
4.8226258
4.0083672
3.0282368
3.7203808
4.0561578
4.0060271
4.0383799
3.8800657
4.0356684
3.5624921
4.5679476
4.0106392
4.4303414
4.5177161
3.0869235
3.9993316
4.0301629
4.0137206
4.5038047
4.0678633
5.1988473
4.7973487
3.8026001
4.2372166
5.2065478
5.4102813
4.4369346
5.4149276
5.2380081
5.2938197
4.4398788
4.5116358
4.8559977
5.4698239
4.8131286
5.2595485
4.6658265
5.5017882
4.9794428
5.8359928
4.8372658
4.4902385
5.1792282
4.5776562
4.9894462
4.5105274
5.8523925
5.5631625
4.3071045
4.8026066
4.8726804
3.8359550
4.8581828
6.4422178
4.6994529
4.5305827
5.7261068
5.9268340
4.4197453
4.5598918
4.8026517
4.1616254
4.3284929
3.9201599
2.8412946
2.9717777
3.9586188
4.4856884
3.9010198
4.6454666
4.8980637
4.4763565
4.5985182
4.4243521
5.3636125
4.5215445
5.1001312
3.5919815
3.7261984
3.8849923
3.4579119
3.3038223
3.1030923
3.1262281
3.4382583
2.7668872
2.3917745
3.0904917
2.4033737
3.3582687
2.9460600
3.5378964
3.6128142
2.5388113
2.3138194
2.9871555
3.0037587
3.4485339
3.1086970
2.1657240
3.5751841
2.3238834
2.9365938
2.6627465
3.1409165
3.6336474
4.5309953
2.5346025
2.8437397
2.7788437
3.2360220
3.0639915
3.7298542
3.7322910
2.8652033
3.2491478
4.4408369
3.6896592
4.2463021
3.2132378
2.7239893
3.3541093
4.0960611
3.5468813
4.2682298
3.5212789
3.1970286
4.0591506
3.8038812
3.6110672
4.0374562
3.4040262
3.3656194
4.2620303
3.7736686
3.6200450
3.7921036
3.7347735
3.9961564
3.3811284
4.1187076
4.3961218
3.6685564
3.9839703
2.9734274
3.0194921
4.2676279
3.2816980
3.5425335
3.4008003
3.9246223
3.6173049
4.9858983
3.5858294
3.1705648
3.4839655
3.1197475
2.9348340
2.7289776
3.3718658
2.9642195
2.8723768
1.6104637
4.4905754
5.0838041
3.1060718
5.1708548
3.0522328
2.6575251
2.7128484
3.2774121
3.8415960
2.2005518
4.2202952
2.9819475
4.5893476
4.1981525
3.7452726
3.6751397
4.7784620
4.3560743
3.0859939
4.3582236
4.3962078
4.4588852
5.3241030
4.9176188
2.9291746
4.3094869
3.6626620
5.3590262
4.0087049
2.0231740
3.7100436
2.5344760
3.3483508
3.7590946
4.1814486
2.8064298
3.7262508
2.9526477
2.4352579
3.1352669
1.5006461
4.7582798
4.7260288
3.8028127
2.9711663
3.0124483
3.1736856
3.8278431
3.0925431
3.7066698
2.6828666
3.6208540
3.6542325
5.3590936
2.4732529
3.5606443
2.9000260
2.2148186
2.9597389
3.2013252
3.0095866
3.6821991
3.4123681
2.7571763
3.9061921
2.8985311
3.6934803
3.2797570
3.8043395
3.9926487
5.0578227
4.6779075
5.6918680
6.1671376
5.1145921
5.1312410
6.6657349
2.3385236
3.9942007
3.1912504
4.1003637
2.3783940
5.2825513
5.8408393
5.1705340
2.0962358
2.8619974
3.3644485
3.0414398
6.0519714
2.7399140
2.7132346
3.8022775
3.1966272
4.5682641
3.6148556
3.7526143
3.7601345
3.9284664
3.6580392
4.1077076
4.1300760
4.5931637
4.5087150
4.1457833
4.1414954
4.8024724
6.6254538
6.1201020
6.2410590
6.4060764
6.9559775
5.0524345
6.5496942
7.1395106
6.3773980
8.0819000
5.0805684
9.8330772
8.5717789
6.0470825
7.7498069
7.5485395
6.5339666
8.2666079
7.4495935
7.1400354
7.9885175
7.0296960
6.6963968
6.8966484
6.6609635
5.0611621
4.2816863
4.1544973
5.1931780
4.5991056
4.2243466
3.5271565
3.8850133
3.6042212
3.8565478
4.7665616
3.3202815
4.3662414
3.7974981
3.1748428
3.8869411
3.5169374
4.2181287
3.2769005
3.0096765
3.0778582
3.6433081
4.0606358
4.0540227
3.6401645
3.6561706
3.2023996
3.8696347
3.6860051
3.4698099
3.1907059
4.0617468
3.3431389
4.1506809
4.0219268
3.4816127
4.6578037
4.7129580
3.5603019
3.9954107
3.7334487
4.0814581
4.4145363
4.1304005
4.0205597
4.3355221
3.3245408
3.8243636
3.2046216
4.1303121
4.0200989
3.7161708
3.9659669
3.8147750
3.2544836
3.4444913
3.4506109
3.7833587
4.1619378
4.2348196
3.1478054
3.8697162
4.1011552
3.7453534
4.8637798
4.6926789
3.6499427
3.9036640
4.8091191
5.0090728
3.9667591
3.1549689
2.5867319
3.5772698
4.2746548
4.2496124
4.2106232
4.2778959
4.0199866
5.0806625
4.7408354
4.1346170
3.1964247
4.1290157
2.9742083
3.2468810
3.8455330
4.2557423
3.3567071
4.2447148
2.9315902
4.6406642
4.0210290
3.2788873
3.7782609
3.1144096
3.7825598
2.8864383
2.9192180
3.4998807
3.7520898
3.4018387
3.1934291
2.9054033
3.0733856
2.7947885
2.5075846
3.4206808
3.4704569
2.8488810
2.9838142
3.1688070
3.2692713
2.5492388
2.7977986
2.6848228
3.2443094
2.8257702
3.0031625
2.9336926
2.7162483
2.8476882
2.0688909
2.4209409
2.9405356
2.5668935
2.9721760
2.9105390
2.8594699
2.2473015
2.9113830
2.5973313
2.1258114
2.8864979
2.2551756
2.6421139
2.5126139
2.1057238
2.3536819
2.1602019
2.2784618
1.8993323
1.9794965
2.2506854
2.2012664
2.1255499
2.1927965
2.4338256
2.2138454
2.0302888
2.8382787
2.2197306
1.7697643
1.7273192
2.2249942
2.3790364
2.6443225
2.7734077
2.0713677
2.3731742
2.6671333
2.0629994
2.3732474
3.0612270
3.1242956
2.1717883
1.5766344
2.2271542
1.8947810
2.5291071
3.9783445
2.6790522
4.5853155
2.1289106
3.2057499
1.8573260
2.4396664
3.1354399
2.6359880
2.2825313
2.2752377
3.2338111
1.9359218
2.5474296
1.9440569
3.2291542
2.6676943
2.6731517
2.1001987
2.2919536
2.2111729
2.3580799
3.2664587
2.0585977
1.6719035
1.6670242
1.9746546
2.6773281
2.5355479
1.9086973
2.1525274
2.9411890
3.5949584
2.2075294
2.6238352
2.2194150
3.0145815
2.4931451
3.0693127
2.8576652
2.8759922
2.6850633
3.1381939
2.9227815
3.2089305
2.7560065
2.6081132
3.1841016
3.6178942
3.3170682
3.2477935
2.3622542
2.2910750
3.5438747
4.1170033
2.2425438
2.5538765
3.1235868
3.2353858
3.8047024
2.8906485
2.4830661
3.1096188
2.1476196
1.9960767
2.4106933
2.0905990
2.9191777
3.3579279
4.3685137
2.7922086
3.1066791
3.1807362
3.1312409
2.9909141
3.2474859
5.4464285
3.6531536
4.9912220
3.3408477
3.5369925
3.4788164
2.9100658
4.1306650
2.6483858
3.5890903
2.3596230
3.5235935
3.5662523
2.9023017
4.5403574
3.1459432
3.9648503
3.7326425
3.1099411
3.9199346
3.5749672
3.2785263
3.3008581
3.3103812
3.6988965
3.6662633
4.0177415
3.4459804
3.5385536
3.2791355
3.7687320
3.8069226
3.3674483
3.4252933
3.2018660
3.2405832
3.4083059
3.2623779
4.0736742
3.5247740
3.3627113
3.5476912
3.4906339
3.0994157
2.8711701
2.6535723
3.0653439
2.9354693
2.6239233
3.3735676
3.0841249
3.1046763
2.9264827
2.4121824
2.8332802
2.9683624
2.3418807
3.0662315
2.8334456
2.9505451
2.5660649
2.4961785
2.6830182
3.0802612
2.9136498
2.8196620
2.7461254
2.6864525
2.7064927
2.8156106
2.3834909
2.2615533
2.6417579
2.9180235
2.8391264
3.0143885
2.5096593
2.4850857
2.7074957
2.5699607
2.4174250
2.6829176
2.1816981
2.4118113
2.0528931
2.9506166
2.7157340
2.4822316
2.7489184
2.4445925
2.8368146
2.5298021
3.0312462
2.3639424
2.8141410
2.0913779
2.6495413
2.2077934
2.0848137
2.7033302
1.7557868
1.9944656
2.0986230
2.3929996
1.8516433
2.0516482
2.2727815
2.0747862
2.6362166
2.2203856
2.2387387
2.5720902
1.8589906
2.2263683
2.2163696
2.1129913
2.1819067
2.3641778
2.0663386
1.9612654
1.9496726
1.9210370
2.1332450
1.9369210
1.9852126
1.9433805
1.8180406
2.1708950
1.6719423
1.9532348
1.9366653
2.4165780
2.0555837
2.3270783
1.9114803
1.7903780
2.0995968
2.1994186
2.0526916
1.7455967
2.5813655
2.4903155
1.9545387
2.3179045
2.2822899
2.3293606
2.0389374
2.1722263
2.4289386
2.1846423
1.9735531
1.9163911
2.1595397
2.2204455
2.7452519
2.6127910
2.5779760
2.1949234
2.6231172
2.3946458
2.3358291
2.1556304
2.3828158
2.0058345
2.1261607
2.2316795
2.1533405
2.2454213
1.9674518
2.3566774
2.4340060
2.2474378
2.8286466
2.0053278
2.1305025
2.4777590
2.0071853
2.5849373
2.4036500
1.8514738
2.6508435
2.3176562
2.6513302
2.7688075
2.8906474
2.7104847
2.4935877
2.7086468
2.6713706
2.8154045
2.6369039
2.7388331
2.5247954
2.7413792
2.9028979
2.7841264
2.8535418
2.8072815
2.7889588
3.0634353
2.7895834
3.0394287
2.9159134
3.0439880
3.3405297
3.0543128
2.7657902
3.0438519
2.9033176
3.1309750
2.6931553
3.0993578
2.6246436
2.8002336
2.8794036
2.6082881
2.8125400
2.8488225
2.6136084
2.9716578
3.0097975
2.7538253
2.5602339
2.9965248
2.7247674
2.7667213
2.8887314
3.0345349
2.9235556
2.8685478
2.7497652
3.1460283
3.4229099
2.9405421
3.2861729
3.0895826
2.7974257
3.1408347
3.2055850
3.7893252
3.0155047
2.9653491
3.9351642
3.7834478
3.3248610
3.6758956
3.7654722
3.2189195
3.9211603
4.2791311
3.2443292
3.6055928
2.7990444
3.4534672
3.2584956
3.1853761
3.5526867
2.6382031
3.2328745
3.7944380
3.9077650
3.4161605
4.8832405
2.6790797
2.2870484
3.1456172
3.1064365
2.9335240
2.9704161
2.5566506
4.1525387
3.2464376
3.8771601
2.5487308
2.0175140
3.7991446
2.9121568
3.0623665
2.5278477
3.2459851
3.1609688
2.5918430
4.3358257
3.1636019
3.9134205
3.2767723
3.8125622
4.9454557
3.9171158
3.6912621
4.7732641
2.9961977
5.0463664
3.0851517
4.9697640
4.0126059
3.5891123
3.5179463
2.8995594
2.8707534
2.7883815
2.5615515
2.9780746
3.3103443
3.3910029
2.9838931
2.9567944
3.6367358
3.2895346
2.3203865
5.4319291
2.8865082
3.4346553
2.8671531
2.9033269
2.9957144
1.9492403
2.3311355
3.2197624
3.2036317
3.4199407
2.7095138
2.2307042
2.7816462
3.8602910
4.2479161
3.0209287
2.7312534
1.2155795
0.8184544
1.3709236
1.5109490
1.7640524
2.1740223
2.8129789
1.2824243
1.7928421
1.1876483
0.7913197
2.2568388
1.7265860
2.3985004
1.6826856
1.4293735
1.5640674
1.1198554
1.5900146
1.8416144
2.6301870
1.2545748
1.9049190
2.0257003
2.4712343
2.7986782
2.5821384
1.8481084
2.2691247
1.6382607
1.3838516
1.9448989
2.4569559
1.6818998
1.9978344
3.2285042
2.0325597
2.6540885
2.4488349
2.2582059
1.5295950
2.7859872
1.6052604
1.8059757
1.1529811
1.9133704
2.3173905
1.4293483
1.9299140
0.9502429
1.8854229
1.8910106
1.3326616
2.5372671
1.9131885
1.3730114
2.0811027
2.6194295
2.4033720
3.0250319
2.4331712
2.9705296
3.2914763
2.5870686
1.7962843
2.7560534
3.1784625
3.4876034
3.8406169
3.7659656
4.8684432
3.6479696
5.2141329
4.4606190
4.3036283
7.2206737
5.7886236
5.7295829
5.7589970
3.8825518
4.7815882
5.6628882
3.4404201
3.9112131
3.0796442
4.2912338
3.5699245
4.0506725
2.7068408
2.4962234
4.0954918
2.8436469
2.5714261
2.6346115
1.9143906
2.6682846
2.6283859
2.1931571
1.4948748
1.3785892
1.2929914
1.4589833
1.3181643
1.3404035
0.4701245
0.9694630
1.6448701
2.3678506
1.3583661
2.2235421
1.9696288
1.7394819
0.9099295
1.0481942
1.2183040
1.3470076
1.5604160
2.7371421
1.2729900
1.2281341
0.6249487
0.6968707
0.9752588
1.9909702
1.4953597
1.9915190
2.0873533
1.8160698
0.9344734
2.5397193
1.3071550
1.8527579
0.9615988
0.7135884
0.9480873
1.1640439
1.9685911
1.2160152
0.5990719
0.5642628
1.9857694
1.9839616
0.8771245
0.5620521
1.6007723
0.4755250
0.2471609
0.4490783
0.6937565
0.8165506
0.7865768
0.4296597
0.3239862
0.6212695
0.8115158
0.8713612
0.7906064
0.7911009
0.3274779
0.4966113
0.7328733
1.3180457
0.3382339
1.0441056
0.4817677
0.4685052
0.4141354
0.8019515
0.9382627
0.6330549
2.5466603
0.8737078
0.2574747
1.2939914
0.9212643
1.2622209
0.6569311
0.8946854
2.9335032
1.9920048
1.7113912
1.7354153
1.8925847
0.7800439
1.7483425
2.2845992
1.0732624
1.2609120
2.2943080
1.4992145
2.2805388
0.7554490
2.5699230
1.8094574
1.4753969
1.0358975
1.2353018
0.9088603
0.9080788
1.0461201
1.2404612
0.5546003
1.0335819
0.6177163
0.9349476
1.3127513
0.8502564
1.9118929
1.4497108
1.8471786
1.6225780
1.1923626
1.3201700
1.8937729
1.7269102
0.7578877
0.3723928
1.8031294
0.5759721
0.6620993
0.5123252
0.7106005
1.7827347
1.9741926
2.2629480
3.0585479
1.4484088
1.4866335
2.2872341
1.5615552
2.5069657
2.6478399
2.0408081
2.2436951
2.9972203
3.5619206
2.8621947
2.3993801
3.1455330
3.7224467
3.3183441
2.5338241
2.2070135
2.3828541
3.3389417
3.9426536
2.7367131
4.2082139
3.4113937
4.5026073
3.6193232
3.9850232
2.9570032
4.0133804
2.3700393
3.6181978
3.4028365
3.0005526
3.0763819
4.2887574
2.6272429
2.5297626
3.5664684
3.4381446
3.5775633
2.8038763
3.5318800
3.3965143
3.5049699
3.4038799
4.0745494
4.1541751
4.0724640
3.3262679
4.4122903
4.5948874
4.4340202
3.8998289
4.6794254
4.4683693
3.9040889
3.2938072
2.7822517
3.3778891
2.8260848
3.3426307
4.1405170
3.2193725
2.8971750
4.5210249
2.9296609
3.1711382
3.7195573
5.0545385
2.8597805
2.9049069
3.2477548
3.6832911
4.0018969
4.3654195
3.5241810
3.1128772
3.6705058
3.8635980
3.6950393
4.4164418
5.5304326
5.3253365
4.7440359
5.1258177
5.3076062
4.3810101
3.4693956
4.4500597
5.4368387
4.0623193
3.6670366
2.9069380
4.6330130
4.3147201
4.9965409
3.8420440
3.5200958
3.1965835
4.5256757
4.6583192
5.9051451
4.5441462
3.0700651
3.4112312
4.1068118
2.5247958
3.5419888
3.1819447
4.7317718
4.7397039
5.6950664
6.1401770
5.2971502
5.9686526
5.3187290
5.7946824
2.9391533
5.4764313
3.8294666
3.3317888
4.4295732
5.2508838
4.9424767
6.0606273
4.4249451
4.0644335
5.7686813
3.0976873
2.8201757
3.4465964
3.3031662
4.1266990
3.3321305
3.5914110
2.3544369
2.3397651
3.2832728
3.3418876
3.0711458
3.4788663
2.9099761
2.8974925
1.9396751
2.2911039
2.8621401
2.8936602
2.7740149
2.6272883
3.7141205
3.1715135
2.9255788
3.6738886
3.4309863
3.9820141
3.5174423
3.6646788
3.0543130
3.9967834
4.3255806
3.7550427
2.6586257
3.7222281
3.6301848
4.8480161
4.3842385
3.4121289
4.5161505
4.7902049
3.9122233
4.4420868
3.7835319
3.3841026
3.5329978
2.8812161
3.2393200
3.9539499
3.5734927
3.7442896
2.3626630
3.1057273
1.5331662
1.8251690
3.4223518
2.4476584
2.5434300
2.6328169
2.4209084
2.4206904
2.4064958
1.5593458
2.9913371
2.2984104
1.9453657
1.4069298
2.8479265
1.8331823
2.0168301
1.8146085
2.2154227
2.2928696
2.4855788
2.9583677
2.5596394
2.2841996
2.2880726
2.3012799
2.6210467
2.7880432
1.8377399
3.4105268
2.1048004
3.3873792
2.3078925
3.5372480
3.5255421
2.6072067
2.3579507
3.0553465
2.5808614
2.7446919
2.3439066
3.3733329
2.3536248
2.0289233
2.7154270
2.2404322
2.4272322
2.3837014
2.7831682
2.0289186
2.4299429
2.5794458
2.7647596
2.2004263
2.2463878
1.9316815
1.9672903
2.1169060
2.5037304
1.9706085
2.1207992
2.5600261
2.7462558
2.3358698
1.9236668
2.5553100
2.5722083
2.7636650
3.1343195
3.0300317
2.1525727
1.6739707
3.1235305
2.1916937
1.2824434
2.5582946
1.3239663
2.2299132
1.6144529
1.9125510
2.2307827
1.7078030
1.2635213
2.1691672
1.9611560
1.7427203
2.3376827
2.8661601
1.8105722
3.4784978
3.1958383
2.5611111
2.9393818
2.6852001
1.2768397
2.1293200
1.6011631
2.6306049
3.0794537
3.0558527
3.4734347
4.9391772
3.9630806
3.3305585
2.6356042
2.1410595
2.3218021
3.3004622
2.8361671
3.5200202
3.0095456
3.3909641
2.7807597
3.2115173
4.0060171
2.0082020
2.0871420
1.5815038
1.9249744
2.8785157
2.8574065
5.3958644
2.1160877
3.2177249
3.0644132
3.5674448
2.8657105
3.3237391
4.3075176
2.6886278
5.0471226
4.5639589
4.1396222
3.4359214
4.8376187
3.6564883
5.2577603
4.9391678
4.1678843
4.3043971
4.1662332
3.6889636
4.0489724
3.7470057
2.6167777
3.6548312
4.1154468
4.5266215
4.0884296
4.3966176
3.8431216
4.2288381
3.9849610
5.4546301
4.6790348
4.3668618
4.3374938
3.7496107
3.5246912
4.2938230
4.1749717
6.8974549
5.1591098
3.0753871
5.4492052
4.1404515
4.5611603
3.3975540
3.5955990
3.5514738
3.8794547
3.2313534
3.5292766
3.3149268
2.8229373
4.1995696
3.7479778
3.4425804
3.0680016
2.8730174
3.3289929
2.8466524
4.0538039
3.2017167
3.0732031
3.1592347
3.5940488
2.9053445
2.6824557
2.4913850
1.5147289
2.4337928
3.4091478
1.7668123
2.0862671
3.2286692
2.9340283
2.0260280
1.7756400
2.6127277
1.7783123
2.3328224
1.6571966
2.3330078
2.0255894
2.6905292
2.5444792
1.7495711
2.1000579
1.5662956
1.9694147
1.6933199
2.0379788
2.5574812
1.2744574
1.1955445
2.8727237
1.2661696
1.4013002
1.5026952
1.3394378
1.2867847
0.8668991
1.5421882
1.6001367
3.8054112
1.0891086
2.1847729
0.8156921
0.4995546
1.5168043
0.7608253
0.9164838
1.0551460
2.1911348
1.3958209
0.7287684
0.9716531
3.9615685
1.7893210
1.1605232
1.7805101
0.7858159
1.2332294
1.9594550
1.2983704
0.6731900
1.2393840
2.1908529
1.9290337
0.8048081
1.1511438
1.3892861
2.0131882
1.2600772
1.0208486
1.8608967
1.1446803
1.3346011
2.6623580
2.4003675
2.4083562
1.1697705
2.8266496
2.6034180
3.2097503
1.3248702
1.6679486
1.7528127
3.0870348
2.5499046
3.0242846
2.4409613
1.3291787
2.1249456
2.9704902
1.0161060
1.3883741
3.4812995
2.0651135
1.7629291
4.7872325
3.9736188
2.9523805
2.8950381
4.2753349
3.2607139
1.4889591
1.6812814
2.2907276
3.8994385
4.6289032
3.3973921
3.4204933
2.4254982
3.4359297
3.1606699
3.0319438
2.5268073
1.4198290
3.0639213
3.4679030
3.2951056
2.9086372
2.2637964
2.5840996
2.1249780
2.2525145
2.5294570
3.3216553
3.9903247
3.0130519
1.7621992
3.0737473
2.1743313
3.7793236
2.8142570
1.7631555
3.4287353
3.5707708
2.8721366
2.7977736
4.1674578
3.0791574
2.7550707
3.5195859
3.7738330
5.0109490
3.1751373
4.6822067
1.9358205
3.5945002
4.7093475
3.0689051
3.1816072
5.2262597
2.9589215
4.9546113
4.9539695
3.5901460
3.3731890
4.6444285
4.0286834
3.2040030
4.6404109
3.6510411
2.9884630
3.9446141
2.9589225
3.3091607
3.9336846
3.2008547
2.6879688
3.6967043
2.7490953
4.2430809
5.4469766
3.2458157
3.7760208
4.0193316
2.5551633
3.5474281
4.0565311
3.0937609
3.5703080
4.9631356
4.8970713
5.1279733
4.3927013
5.6409841
3.1186028
3.5442780
3.6476698
2.4940602
3.3425959
3.2123196
3.9849684
4.1286365
3.6143442
3.4411878
3.4313646
3.1929348
3.5638653
4.4874131
4.3851194
4.0513511
4.3868193
4.6516746
4.3425174
5.2022428
5.2412457
3.8235083
3.9621472
3.4765049
4.0856131
4.8274078
3.6738768
3.8940027
2.4450356
3.8895249
3.5748727
3.8862461
3.7081121
3.5122458
3.1719379
3.8088352
3.7572102
3.9996827
2.9459054
3.9969253
1.8214286
2.9682820
3.7680213
2.9115174
3.3161617
4.3135486
4.8963466
3.3597055
4.6975617
3.8920545
3.2026406
4.6864481
3.7975296
4.6146107
3.4191548
3.2104374
3.9430505
3.9356163
3.4475864
3.8384884
3.5690275
4.6033052
3.0244100
3.1683949
2.3702540
3.5464618
2.2897427
2.8602475
2.7438256
2.7058848
3.0730784
4.3102358
2.9935973
3.6805049
2.9308947
3.8527195
3.7376938
4.6281858
2.6526565
3.6203373
5.0801058
4.9291321
3.5699624
2.0156920
4.7625065
4.4629275
4.9740778
6.7909822
3.8816667
3.4518335
4.6103839
7.1746960
1.7761598
3.7315607
2.2164342
3.2101164
3.9372179
3.7079639
1.8273732
3.5276389
3.6008737
4.3042182
3.5156081
4.9054972
2.8225716
5.4035766
6.4971306
3.6683221
7.1151646
6.8875708
5.4030227
6.8731808
3.7941795
5.1062151
5.5933048
7.2805139
5.7652143
7.0258457
5.9389991
5.7901335
8.5322133
7.9664530
6.6742868
7.1597515
6.7000223
7.7740120
8.8137118
7.1132477
6.4357460
6.2151217
7.0390978
5.8713190
4.9303029
5.1459976
7.0190570
4.4131485
7.2042230
5.8284411
7.4220755
8.2560284
7.2176035
8.3718254
9.3634961
9.6372271
9.9886085
9.7308777
8.8611750
9.8902206
7.3845857
9.6938055
12.4971409
10.8674963
8.9535955
5.7885792
10.8751069
4.6917808
8.1454919
7.9946289
8.5084776
9.8204483
6.3656260
7.8952290
6.1702401
6.8562768
7.2393222
10.5447024
8.1838526
6.8503667
8.0348398
8.5060440
7.4167096
7.4223365
9.2016861
8.4191478
7.0718409
6.1316829
5.4087943
7.8668117
6.3244110
5.2803118
5.3069140
6.2366258
5.9676104
5.5294800
6.1985179
6.2355833
5.8160166
6.1333670
6.2114112
4.7152565
6.4125588
5.1369368
5.4606190
4.6666483
5.9031329
7.2879530
5.5111492
6.3248181
5.6309136
5.3718021
5.2023960
6.9770253
5.1221916
6.1800599
7.0129549
5.4530643
6.4207773
5.3780596
6.3054000
6.8326555
4.7848881
6.2078326
5.4843326
5.8720763
4.8539293
6.1022945
6.9952027
4.6383729
5.1244560
6.7724217
5.6601427
6.9092084
6.0680439
6.0303790
6.2657881
7.8063600
6.9444596
5.0611959
6.1891514
5.8113044
5.7480595
6.1631987
6.7681404
4.7826769
5.5557385
6.0465515
6.4766522
6.3121590
5.1054228
5.3398704
7.4480250
6.7762118
6.4163269
5.6754472
5.5930845
5.3950725
6.4676570
5.9868709
6.6531177
5.2176976
5.2588982
6.6236322
5.6883443
4.7887222
5.4657061
5.4787330
6.3035584
5.7254955
4.8958636
6.4717826
5.6108104
6.2448394
5.6236517
4.8582954
6.1999420
5.3776359
5.7829120
5.2378643
6.4137980
6.2432450
4.9703029
5.6091391
5.8970556
6.4665904
7.0691831
8.0565533
7.2613715
6.6067844
7.4057473
7.1353655
7.3115031
6.6021287
6.1335296
7.1447325
6.8416474
7.9921434
7.0802914
7.0859316
7.2186973
7.8188998
7.4532661
6.9257174
6.5086627
6.7466602
8.0795578
6.7771377
7.0934668
7.7547152
8.1915179
6.8556770
7.9085856
8.9447220
7.5548454
7.6037307
8.0049630
7.4869530
6.8890768
7.3208234
6.4256349
5.7855851
6.6335021
7.0089476
6.8020358
7.2944884
8.3316566
8.0817904
8.5694425
7.7580844
9.5067119
8.8787276
7.4911765
7.9911088
7.9668765
8.4256356
8.9292550
7.1651876
7.0884677
9.2098338
7.8533294
7.2080048
10.5920929
9.4741328
8.1596361
8.0402171
8.5490198
8.2543348
8.2227737
7.1496970
7.1431532
7.8876959
7.1340159
6.7708200
7.0440232
6.0904304
6.1754455
7.7411513
7.0748430
9.1680622
8.6785429
7.2075367
7.6700473
7.8851526
7.5490770
8.9774736
8.8528714
7.3574929
8.1559322
8.3000266
7.6534169
8.8407917
9.2855055
9.6044072
8.6611935
9.1170286
8.3287237
8.7379769
8.6041051
10.1807047
10.0854164
9.4322595
9.1571651
9.7599863
11.4674336
8.9896250
9.3168156
11.9496524
7.8943763
8.3563069
9.6201089
7.8843499
8.6049605
8.2161316
8.2701104
5.8955466
6.9561405
7.4868072
6.9794360
7.2587039
7.2548981
6.2356662
7.3079352
6.2832655
6.1849420
5.9722718
7.1711775
5.3212608
5.3529047
6.0195526
6.3485933
5.0782056
6.3645076
6.4278923
6.4732930
6.9811854
6.0435386
6.3975123
7.2791860
6.1534874
7.3099441
7.8878834
7.2820247
7.7416707
9.3444779
10.7061426
9.4806546
8.1678000
11.2427460
8.7762226
5.8699581
10.0862829
8.0504275
10.1933060
7.1826350
8.5866494
7.8772834
7.5615785
7.9321187
9.5789922
10.1696810
9.4070847
11.3411700
9.4103420
8.2927078
9.6790141
7.5415875
10.4028628
8.3418096
7.4747303
7.7155617
8.8663692
9.0913527
10.5310126
8.4581087
9.6053777
9.4118162
8.8852548
7.2271055
7.7063561
6.8488959
7.0321706
7.7931328
8.1063672
7.7578921
7.1417030
9.3408160
10.9301234
7.2602423
9.0376252
6.8944127
7.3299251
8.4454334
6.8701633
9.0486574
9.8587965
7.4473355
7.5534979
5.7497072
5.1772018
6.6309244
10.1015087
8.1466293
9.4249339
6.2941897
5.8300581
7.5340018
7.1438675
8.2610782
6.0853770
6.7116450
6.8933249
7.1951265
7.1235716
5.6710518
6.6065884
6.5611814
8.0229235
7.2815808
6.3537833
6.8644079
6.4066477
6.0196833
4.6302650
5.5975061
5.4261520
5.8203302
6.2570280
5.7229137
5.7934203
5.6493823
5.9984954
5.9762248
6.9386743
6.2559230
5.0208054
5.3039495
4.3693965
4.8848887
4.9889789
3.8915824
3.7096304
5.2019978
4.2881960
4.2300958
5.6892246
5.7540506
5.6217854
5.7651849
5.7619078
5.4565037
5.5054124
4.2054507
6.2156927
4.6219735
3.7908276
4.9252798
5.6139055
4.3889589
3.4811641
4.8487671
4.7527727
3.3902998
3.6418435
4.0322624
3.5017564
4.4789639
4.9204600
4.3158094
5.3545184
6.2068109
5.5168516
3.6637683
5.4596950
8.4029733
6.5753071
5.5313439
4.3660129
5.8476145
6.6720223
7.0850086
4.7623954
6.5301042
6.4782929
5.4622994
5.1036482
5.9054717
6.2513942
5.5329571
5.1295538
5.0624021
5.7448684
5.5946382
6.3503363
5.4464685
6.0681081
5.5976139
4.6184918
4.3554236
5.2171191
3.6312092
3.8501464
4.1292903
4.5840665
3.5712701
3.5833047
3.7328413
3.9911031
2.9842584
3.8290556
4.0101268
4.1369869
5.1429780
3.9920326
5.0431055
5.0650279
4.5356282
4.1714996
3.7148453
4.1731073
4.6224501
5.2354683
6.7016657
5.5365602
4.5315708
4.2224776
4.6900671
4.2885110
3.7709835
3.1513644
5.8573627
4.4154904
4.3576796
3.7718761
4.1395254
4.1653355
2.8115723
3.9184586
4.0512295
3.9745906
3.7533054
3.8683361
4.0396934
3.5105137
3.6449312
3.4336040
4.1336614
3.7523112
3.7622244
3.2028360
3.1376400
3.2931246
3.1768626
3.2545123
3.4492754
3.3352588
2.9492194
3.4523427
4.0882522
3.5379527
3.2060524
3.9211421
2.6204773
2.2469571
3.2803327
2.4075832
2.4246065
2.4282254
2.7745035
3.9962906
2.8935040
2.6897952
2.8170406
2.9818927
3.4519345
2.9393718
2.6325509
3.6969948
3.3398769
3.4741110
3.6444254
2.8613195
2.6751343
3.2466179
4.0775237
3.6913880
4.0575761
3.6910771
4.2067568
4.0255966
4.0633956
3.5090030
3.1747949
3.6524776
2.7846703
3.4694336
3.4342064
3.3739698
2.9077301
3.2241180
3.3031945
2.9877195
1.1940119
2.0970356
2.6113209
1.8180682
2.9400936
2.5634204
1.8683880
1.5613956
2.3657332
2.2248491
2.1493371
1.5069037
2.3975711
2.1118518
2.1888303
3.1202712
2.1190858
2.3892954
0.6688986
1.8216957
2.0325425
2.2306568
2.6078003
3.4741678
2.5900782
3.1984711
3.1609591
2.8537347
3.5757248
3.9999956
3.7910291
4.5699035
3.4193230
3.6014109
2.8857133
3.7543031
3.1851034
3.0672785
3.4360245
3.8212436
4.3184062
3.9124325
4.3991863
4.5341020
4.1757955
4.0732405
3.6476997
4.2552511
4.3137419
4.3665985
4.3274081
4.1909878
4.3442007
4.2391891
4.4251493
3.8613975
4.4515294
5.0906653
5.0548560
4.4409399
4.1501847
4.6853831
4.8977666
4.8868526
4.4081582
4.4833837
5.0657635
5.1260476
4.7764546
4.8790710
5.0515117
4.7364881
4.5435843
4.5514454
4.5671929
3.9533902
4.2215768
4.3073640
4.2079383
4.3166655
4.2239424
4.4658425
4.1295710
4.8259463
4.3955484
4.3799053
4.6666262
4.3085460
4.3393180
4.2231713
4.2055832
4.4785362
4.5614673
4.3261174
4.0500297
4.4372301
3.9346663
4.2520409
4.2847079
4.3637830
4.4191716
4.1423841
4.4194331
4.4833899
4.1967734
4.2657302
4.4601266
4.4195472
4.4094159
4.2686022
4.4207256
4.1457787
4.0801210
4.3520823
4.4133773
4.1634250
4.3569182
4.3480657
4.4990423
4.1395686
4.3770067
4.4669007
4.1704943
4.4261959
4.2416487
4.5106430
3.9675759
4.1952503
3.9692382
4.6003464
4.2919778
4.2948385
4.3804145
4.2924895
4.1266995
4.1200827
4.4659846
4.2635478
4.2287435
4.1263003
4.2630127
4.1230209
4.0583910
4.0345239
4.2989902
4.2480534
4.2905789
4.0319104
4.2716610
4.1378968
4.4205364
4.2450508
4.3289534
4.0920592
4.3306083
4.0187112
4.2430113
4.1256058
4.1122565
4.0039112
4.2948264
4.3142591
