10.1338608
6.8530199
10.2603566
7.4672879
6.8186130
11.0992592
8.4400156
10.8198502
9.5857647
10.9571020
13.3914004
10.9629285
9.2506723
10.7384051
6.5764022
10.3776847
6.8946867
10.0564792
7.1139489
6.8907868
10.6420412
6.9770968
10.8226304
9.1335087
7.8631820
11.3395467
10.4906713
9.2463735
7.4370383
10.6744625
6.5168474
10.6792876
10.4502802
6.5146221
10.4079386
12.4913627
10.6826752
10.2930227
11.1606850
10.9689355
10.7150255
10.7525524
11.6464857
10.6998519
11.0537228
7.0910659
11.3899223
11.4539519
7.8635756
7.7812983
5.0221615
10.2680094
10.9493726
9.3990558
9.1370670
10.6798122
10.5376148
11.2096673
10.0508105
12.5627541
11.0028136
10.9087798
10.8683850
10.9343100
11.0861877
10.0851142
9.4890117
10.2831631
10.4855848
9.5090038
11.3675695
13.8616632
11.0182455
10.2971258
10.8006611
11.3940589
11.5483175
9.4810734
10.8423941
10.4983948
9.1544690
10.1303119
9.4145613
11.6694945
10.0693032
8.5342121
14.3088643
10.0279143
11.0081022
10.5704456
7.6004084
11.3199673
11.6972739
5.9554196
11.2916504
8.0883868
10.9850324
10.3168405
11.5743635
10.4437091
9.5157176
7.9929541
11.3292945
10.6565548
10.6036921
10.2714812
14.1894286
11.3106743
6.7742932
11.0482417
6.6374882
6.7645430
11.2885771
10.8258844
10.8220642
7.0786210
7.4947450
11.1216839
7.8814197
6.9941848
8.5569089
14.3206715
11.3489234
9.6431595
6.1161648
11.1768272
10.2468848
7.3160256
10.5210673
10.6611469
9.7688650
22.4881422
9.1783396
14.7864841
9.7639941
5.3460301
4.4693166
4.6899822
3.8274692
4.3486944
5.7470109
4.6259627
5.1093523
8.2121083
5.3351645
4.7544315
4.3637230
5.5627332
5.0054390
4.7169074
8.0514070
5.0524083
4.9252689
4.3353286
8.1784431
4.9429566
5.5506120
7.8629962
4.5682294
7.5238164
11.1213049
6.4555798
6.0312530
12.4872536
7.6744527
5.0576966
4.7760309
4.7895119
8.1631400
5.2816976
6.4904509
5.1506348
4.2168087
5.0083173
3.9927812
6.0817457
4.8964782
5.9342102
5.1006746
5.5148161
5.2273524
5.5546373
4.7642982
7.9916889
6.0523561
4.5791633
8.2047600
5.4477388
5.7197022
4.8961275
5.0503901
5.8733437
5.2338479
4.9179143
4.7659091
5.2241867
9.2451449
4.7246241
6.6866157
3.9159586
5.7966882
7.0633516
4.0225318
4.5110009
3.3385920
5.6192845
9.7054364
7.7906938
4.2785217
5.9572998
6.2055474
6.4374738
4.7646326
3.9769990
7.3212342
3.9014030
4.1251930
3.5241796
4.4876962
3.2220705
6.1390715
7.0337482
4.4570854
5.2130377
5.2797987
5.0300704
6.8116818
11.9073755
3.8543205
4.3414430
4.1865551
3.3541241
4.1835185
4.3813386
3.0812805
5.9377158
3.7994581
4.3360947
4.4995898
3.4875014
4.3239867
4.5532408
3.2876975
8.4205853
5.3970519
8.6805619
6.1850829
4.5119906
3.3123841
6.7275107
7.3520668
6.3373082
6.1774584
4.6878998
5.1214429
7.5887711
7.1163845
4.6988194
6.2354761
4.5297633
5.5157889
4.2891382
5.2247186
6.2807542
6.8352711
3.6605802
5.1188297
4.5890393
4.2252408
5.4677964
6.5799071
5.1280597
3.6591411
4.0523381
5.4142634
6.7742485
4.6126092
5.1602372
4.0541505
4.0350891
3.7015820
4.4519302
3.8186362
4.9236999
3.4168311
3.8886920
3.5476040
4.7484115
4.8610715
3.9092199
4.5653015
3.9549820
4.0275020
3.0713790
2.8960645
1.6139211
3.2717759
5.3091051
3.8921184
5.1040423
2.6506842
6.7699673
4.1073983
4.4311459
2.1639380
2.7713983
3.1328070
9.4820509
4.2552290
0.5936485
9.2313575
4.4084654
4.9464554
3.8589712
2.3086125
4.1533902
4.8045714
4.5874308
5.0217052
4.2707144
5.3273803
3.3934564
3.5636766
1.6927969
3.5367516
3.5711212
2.5106812
4.3271171
7.2175916
17.7148358
5.4243732
11.9218199
28.7409969
28.0892187
2.4672641
1.9885714
1.5208989
3.5933887
3.8964036
4.0077124
3.6689560
2.9455669
3.9544299
1.5224778
2.5892434
3.4639177
2.2079124
15.4054684
13.8614203
21.7108393
5.6031350
9.7367739
21.4826400
13.6603981
5.1185703
10.1762567
4.7981826
13.1399901
8.5599229
15.4714899
5.9245600
5.2710451
14.6477204
15.5714740
6.2262128
3.0816339
16.5478657
4.4151712
23.0929537
29.9406773
57.9661105
8.1412623
2.7539239
70.8247294
19.2936822
18.2865399
25.3473761
16.4652322
23.9667961
14.5362165
20.5304685
5.9343840
11.9188510
2.9533841
10.9997540
11.9232994
17.5493915
5.5689578
3.8883463
11.3836959
21.5596221
8.6739258
12.1613274
12.2913181
25.3070507
27.7123832
17.7343746
3.5834855
22.3013861
3.5428650
14.1932601
15.9989708
5.0544346
1.8593737
15.3610884
17.6549304
4.5505265
1.3597652
2.5932645
2.7039332
3.1537080
9.9088677
1.8404670
8.3491575
20.0977404
15.2087981
12.4818133
7.5760574
9.0177637
12.6980001
16.1622465
9.5540829
7.3164525
7.1759001
18.0952457
2.1457175
3.9645173
3.2971808
1.9547598
16.0253646
6.8258799
20.5420502
8.1405786
14.2210258
11.7856125
15.6555110
2.3085899
2.2550653
10.3122899
7.5983676
0.4639887
4.8165124
2.5174104
1.0895011
1.6741761
6.4914759
8.7310702
3.3907592
9.8135349
7.3662705
4.5762852
8.1959428
8.9424645
4.6680005
24.9312169
4.3746708
4.5231278
6.4804031
8.7727235
20.8170402
12.2985911
3.5112630
14.0191983
17.9072929
20.4338801
10.0140759
16.1098529
9.6100319
2.8661672
16.8192939
11.4923067
4.0175175
13.0667988
3.0641118
6.6958924
23.2862867
19.7941584
18.7046704
17.7472262
13.5935382
13.5482613
7.2240167
26.8626852
14.2705803
13.2652918
14.1999119
13.6985427
15.3372192
15.9186970
3.7627623
7.6717887
4.3512773
4.8850773
5.4308643
8.9922839
6.3017112
9.4198603
14.6926796
4.7013027
8.8387758
6.1321608
6.3560048
3.5292168
5.0368542
6.1000088
17.4378268
11.0773451
6.1902842
12.4511509
13.1612537
5.7575898
7.5277481
5.1098243
11.5838897
3.0896112
17.8337697
19.4717058
26.8687065
11.5222683
6.3531456
0.7463378
2.0685069
2.9963578
2.7147805
4.5027590
1.3723796
6.8967883
6.9883921
9.9814571
6.9369869
7.8858014
11.0314965
4.6367111
11.1947072
4.3654927
8.5259712
3.8960987
3.7044611
14.5419932
80.3729240
228.6809512
350.6696304
44.0935074
61.7306399
16.4895457
8.2524357
18.6450512
47.1782849
405.5274123
17.3043721
411.7044710
399.0409221
13.6250646
8.4700397
14.9816817
12.2099765
6.2256651
9.9902344
16.1164818
4.7352661
10.0654824
1.0663616
6.4688855
7.9988030
3.5873309
2.3496065
26.0624962
0.9289709
4.0104647
7.1104688
3.7720719
9.3431214
8.5734749
5.8466051
14.4795449
5.0727765
27.9730646
8.8397789
4.4386059
5.9945747
32.9685933
4.4799185
16.5320956
7.2613269
35.5751076
26.2190947
13.0884706
8.5320336
3.2013225
38.0967918
15.7101336
27.5708699
17.7027596
8.5130350
19.0121595
19.7931665
33.9356600
34.7270185
40.0951582
12.7049924
34.5164405
25.1856694
37.8720477
2.0931440
9.4819413
26.7259011
15.9832170
10.7287057
36.4156817
28.1392363
28.5969167
15.3468285
5.4423253
5.4702837
9.6967170
19.9538668
5.4878839
5.9338515
13.0594126
8.5102474
20.7237018
8.3128699
2.1920516
8.1388055
8.3690348
11.3273348
4.0897091
3.6551835
19.4007485
7.2099717
66.6151537
67.3947674
6.0006133
12.2197486
6.3973338
15.0689541
12.4523715
19.4383136
8.4606740
4.2533098
1.6741897
5.1085098
5.4006016
4.8176603
2.4100488
6.1397293
5.1805487
2.7784166
4.2944452
5.3924445
7.5327625
3.5418998
2.8355149
6.3331008
18.5647275
2.4662316
3.6867884
7.9299805
4.0166570
5.5558533
4.6280423
3.5972321
6.1768262
0.6457449
11.2708241
7.4250606
14.4963301
3.2267282
2.0365643
1.7774771
7.2528217
9.7130719
10.5287134
13.7129920
63.0232347
16.3743425
43.9405022
123.9789695
30.1837145
6.9421043
25.2449626
13.0794038
27.1773469
9.3853204
16.1643028
23.7030117
27.3690959
36.2515901
10.6724661
1.1737456
0.7060521
0.9243552
3.5578419
2.7388877
3.1830496
2.9033818
2.3590204
2.4527447
2.0433370
1.5141305
3.6740236
2.4123941
1.4288970
1.3702572
1.9580000
3.1230109
4.3477642
3.0831099
3.0126468
1.6329402
0.6219331
0.6559302
2.5375084
0.7636893
1.3690187
3.3666470
2.8535475
5.1176438
3.6965072
2.1828496
0.6550913
2.4130822
2.1302903
2.7319989
3.1991100
1.1378321
5.8861082
2.9596927
3.8866643
2.4160998
7.3987255
8.7228615
1.5354637
5.7049416
11.6045122
8.1281626
12.9588108
24.8940458
17.9210565
2.0332863
2.6903117
12.4874543
11.6822832
3.9875421
8.2116630
7.3566851
5.6960480
4.0535957
2.0739150
1.3254562
1.9436766
0.3486937
18.2818087
5.7388410
24.7032823
3.8082902
14.4015651
26.7278227
20.5507099
164.2709501
140.6001621
163.5330611
166.1617364
164.1919331
2.2890439
2.8372774
4.8470410
2.4136134
1.5701568
8.1550247
6.1281373
9.1939544
10.6256762
7.4883026
7.8488912
7.6922257
0.8792522
5.9862516
1.2767755
6.4520583
2.9554254
6.3666177
8.3097514
10.4268392
7.5312258
9.6992940
11.0352887
9.6769605
10.1499443
9.9559905
5.6346714
9.8895795
2.3810952
9.1965393
3.5246033
14.4197783
6.4334633
7.9291095
8.6259857
25.6126512
16.7445917
18.1657569
19.2251426
3.9967669
8.4598368
10.8446946
9.3740331
6.7129811
9.6067088
19.5387622
19.5224024
25.5174447
19.8733117
17.9438927
14.6704472
5.5689494
5.2076721
17.5058119
10.9649791
17.2340111
7.1134472
4.9485079
9.0412172
5.6125050
7.4801389
6.2950816
31.3390873
8.9390750
6.1699745
21.8871527
8.1806017
6.4573764
2.3915723
6.0288549
5.2127134
5.5070794
16.1833078
4.4100089
8.1613959
4.1112004
21.7101477
18.9825649
3.3438048
5.8838282
0.6270272
9.3488600
3.7864202
9.3988062
39.3349895
6.9820158
1.4906677
9.5507097
12.1943977
2.4424964
4.3119664
6.0292606
1.4260429
9.0507270
21.7883388
10.7444704
16.2720874
1.8475707
6.6161672
7.6108082
12.1736099
30.1468276
3.3494392
4.9492411
12.0674319
4.5843283
9.8054426
12.6777744
10.8933217
28.5709912
10.7659786
6.3163221
10.4846223
10.2381102
10.6335449
3.4039616
5.0137147
4.3883306
6.8129954
4.6805294
7.8697737
5.5906600
2.7058194
7.9366989
4.5545707
50.0602327
12.3949050
14.9014012
21.6589684
225.0494981
229.4412668
20.8987902
32.6199646
26.0774182
241.6423930
93.3948003
156.1716521
27.3231687
52.6097191
53.8032942
53.2306762
97.4976228
176.5932727
232.9201297
18.1827217
161.2613226
250.9853563
209.4753539
227.2007515
246.7808767
210.0724606
90.7087948
69.2620174
5.4720620
2.8638885
4.5513554
6.5816598
4.7567452
9.8243158
10.1144374
7.2593648
13.2247384
10.0834757
22.8054436
9.4118603
9.0686904
12.6969918
13.9596432
12.2992591
22.5161128
12.6777429
11.9065874
14.9239514
15.8115624
12.5825408
45.2600488
12.3497180
11.0463337
4.1882140
10.5319385
27.6766139
2.5196832
4.6768438
4.1340908
5.7926702
4.7065458
9.2398627
257.9780013
34.4732017
156.4585024
4.3544808
5.9052046
4.1049129
10.2598314
23.7019241
5.0132315
11.7986005
28.8972913
52.5555617
8.8644421
21.7200342
19.3805951
24.8181765
7.7164747
37.4201749
5.1907028
7.1085914
14.7641902
36.7181266
54.7570432
11.8423654
7.2542921
3.2097615
6.0223663
11.0815269
11.8093075
4.6944433
21.5400915
10.3377918
24.7715880
12.5106457
6.7537198
33.7614521
3.9422056
18.4491568
6.5121093
9.7866594
8.7517955
1.6145440
21.1328045
19.5382837
12.0025107
21.4862987
24.9575000
26.7272325
7.9021988
15.7699651
26.4003147
19.3516582
34.6207766
17.8784781
13.0690041
25.0454626
15.8393215
19.2922254
11.6143513
9.9063551
10.0473627
3.1920738
8.5548556
31.5847959
7.3539052
2.3532371
3.1636645
7.8119109
6.5373402
26.7483068
203.9091424
64.8772946
20.5432734
10.1025683
5.0386266
4.6182762
8.5909873
15.8689249
6.1956819
50.0052166
159.3951956
201.4951172
20.2574878
12.6387395
5.8827918
10.3967428
8.7061849
31.0004062
29.8697677
40.8228636
4.2457430
36.4543392
7.3189854
4.9975712
18.7854941
9.9820134
24.1588200
4.3647127
122.5267014
10.6020568
20.9099943
26.7391292
12.4725783
19.6444974
2.7608400
14.8137991
11.9587148
9.9307738
35.4892612
11.3990554
39.2790373
10.8262601
17.1034279
6.8235175
6.2631774
5.3662670
25.8823387
5.7210726
13.3849729
5.5522951
92.8990478
173.3700512
152.2597773
93.3437878
18.6323934
18.3939023
4.9172660
19.6894161
50.7826154
4.5566465
12.6392081
8.1589510
3.1324182
9.9979824
6.0616886
13.3191856
7.0057356
3.7062905
4.2528147
3.4615525
11.7677005
7.3308329
15.7683089
3.7912819
16.5583181
5.6794625
4.7889957
3.6728388
9.3328136
1.7401842
13.5869648
1.5462803
4.2245149
0.7222383
14.3649269
4.4409581
6.3123348
32.2929269
37.7710816
10.7668803
7.8340738
22.7209321
18.5843469
9.3234490
13.1352615
19.8833851
12.9264333
27.2738573
5.4124646
20.1007472
4.8068763
14.0340048
2.7852881
1.9454013
16.1128802
29.4683388
11.9756032
12.3644230
7.7651119
1.6754256
92.4511939
197.9266433
241.3078013
62.2907173
54.0391489
41.3031514
18.7185886
28.3507797
4.9162788
34.7288842
21.3346006
6.5877344
22.7136246
37.5675154
23.7617412
24.4135537
27.5872507
30.5718859
20.4115337
8.0307176
2.7495331
34.7163257
14.9292726
67.9471465
39.3297727
6.8822494
33.4465058
37.9340968
23.6931889
12.9404462
41.8079884
21.3433404
20.5879609
5.6562837
24.2218375
5.0200625
174.4221824
163.0256994
118.4337326
164.4138446
259.7188675
16.3481773
113.2213302
0.5882891
14.6847388
64.6688615
10.8576526
21.6357690
32.5629261
59.6124871
7.6048776
22.6852813
24.9176593
42.5730641
12.0035981
9.8912767
34.2140370
6.5798356
22.8794362
23.4079983
53.5453214
23.3872558
12.1078208
10.0174372
8.5945717
15.0492863
19.7387205
12.1445944
53.8708056
52.2448059
382.8014322
174.5123869
19.0141586
26.8045969
3.0059499
32.2258566
218.9840084
84.2559312
194.9617464
89.8078683
423.5429279
135.7060012
22.8918512
17.0660724
3.6422814
15.0779619
7.8727854
18.8886942
8.2325758
8.3041532
5.3471934
8.1385869
3.5177369
10.9278969
6.8860818
2.6602460
5.9559545
3.8334380
4.3134355
6.7478496
3.0553689
13.4150855
3.0217308
0.2645310
0.7406841
1.0406530
0.9249376
2.8511884
34.5731242
73.3633285
87.5707827
109.3851671
83.0293825
10.2750459
14.8207985
5.3224922
5.3335534
7.1454078
20.9176735
13.3043906
2.7813885
14.7082049
5.4969963
5.6410549
3.9146856
7.4017516
4.0542346
4.3265123
3.7963614
1.9117104
5.8956973
8.1176682
2.3757329
2.6850401
0.8527639
4.2454217
2.7385638
1.0824454
5.7364356
2.7419769
6.3703613
2.1380616
1.0651792
1.4415908
5.4372745
2.1040511
1.2173730
0.6459150
1.6773338
0.5013338
3.7771355
6.7635976
2.9859193
4.1767252
1.9841838
2.2586999
6.5351377
8.5046242
2.6794947
2.6466706
4.5390468
0.8222419
2.1555329
4.3706005
1.4900173
2.0223836
1.9667241
5.4303732
0.3430643
1.4355932
4.1710828
8.5445376
4.2453572
4.2017506
2.8028309
1.8111509
3.4168719
0.9984981
1.6279208
3.8524627
2.0451740
2.0918992
2.8766621
6.2269596
2.2325776
1.9732457
2.4434601
5.4488800
1.0562927
2.8906510
3.0751368
2.0538268
1.4715799
3.1967454
2.4051976
6.2290844
1.9678576
1.9400349
3.1254943
6.1103214
2.0922923
2.6149515
2.2310989
4.5774695
3.4319083
2.0660644
6.8882348
1.8645356
4.5551231
2.8218887
6.9354449
3.5360872
7.0376999
3.3204338
5.0742407
2.5416427
6.4619645
2.9328971
2.9587362
2.0643449
6.2104684
7.0164437
7.8803836
1.8667788
0.6038698
1.9158847
9.8305597
2.0194073
6.9765669
11.9133383
2.3016311
8.1430960
3.2920975
4.7489075
5.2971304
12.8138931
7.0584357
9.3683289
7.2138809
4.8572297
6.3645069
9.9058199
12.1288063
2.6611616
2.1328779
6.4619476
7.5183216
1.8144461
1.0601569
0.7671833
2.7644275
1.0333311
1.3174748
14.2615220
10.7601679
1.6683067
6.9208254
3.1468731
9.3241439
2.1217473
2.1761170
2.1337880
0.9673047
0.8879879
1.8523097
1.3021572
0.3814353
0.7359390
2.8455174
0.1464229
0.6849047
0.7584297
0.6062033
0.8304503
2.3425941
3.3984616
1.8150615
1.5749085
1.3827911
1.2798668
1.3800690
1.2835373
2.1647283
2.0438426
2.1899916
2.9049365
1.4508481
2.0854089
2.0821298
3.0260415
0.7017689
4.4577649
1.6020651
2.6775879
3.0315828
4.2888907
7.0222708
6.6864320
4.0410074
3.2222679
2.2871924
1.6256669
3.2222757
2.3095671
4.0377435
5.0440490
6.3532510
3.6906783
0.8784345
1.7309108
14.6814196
11.2992284
4.9743016
2.2097597
1.1376617
1.9625349
3.1202129
2.3303195
1.6225321
2.7467566
3.0831115
2.7739079
5.5194008
2.5832650
6.3107481
3.3269965
2.1296512
3.5285864
0.9992841
6.1392030
7.2217431
1.5083785
6.3928790
2.6753816
0.2450799
3.2958654
0.8883676
0.6001322
1.3651057
2.6129197
5.9904454
3.4649307
8.9381537
0.5684482
1.7546965
4.5924337
3.8789238
21.4029306
7.5634654
8.3224653
4.2819438
4.3187224
6.1256628
0.4682834
2.0260589
1.1565739
4.0008154
10.1996480
0.4204717
0.6045389
3.5433743
3.9047051
0.5215108
5.6857076
16.4326041
3.0155539
1.7082133
4.9976193
10.2782290
3.9014154
2.5691141
43.9829269
4.8160713
1.2922021
9.2291449
7.0710174
5.8490045
7.0804797
12.3449693
8.1367194
18.3938959
22.2798503
2.0613457
2.8708823
9.7927246
10.3308542
4.8969007
0.8906528
4.8547292
1.9496034
2.2471618
24.7730680
3.6227998
1.2172245
3.6588409
5.7830121
3.9043664
3.8257859
0.8400788
6.2412513
12.9934043
11.8610328
14.5632714
1.8427576
1.7073837
9.1534220
11.2111684
1.1306173
11.5331430
6.7468402
3.0206142
2.3995196
2.0504746
0.4779972
3.6086167
5.0644490
2.8739224
1.1934077
4.8311922
5.1843324
4.4720900
4.8022759
4.7205599
4.8969148
4.1961786
6.6956783
7.5727689
16.4785487
8.7613099
6.1191959
10.3073674
5.6139587
3.2607530
5.0226980
2.2803423
2.6042687
6.9614334
15.7202458
6.4159967
10.7002371
4.6792512
2.3747722
9.5003228
25.6121421
19.2629006
14.0544082
10.1044299
15.1822169
21.3069175
15.4304935
31.0718458
34.7895129
32.4754233
37.2804973
21.8463096
36.2767020
21.6728248
26.3738602
44.2623061
33.0219245
16.7234049
2.1421448
50.7368878
27.4690040
35.0630240
2.5178149
2.3331126
10.7228896
11.0953682
4.6984416
2.4725323
5.4157170
1.8380369
5.5501660
4.4222964
17.2723996
7.8797381
12.7072905
14.0471733
5.1458611
1.5492565
1.6506503
6.3268927
8.9377453
7.0801456
8.8948903
5.7494639
3.5113568
3.1585499
6.3103550
6.4020926
5.0831134
8.7925424
6.6354119
5.4351802
5.7547849
21.3940865
13.3734967
13.3036009
18.0279592
12.4924416
0.7887655
0.9900510
2.9325444
7.9695528
4.7080507
2.3732105
4.1560068
1.6068718
4.6992143
4.7056814
1.8609494
2.3801732
7.9443114
6.4176206
6.3707315
4.5914889
8.5379265
3.1097032
2.4894823
3.0745107
2.3230299
13.9560660
10.0436871
11.7375862
12.8759778
2.9443036
4.1421341
1.0194009
12.0626480
6.8221770
5.5296568
11.7078004
9.8621774
5.9433788
10.0600595
0.5049294
3.1137459
1.7679299
6.9645301
42.5406304
16.8774080
37.7997129
29.0029801
14.3283443
2.8836319
2.3136495
2.8163012
3.7661832
5.5303813
4.2194746
6.4085361
6.1539936
113.1159458
16.0698883
3.6564005
4.2199338
2.4383563
1.7573342
5.4277337
12.0314781
8.8429772
9.9536674
3.9442050
6.8822104
2.2746976
2.1512956
2.3412611
2.9272978
1.4012972
16.5467142
6.3061074
9.2410112
8.5403896
1.9820155
3.0606139
2.7529822
5.3854648
1.2571960
2.5247747
5.0218987
5.8840372
30.4023509
52.2660851
12.1339237
30.0562619
3.4197847
4.1274701
2.6303848
13.0268125
3.3638901
22.2704934
19.6350891
15.3804377
14.1138090
8.2771004
5.6459469
2.7640086
4.0358352
7.2648490
44.3877932
556.5394625
269.1990986
21.4151136
7.1718442
8.8539568
10.4441532
3.5185180
1.5759421
20.4473237
13.0157140
13.1054320
8.7253144
11.2334721
30.1418454
7.7597430
5.0313868
10.5552116
20.3431401
9.7487514
6.4529418
9.7298719
2.5305443
4.9329079
6.8745469
6.8464586
8.4019509
12.9044420
9.5900228
12.7131037
31.5376055
121.9268514
15.2746790
9.5896597
13.8700329
11.8811209
10.2562308
12.6602579
18.0613338
2.4410900
13.7352634
14.9247353
2.9105223
7.1535892
4.9553976
3.8861021
10.2523483
23.3488033
18.0070734
13.5167905
85.5192124
4.0660911
4.2613902
6.6746223
16.0555402
8.5190110
17.1767063
5.5941153
2.7114468
1.3693003
10.1444720
16.5240750
11.1131137
6.2508527
9.4295506
3.8533872
8.7172824
2.5105244
5.4166984
1.5010310
9.0475097
2.8012257
4.8681227
12.3647763
11.1911474
52.1820234
13.3758895
6.6875427
4.5420465
4.4773260
7.2981879
6.4585678
5.1182030
2.2707852
3.0593512
3.4379077
18.5504883
3.4153216
5.3949363
7.7438790
4.9903068
6.5493752
4.1344406
10.7155707
22.2354493
1.3985843
3.7982791
12.9513905
6.0677500
4.0174036
13.2176900
8.6767481
8.0718548
20.1166722
7.9384266
7.9247331
4.0340162
4.7801119
4.9416559
12.3792572
3.3011297
12.1988272
32.1141108
2.4393179
3.7306319
9.6409949
7.2129803
2.8510436
2.9139722
2.7440523
3.4597625
2.6246710
3.3857761
3.0352105
6.6555227
4.1596927
2.9922491
2.8178905
4.6906686
1.5203636
5.3090058
2.9114167
12.9034958
10.0669533
7.7576768
1.1295096
9.5989964
4.4755264
13.8482958
18.1309390
3.8922558
3.4687077
5.6019305
14.0646570
6.1358161
7.4758567
11.3768268
19.5857667
11.0803345
11.2547648
7.8191618
5.1203239
5.0988510
19.5448332
12.5020513
3.1714597
4.8622645
14.1465844
4.9789453
4.5630607
5.9730723
3.5258937
5.0614448
9.4973560
3.5393241
5.6341684
16.1965375
16.2185081
2.8179842
3.7947812
6.9228752
7.9315342
2.5066652
2.9011546
5.1786295
2.2885078
5.7139056
14.1503567
3.5556843
1.9611982
11.4083971
14.5785184
2.7596891
5.2180861
4.9634578
4.4944783
5.6097539
5.2085610
5.8759768
4.3729243
2.5341840
19.0153037
4.7936877
10.1267435
5.7976967
18.3228712
3.3531864
5.8918578
14.8260567
6.2275714
6.9559909
3.7221902
2.4340452
11.4092879
12.5030342
6.5579718
1.9228066
5.2691026
16.5089602
6.3984833
3.2784765
3.3389682
3.4568047
2.0666809
30.3666982
9.1855890
2.2684607
12.6702913
17.0512089
12.2580266
12.2244603
4.0151581
4.0224708
8.9271107
11.4129210
8.3358574
11.1218835
4.6332483
14.6561476
3.3024998
10.3393304
4.8037879
20.8417067
10.1411397
3.5908252
2.3743407
9.0721664
2.1345935
3.2636210
7.2846327
1.8843155
6.5315494
13.5485125
1.7945050
5.6610229
6.0547552
20.3640785
5.1499546
3.6281016
3.6806345
4.3254267
4.1782475
8.3725037
7.3788247
14.6176239
4.9968971
3.3581830
2.2367856
11.8675048
8.2123475
22.1499101
18.2288890
7.0482087
4.7729385
8.3775353
9.6001413
3.6559742
8.2004459
6.3389540
10.5366327
7.7662291
3.7327114
8.1952528
4.1338213
4.5241523
2.2603019
0.6394130
3.1190375
4.9834011
4.7599576
2.6059733
2.1924252
3.1194765
2.1414508
6.7541177
7.6211344
8.4414660
6.2069397
17.3967460
6.8401419
17.3941853
16.0186801
7.9219272
16.6176625
22.4669546
13.0361563
4.4181819
10.2166429
3.5502231
10.2389217
19.0388208
13.7391432
7.2246159
13.1541861
4.6800793
14.3649281
7.6716857
4.5864680
13.1407093
12.8789578
9.8373615
5.5898210
4.0009918
10.9699350
9.3867354
7.2038632
5.5499167
6.6285169
3.3885892
7.3310274
3.5732310
23.5828074
11.0380891
7.8784985
20.7528069
10.9508194
19.7594681
4.8207350
14.5973137
9.2216590
11.2851722
8.9856914
10.4005200
18.0606141
8.4052473
7.8115885
2.3974443
18.2060244
5.8173070
5.1225072
4.1144740
22.5101899
33.3491820
7.7857991
12.5838259
4.0751011
8.2910770
117.0754700
9.8603530
16.8588191
10.0988117
7.5551297
9.3646526
25.6488538
8.1552557
2.8680230
7.9704962
9.2564850
8.2870408
7.4890345
5.9539455
5.5714473
9.5065611
4.2076569
17.9412752
3.3100670
26.9242331
6.9258212
1.3797988
1.0026175
10.8787935
3.9558909
3.3350849
11.1194361
5.5637310
9.3537203
33.4377769
0.7967616
2.6590363
1.8266837
5.7133223
10.8114060
5.3235602
0.9072330
7.7322024
8.4934467
1.6031312
2.6696554
6.6294899
7.4367326
1.2318562
3.1826687
1.7804908
9.0009446
5.3078258
14.0619732
4.1184351
4.9717876
8.8607880
119.9501844
37.5314705
11.9823675
17.8734908
122.5048161
22.0514187
20.7923647
11.6013681
14.3075035
11.8962612
122.3326018
13.9615226
5.0388522
6.8817313
22.6399969
21.3574219
30.1847308
6.1887807
10.7061358
5.0648887
3.5388244
0.3981223
2.0581386
17.6029287
15.3905482
0.8679020
7.1274263
4.5950054
4.2496063
16.6013650
12.2853446
8.2907229
8.6825695
5.8378055
9.9462322
4.8238832
3.6242603
15.4242867
0.7244434
2.6350361
18.5943544
7.2328196
6.5233203
3.3623920
5.4166643
3.0080649
1.6763505
5.6419701
4.6191138
13.7251459
4.0802943
21.2876159
12.7485356
2.0820446
10.5948083
2.6819487
4.1801923
9.2973836
6.7523049
2.8338325
2.0053564
2.3175622
1.8198082
3.3910975
5.4681612
9.7205161
5.6753769
7.1546574
8.5520906
1.5171470
11.7993733
1.2153433
6.3057059
5.9966100
8.9011162
7.9399225
3.2688351
6.3631906
5.6097024
11.4186232
6.0144368
11.8726305
11.3266190
11.6321437
4.4687387
11.1797120
8.8810053
4.4084786
12.2694533
9.1600314
6.0361142
8.1396837
4.7378552
1.5359603
8.7057445
3.5990009
15.3098749
6.9925103
3.8000526
4.5406764
1.9774928
7.9964665
1.2579443
7.5682300
0.5740058
0.9339497
4.8915041
5.4155557
4.1177202
2.8474109
9.2585669
3.9960282
0.6793409
1.2926804
5.6204217
6.2714241
5.8590724
5.8443203
2.4273223
3.9600723
3.6783234
4.5264031
3.8960751
7.5330759
7.0749805
16.4522108
12.0338597
12.9177433
10.0765761
14.2400280
3.9668598
8.0096584
5.4676049
13.8911079
15.3160526
3.7264624
3.0887687
6.0329844
5.3382448
3.4403095
4.2475089
4.7631416
5.8580050
4.9008570
7.9466623
6.8327705
7.5451184
3.1078869
4.0774387
1.3683413
6.0856221
4.3357652
3.1021757
4.5575103
4.3431056
3.3997221
5.2106650
2.6337496
2.7926734
6.0593644
5.1064825
3.3775463
11.5682589
9.3766799
19.2689438
14.3638954
19.8837368
9.6125162
13.1312260
11.0233940
29.8219878
21.2297681
6.6291106
11.7003396
10.9638405
280.4937187
12.6138949
16.9215301
82.2825730
13.9234648
397.8924389
375.0591496
31.2876097
31.0464721
30.9167141
31.8578427
11.4723431
6.9792991
7.8893509
7.7378445
4.7478201
17.8768568
4.3073759
1.9046276
5.1938006
3.6717900
1.9905939
2.1046907
5.5940911
4.1824292
4.1311210
3.7623409
3.1359552
4.9642965
2.3097701
3.0451017
4.6110069
10.1986302
3.6565955
7.9127481
3.9599549
7.2114576
10.8200098
4.4522440
4.8640044
5.5410636
19.7183119
13.3761237
19.3481438
5.0182039
12.6486546
19.5997188
23.1935583
18.2245213
17.9055119
29.5361548
23.4922949
32.2522609
28.1704553
22.8484573
28.8049134
25.5355176
43.2256536
18.7768415
8.7962836
32.5603416
20.6862543
9.8899620
4.1231357
17.6351361
22.4641807
31.6243388
14.4632973
17.8827088
26.5408701
26.8521683
19.7941425
20.7004809
23.7523089
12.0743262
21.0926213
15.9473868
19.1844719
31.9515403
31.7608421
22.9105170
15.5656230
9.2748600
1.6843344
9.0097688
6.3889340
29.4037887
7.8414285
11.2398192
1.5181711
26.1094320
2.3060380
20.4064594
21.8614953
4.5471830
16.0143798
13.7110298
7.1004895
8.8471054
4.9058096
1.8566966
3.0404098
4.9514095
2.6211612
8.6063014
2.6897406
2.6334565
2.3679171
4.4506349
6.8614874
1.7610500
14.3854280
11.9531417
3.3447111
4.0249506
1.4992781
10.6797481
1.4444053
1.8807415
7.2341176
1.9469916
2.0996213
9.2163947
5.8298094
0.9020655
7.8149789
4.3486385
1.0728920
2.2442877
4.8492846
5.6030850
14.9941118
3.6443370
8.4738619
8.2582582
2.4808602
3.9664704
3.5252975
3.2427257
17.0421858
16.9318890
9.4683201
2.4475729
3.2696235
11.2427229
20.3864083
13.2650217
4.2823842
5.1388864
12.0744987
0.9887255
1.8774916
4.8216843
10.3750466
19.5008270
5.9913441
1.1997273
4.5873185
1.2052140
9.1903606
1.9189657
1.1783265
5.0581723
6.9830333
4.3580864
2.9179393
1.4510699
3.0918896
6.8932606
18.0041135
11.3009008
0.7114497
1.9675715
3.1691061
6.2990327
7.3977984
0.9774264
2.0796773
2.5484961
2.7635245
8.2536829
2.6535288
4.2589679
6.2601857
7.4186653
0.7775466
2.8363395
1.5438709
9.7242722
13.9294669
8.4367664
3.6588002
5.3261332
10.1166377
66.1131290
84.9275023
139.0425508
27.6136166
9.0648527
11.4032303
11.8589150
8.7130093
17.3730933
32.3777987
12.5122932
359.9807929
357.6643356
80.8562737
75.2099235
94.9652772
16.8264710
407.3143000
497.6509216
514.4527591
477.4990836
105.6923546
217.3421024
135.6261899
45.8488662
498.0695466
450.8577870
535.5951573
526.3831239
53.3321576
363.2959390
17.0713552
6.0150006
10.7906975
15.5182766
18.6962456
22.0252965
12.8234612
13.1472124
71.2643820
10.8978754
34.9714618
7.3537554
181.4334531
12.9027425
9.7744276
11.6856174
24.2120153
55.7344955
162.1083806
533.5562716
369.2754490
556.9295675
499.9849410
3.4243340
35.0246475
10.8378996
7.7358867
422.6922476
20.0383769
30.0392827
126.6393379
141.7909974
6.2680997
152.5526889
44.0600497
367.4541241
194.0930228
36.8648463
80.5528009
58.1052862
14.5470103
38.9530532
84.8115973
23.6709856
111.7518745
84.7859079
26.0784367
169.6679643
69.3688320
13.5808932
25.9975817
26.1938861
9.0903503
41.7478417
22.9698659
27.3933550
18.2178267
12.4364583
28.7767707
106.1143374
263.2662597
148.6612923
88.0161663
77.1433193
2.6676033
17.9601626
30.1201245
23.3538108
23.6700955
24.0992312
112.0790047
34.2462283
7.2042008
3.3946775
17.4369906
26.4532174
15.1513626
5.2962624
9.2798368
15.8619010
4.0311972
20.4053705
20.6496522
2.2181904
12.2218845
11.5251469
15.8638503
13.6134347
25.4948189
24.9033837
43.8944072
117.8233493
21.7379175
3.8568358
4.4824906
66.5913094
11.6492333
12.7143877
1.4358389
18.3200429
4.2186033
16.1569511
23.1791947
51.3121232
8.5022902
20.8204850
8.6147499
8.1586591
2.1160457
72.6876568
76.7150186
28.9905348
13.6182746
2.8733161
22.8859229
5.2218989
6.9455581
0.9830106
45.6457086
63.9911902
64.4370485
95.4565615
66.5071151
22.6646941
68.7325836
4.3684691
18.2795755
38.4609126
10.7320384
63.4980860
32.1440720
259.3867145
30.8430830
13.9593249
2.4861945
32.2710915
14.9943771
6.9019212
8.0077468
27.8858521
15.6721807
3.2368940
9.7011471
5.9228896
6.5313777
9.1208470
3.1498629
4.5902487
5.0510824
4.9035462
7.1199352
2.5082754
2.4770007
8.7177226
2.1503287
3.2191197
1.4380690
9.5138217
1.9077922
4.8842627
5.5340666
6.1650151
1.7758414
9.2164374
3.7204977
12.1643466
10.0876126
8.6093555
2.1419232
17.7952294
7.6351261
13.3847755
15.8339427
5.9393393
21.7136368
9.7755127
21.2357002
6.5227516
3.4798466
16.2373100
5.1735020
8.6670035
8.8746488
26.4021499
5.8892255
9.4733269
7.3350323
2.5492999
6.3868732
6.3951719
14.1566350
2.8689038
17.4434351
4.9296520
9.5670711
14.5324336
11.9655871
11.1865054
14.8990754
13.7329057
38.5984744
28.3216945
19.2464100
14.6121608
28.3073654
17.4012341
19.5764493
48.3807363
205.4819275
199.8954865
69.0505790
82.7095369
8.1212257
5.2652603
20.5361087
6.6430565
10.3288214
1.2646490
11.3679382
21.9285853
9.6806343
20.0556880
73.4838008
2.7486631
13.8316574
26.2899107
13.2571670
15.9321516
12.8601710
14.5810723
1.7260969
3.9402590
25.8094564
22.1191797
5.3481760
10.8359179
9.9547203
0.9490007
1.8122913
9.9369442
0.8631452
10.2284560
2.1867669
1.6824536
26.7434247
10.0853403
21.9925113
3.7701332
10.1871940
7.9987315
15.0839990
9.3103172
9.9317106
1.7056366
7.5526217
12.0677121
13.8593994
1.8342457
265.9892407
10.2387672
31.1035431
2.3945881
7.5335081
13.9117998
6.6133875
3.1729775
2.0545936
2.6739715
1.7562196
13.0824660
5.8243181
12.6281394
12.0608976
37.9200617
3.4532325
33.9107743
27.3632924
35.8605512
16.5583663
25.7584195
12.2907381
3.2409108
109.5166354
11.8902318
3.6649868
16.7009509
1.9172447
5.7030014
8.1742356
8.9629084
15.1823298
27.4114342
20.4004036
5.6225053
10.7642239
13.1371026
19.3665208
23.5088289
11.7028840
15.7280553
9.2788064
38.3718440
20.2186641
33.4850107
11.3127965
11.0120052
31.0969236
16.0024436
17.1241713
12.8785564
27.9173505
32.5268151
11.5321717
36.4278611
24.2707120
22.8357707
16.9491120
15.1296514
6.9829853
22.1791489
29.9650619
37.9769110
28.7630767
42.4276425
49.0923821
33.2803671
41.9428441
11.9575939
112.8645723
6.9801669
14.7471112
28.1793914
30.8297216
47.0126181
82.9747125
30.7648309
27.6543282
18.6207971
26.6644458
11.9244755
10.8176940
8.2202512
115.6237807
6.0322276
8.1722935
14.1648036
9.4238795
13.1776910
35.9102601
18.6721822
16.6935263
45.7944824
10.9349998
37.3380289
41.5231048
56.0539907
28.9570551
5.7221516
10.2964482
42.5463524
10.1298842
14.6288554
12.9133971
14.8550323
140.9356288
13.2850212
56.3358296
7.1016319
7.7682832
11.7509019
5.1187912
52.7046392
41.4406757
52.6162989
3.0913641
100.6136661
6.8102272
4.6879283
6.4944028
81.6864407
55.6189548
120.4727692
130.7840023
17.0018350
10.8344665
8.6414152
4.5417678
2.0113802
2.6224281
4.1645412
2.0596831
37.3424791
23.9060935
24.4137262
2.4192927
5.3881518
2.5023830
6.7018473
5.4625169
7.1673435
33.1665765
4.3828463
3.4055479
33.0077156
7.4712574
16.9010786
5.7272944
5.4538634
4.9141696
11.6402592
1.4307712
9.3807103
13.8091227
10.5614911
7.0779958
1.3844679
2.7643737
1.5599840
8.9981161
14.7753504
16.1841363
3.5833499
5.5946904
7.0747953
5.1905040
2.6776042
0.8038779
1.7386999
3.1544825
4.1269259
0.8718594
8.2392046
7.3939995
7.2174022
10.2097239
6.3508853
1.9623404
7.9581071
6.8865089
5.9645963
8.7316992
8.8692356
10.7177779
6.4035192
15.2401408
8.0738834
1.3889536
94.0936793
2.6703258
22.1623586
4.9987962
8.3185739
3.3537632
0.6187382
3.4510200
1.0714244
1.5475767
0.4789032
10.6687213
0.4698571
4.1727348
1.8893387
2.8442644
2.2362647
6.2301650
1.0949338
6.1663251
6.2265912
1.2988253
3.5730844
2.1551305
2.7155588
3.0548664
14.1944943
1.8356163
2.3766550
2.3110314
1.1883973
1.6658620
1.8048071
6.0974689
3.2667432
3.5625992
5.3281524
0.3347561
2.1743824
4.4706598
0.8740518
2.3193173
1.9767092
7.2077947
0.9510858
0.6245441
0.9555426
1.0344524
7.6727527
1.7024838
2.7044006
2.0645455
0.7575894
0.8600884
1.3564350
0.9380683
1.0522958
1.1528340
1.1467520
2.8012005
2.3571049
1.2148462
3.0836505
0.9685392
2.1945953
2.5463094
1.1420358
6.3648406
7.5169083
4.5941603
5.5876856
2.4758992
12.6636602
75.6002542
208.4094917
123.7462057
6.8998074
3.0001136
6.4861162
6.8490798
3.1512765
5.1886817
10.1144835
18.3086646
162.1404579
302.4496685
251.8721449
8.1850677
11.3925685
5.8353404
6.9344426
11.9826816
4.8276710
18.4599160
11.9341286
16.2094154
4.3408623
9.5502035
10.9367952
9.3627880
24.8138785
18.0521936
8.1269689
17.4321531
15.5887054
24.9184426
4.3433731
7.9503979
2.8318885
3.8929175
6.6550998
9.1974317
6.9367890
74.4507477
37.8427843
121.9254067
23.9239187
14.0479071
62.3263935
31.1869539
116.9711054
120.6340697
39.8545307
22.5461394
20.5949817
53.7302456
32.4535850
53.6034087
10.0617157
5.7217624
17.0146173
57.8414258
2.7730805
8.6615424
7.9219496
69.8306644
3.8065664
2.7686333
16.0697116
13.8266458
6.7328776
10.8688821
16.1104612
17.5182381
24.0952680
7.0602996
38.1601471
8.0995869
14.3525786
2.7079687
16.4785360
15.4441708
3.0135391
5.1379228
47.9180904
5.3700406
14.7703616
5.2536083
5.9241136
5.9710571
0.8529160
6.5355869
2.4597898
3.2723984
4.1790942
5.9329705
7.4198029
6.9251984
1.4309545
0.4710341
4.7301590
7.7826773
19.0028329
16.6784142
0.5439313
14.4047429
15.0574867
7.6722764
12.0449152
28.4333212
18.4077990
21.8454463
14.5216132
10.2002660
12.3725425
25.0517561
8.8917872
11.3124341
18.4950800
15.3004483
15.9217701
9.6442897
18.7499256
14.4433132
17.9013381
5.7686705
6.0242839
10.2859361
15.1870089
3.3343280
3.5762911
4.0318398
21.8117443
7.7353081
2.6499426
10.8486073
17.0205457
21.0737090
15.8974086
4.1059253
22.6775850
9.1445060
3.7024975
19.7339346
8.5707205
9.8578418
2.7193266
6.1037384
4.7651992
5.3767357
5.5121085
14.2893426
4.1906596
0.8873771
0.8975297
1.0729585
1.3703473
4.7315149
3.9045826
3.9329880
1.6771489
0.8766157
3.5761621
11.0994404
5.0736384
2.5483949
4.6664034
4.0041094
1.3929069
5.7138123
4.8335558
2.1076043
13.7018452
3.1625660
2.8247837
4.5973809
1.5872195
10.5538453
2.6487256
2.1389052
10.4098286
1.3301802
11.0580963
5.8733544
7.4013174
6.4895905
5.9605860
16.1133489
16.8030460
11.2988283
24.1380670
21.2707678
12.8801928
10.8677735
18.8876870
2.9827727
9.3321890
10.2061205
6.3077925
4.0278635
10.2488283
4.7197039
7.0680556
7.9350626
8.5479619
7.3869532
9.6134611
16.7819430
8.1026287
12.8835886
6.8694148
21.0159380
10.6893591
6.7967866
9.6076979
4.3482782
10.1177175
19.5068473
4.8817026
8.7433985
16.4347282
4.3733656
9.1251651
7.2113290
6.6809856
5.9413674
2.6502804
9.5391924
15.3878730
2.0914381
10.7586550
4.9819592
15.3189712
4.9034385
12.5986554
9.4247659
8.7429643
11.5998485
24.3440640
3.7562888
9.7324340
13.5253296
13.8670929
56.7357603
9.7872077
13.4708907
5.0960607
3.9103986
5.8573037
20.9368272
4.4346910
15.6364027
7.2919839
7.7646709
16.0055959
6.5901711
16.4442969
8.2190780
10.0001132
10.7532136
6.1473118
13.3496518
13.7551232
15.3649309
6.7853829
9.2653866
17.1791615
20.0518298
5.1427731
5.8663939
7.4156937
6.4642277
1.2255932
7.0894860
5.3595138
4.4947106
32.1319704
11.0695406
1.1278514
16.4948014
6.2274906
14.2451053
2.4021982
29.0377985
11.6112269
3.6541804
13.2631864
7.3394131
9.3376619
15.9505473
1.4564563
1.3688991
1.4867430
5.8440321
4.8015193
4.5885637
5.1685998
15.6676471
16.8290396
9.7989267
11.8208112
30.4614568
20.1276620
10.1789147
4.7850987
0.9076043
19.9502891
10.6264555
12.5095253
24.9995475
8.4348867
15.9639292
164.3492604
232.3374198
252.1653598
237.8504036
36.0100628
47.2478999
70.6668973
25.1545549
56.8613189
62.7193757
11.5416641
5.3125282
10.5568061
20.4342696
0.9036567
5.5959228
7.3162988
7.3928958
6.6314012
4.0278539
20.7676714
33.1792254
286.1773027
218.7014153
267.6277264
19.1234152
9.9823653
8.6284252
3.1292809
4.3934950
10.1661359
4.7158012
3.2330495
2.6491080
18.1040153
39.8454182
32.1570884
30.3706116
15.1832363
40.7705969
245.4946844
232.2919863
232.5979413
15.7129022
16.6228709
13.1948678
6.9198341
36.8204537
29.0959133
55.2466922
14.9914259
206.8974941
57.5853308
10.9121895
16.7126111
23.1451830
19.5980565
23.4005648
9.1312463
27.8445513
22.1771178
4.7688370
30.1803447
17.7427619
23.7787753
7.7339260
29.6598527
4.8223199
44.3163967
29.5147852
12.7763738
167.9088894
19.1966196
4.7874595
16.5659514
11.1031695
7.6506649
9.6016252
8.7212173
21.0455586
38.4474825
8.2301375
15.0119549
5.7577440
15.0990074
21.9113311
18.9277871
18.0444841
4.8988377
6.5396897
14.9167492
4.3792361
16.1425993
24.8533966
7.3132175
18.7178257
27.0318117
15.8821631
185.2210442
21.9460518
28.5930937
22.1665860
315.8631245
146.0422661
50.0933284
27.2676203
38.0224296
38.6762718
6.2703094
91.7179401
11.7526203
44.3627131
15.4052201
9.2618842
5.3926427
4.5154598
2.2069131
28.1484474
82.7380365
3.7821432
5.4131848
11.4868919
4.4764193
8.6399192
2.1131383
1.3715145
9.1226779
7.3405369
10.5383753
16.4757233
11.6626162
9.4032664
6.0271301
13.3459002
5.7906895
8.8613330
13.8916475
6.6758820
9.4693013
2.7656112
24.3340869
2.1264353
4.5710534
9.3279071
19.2186507
2.4635825
9.1116409
8.7822382
19.6948857
4.2343200
11.1131576
20.3734739
7.5005163
5.2597567
10.2559346
1.6743092
1.1625993
7.2224996
2.5038310
3.5595326
13.2422915
3.5782682
11.2680626
17.5363793
6.5333220
8.2489953
20.6928728
13.1403845
40.1524538
6.5382057
13.5462684
26.0690753
32.3041837
12.5655127
14.7558648
19.0977329
3.3080087
67.5944968
33.7822358
25.2796413
35.3167570
379.6393747
17.9982138
13.7287233
13.2966617
47.1175765
51.5251471
12.8605970
2.2366100
9.2338452
7.8905537
1.0987861
5.4305220
6.4779556
1.7735416
9.8726318
11.4934849
18.4971529
7.7167613
6.5602873
7.8659577
11.4528945
26.9967611
6.4751357
9.1833837
15.8336159
14.1718588
17.7893270
12.8838629
54.2137422
2.6448281
2.8907413
2.9329652
2.5603782
2.0736004
3.3504506
2.0417746
1.1597325
0.9752301
0.7790275
2.0554879
1.7964597
1.4362901
2.9121247
2.4667542
3.4960255
2.2150670
2.7215040
2.5291779
3.4347279
3.9562429
3.4009782
3.6220191
3.7501225
2.8680949
1.1206658
3.0391861
0.5077350
2.8849535
2.7096113
0.9185722
5.5981847
3.3410971
4.9308334
3.0010065
2.0839458
1.4482585
4.1612101
0.9384130
2.8543412
8.1213185
11.5129002
5.4503613
3.3269092
6.4757695
2.7571936
4.7397344
4.8277221
8.3484882
4.8952813
4.2874819
3.6598652
4.2623187
23.0904657
3.2510886
3.9360294
5.2702970
0.8958892
5.3068752
6.1342381
1.7399478
2.1734896
1.5045826
5.2789022
2.0165431
15.0200976
40.4645580
40.9404667
47.7310173
45.2562159
60.3122557
31.1881218
96.5787479
25.9485020
34.3316392
40.9851080
16.7593924
115.0929553
58.8459893
64.0527699
37.2652075
63.4586040
57.8826985
37.4007476
82.4591538
57.1321000
37.7982808
58.0601189
39.6704077
33.2370219
86.8703145
58.1696260
261.0711626
255.4442988
303.1100629
91.3174741
83.6575444
83.1766803
22.9411256
295.0959970
120.1842802
102.6326626
109.5400882
136.6296774
154.1323528
114.1749333
23.1134113
166.5939236
342.2025227
157.1803905
64.5413605
48.0344366
138.5228632
143.3441155
36.8636670
347.2698164
243.2117205
180.3506706
405.6102181
308.3617172
292.6583846
287.3757678
327.1557343
112.0540785
305.5860531
96.0312365
313.6455822
283.2897855
288.1226254
132.9939722
120.2968265
333.5266667
263.2441415
109.2134713
238.0934310
289.5843285
219.7737929
294.6472969
157.2182834
37.0752088
157.8518884
260.4788722
138.9790578
3.3766464
71.1923933
4.6845713
94.2675287
44.8303275
49.5265045
32.8079892
38.0305101
24.6844521
3.8751201
21.7741939
23.7807401
30.5199575
37.9977098
66.4924186
79.6386218
250.8513691
56.1719971
21.2372833
67.2799671
153.9705003
210.7983611
65.3577716
13.4018262
122.4292856
105.0838708
6.1827006
117.5825136
96.9092801
293.5866084
275.0933385
287.5171289
297.2662935
400.3645862
325.2474780
312.0188416
362.3549368
60.6702756
89.2729440
305.0668351
45.3417841
154.5363142
61.1107532
128.5999552
271.4851887
394.5420334
140.2330336
237.8861481
251.8572289
159.0251925
301.7664404
415.8887495
414.9560285
325.4632500
374.0090514
92.3574339
69.5126365
149.2575822
114.0257792
61.4613573
337.5424383
148.4593924
322.1330256
37.5767703
143.9800864
352.0037502
400.1205290
204.3145422
309.8032525
257.5328376
302.4609698
344.3828404
73.4032248
87.0927875
215.1217327
338.9593652
195.7547385
29.7743592
129.2285945
323.6266048
269.2662651
97.9037114
427.3965750
299.4665580
297.0012874
364.5004741
141.6634041
372.4375437
373.6110728
392.6587989
393.8814582
366.2680593
397.4233793
390.9232768
161.1781490
146.4711251
155.6652424
26.2880171
310.6989675
277.9270652
67.1452668
274.5887819
133.6609614
132.3124831
383.8839784
10.0305388
27.8506643
141.3677181
61.7515948
138.9812403
142.6276325
143.8388765
140.6530148
139.9157624
138.2532233
22.9259682
138.2321199
62.2556170
138.5780727
138.4607215
142.9065817
139.0683149
143.5610655
141.4014483
23.3657407
144.4798569
39.2590019
54.1517001
46.8250171
19.8949959
419.9274658
47.0451849
55.9937072
315.8574212
357.7904928
272.0261060
285.1441224
269.8632926
61.8088417
271.7640166
236.7465206
271.6983417
313.5479037
272.4000193
16.6490299
380.0244053
288.0881649
259.8157986
405.0844777
357.6027042
267.0395895
314.2231336
103.2728256
345.2303081
105.1868094
318.9767493
123.5767762
360.7824720
407.1125543
345.1089515
305.0731985
327.7878532
280.4980050
342.8760104
279.5632441
267.7618659
361.8444101
277.4273800
435.6392951
293.2784583
419.5737161
290.9158352
283.6132191
343.8229424
342.6177038
139.2217948
283.7782944
346.6874338
20.3930155
19.3957050
24.6114833
34.9728948
33.1607351
328.9122487
283.6526234
340.6398134
264.3107630
252.5619811
341.8820619
359.0187526
348.7638719
337.5045205
344.3392357
338.1489087
194.2317138
313.3004699
328.9287329
339.8959453
86.5424714
329.5929398
384.9613240
229.0420955
310.9644447
309.7583449
201.9905248
422.4957527
394.4725100
364.7918604
402.6581905
369.3467921
288.6032445
324.2929825
275.3926500
437.9215593
391.1836602
333.7463332
399.6765802
310.2369025
310.7896889
408.7140573
384.0154116
248.5527730
256.0984070
40.7626355
349.0269546
275.8409265
228.8370670
296.1835873
309.2916696
391.0686568
158.9080310
145.2530566
308.1833968
337.1856498
326.1269360
306.8059078
296.2812806
469.0094808
133.8233308
263.8818605
383.5574948
261.9062763
316.3441549
305.9586180
341.7626906
288.3566725
381.9373374
379.6242683
391.6707946
397.4026988
107.0590016
123.9188644
141.0611689
103.7991149
294.1078334
302.2536131
344.3316632
398.5025187
317.1623842
12.6987695
372.5546922
74.6040108
285.1494187
313.4125320
323.0005023
383.4976867
318.8015826
343.7757952
9.4375357
33.4060059
58.4618517
36.6687944
376.8492058
406.4937934
34.7149768
300.0175996
32.9204082
31.2847309
112.2571778
61.7371686
49.2219659
63.5013295
428.7146856
318.2290050
388.5817790
372.4723631
117.8057636
44.4367981
25.0259209
90.2167120
100.2198906
18.3385760
22.1343414
6.9603379
13.9602154
26.0520109
4.6902465
7.9760833
7.6868151
3.7494405
7.8928794
14.4657620
3.1176016
7.1169545
1.8626722
2.4638657
6.5604316
4.5224773
119.4687563
11.1981819
10.3887542
8.2205899
9.5068405
29.2562620
49.4720142
13.4256943
14.3856939
20.0996100
10.6664998
5.0686218
1.9418392
5.6072887
3.0697940
5.6809011
11.5147123
6.8429232
11.4771790
8.2185625
6.9868376
11.7162363
13.2812752
4.6757020
2.6352757
7.1668879
1.9197243
7.6579604
3.9005830
3.9810708
0.1048639
3.1148266
14.2398377
4.1399246
4.0642700
3.5463373
4.8687659
0.8555612
11.7752326
3.9236219
3.5210083
3.2368188
1.3509269
7.1344326
2.1008256
1.2790750
3.9837613
2.4493337
7.6464031
4.2913952
1.5906838
3.8924581
0.8120761
4.1818327
3.2200201
7.9700307
12.8489255
4.4460264
3.4483538
2.7318716
31.3483740
27.1211922
19.0112671
5.0007676
2.8807001
6.1788104
11.9376333
6.3829885
10.3946331
2.3103954
7.4553892
10.7725059
7.0778949
3.4431198
5.7349831
7.9531046
2.9671665
2.2472038
7.0262612
8.9329729
3.5179987
8.6358572
2.9949635
1.4380678
2.5823771
5.7542573
1.5834778
8.6234511
1.6727653
2.4286170
2.9551712
1.9633522
2.9890116
5.9370351
5.3181188
1.8587444
6.6541394
5.0721863
5.8690861
3.8417367
8.6756257
5.7746593
1.9435020
7.3027839
6.1472536
8.2531870
10.6488335
18.5695735
5.8515499
3.7864049
18.3867879
13.8764125
5.4718980
3.1178527
3.5085182
4.8615736
10.8742377
8.6225671
7.5815219
11.9525186
7.6174306
11.1189059
10.1719880
2.1264629
4.8576838
10.7451341
7.6300601
8.8970771
19.0929649
5.9453437
4.8620038
5.9229081
4.6975889
6.2165259
5.4136208
8.0156855
32.9611128
4.1200035
3.4752598
12.8677498
1.2764407
7.8128554
2.1163603
13.0254623
3.4558098
7.8567863
4.7356079
18.9502240
15.8934123
7.4431217
9.3089720
11.3618177
4.0801087
1.9070107
4.9914214
7.2390887
3.3088012
22.0325208
18.9970824
3.5792173
24.9247664
18.2673752
7.9603120
12.7015954
21.6242110
33.0725021
17.2283285
5.5025731
4.8602306
7.8072550
2.3091511
13.5784550
6.1001084
5.6765567
4.6989108
5.8322539
9.5617829
2.1057453
27.0159233
8.2858539
20.8711347
2.6500970
11.5230354
3.3339876
6.7659233
2.3042987
9.5690006
8.0733952
17.5214745
14.5984070
6.2056687
2.1010608
9.0436257
10.0472662
11.8651834
2.4639043
6.0166729
3.0855867
3.1287402
9.8921386
6.2484079
9.5566353
7.4580358
7.8637652
8.8926255
3.0958807
2.6199272
2.0472887
5.5766067
3.4091518
1.7957746
10.9365849
5.1603299
7.3860813
3.9158524
10.0445642
17.5341392
3.3670757
2.3888495
8.6600183
15.1403062
1.7981117
14.8280750
7.0279121
5.1691175
15.0691829
14.8532142
0.9519466
3.2491287
1.7447128
6.3686185
6.2705361
3.0199614
1.2693116
6.6125565
13.9832207
2.1442972
5.3698918
9.6554580
5.3505627
1.8248180
16.6166783
0.4664205
1.4182457
12.2244955
6.7198106
4.8292392
1.9452903
5.5243059
3.1121466
11.5303968
9.9848830
2.3700025
4.7004548
7.2083910
8.9295158
32.2699056
4.7617162
5.0415895
12.5930950
12.6420883
4.4799620
17.5834710
3.4948488
10.3717050
15.9351699
6.0962787
1.5842242
9.8895815
1.2187298
2.1118409
7.7419959
4.9501821
0.8286304
3.7732541
7.1654020
13.2968517
11.5398755
1.4982625
0.6440286
18.7147460
11.1367221
12.1400907
2.6936638
5.2747382
3.7047801
12.6419953
15.7157214
8.5387278
8.4247886
3.6495233
11.5061313
7.9580636
14.1507782
25.6762139
12.3410167
14.1598112
12.4437937
11.1151331
28.9591258
5.7778817
9.5998782
7.8609663
6.0313521
211.8264504
11.3225586
19.6932903
9.7226089
17.9953121
17.0165834
2.9868064
2.8726035
2.7501907
1.7033538
2.7240307
16.0309515
30.4181519
22.6372652
4.7619371
19.1019497
6.2758560
26.2824903
23.1681850
11.2458312
22.5895032
6.3630184
7.9938193
12.8626391
31.2545403
17.6450265
8.3330126
10.8960083
19.2941023
9.7253285
16.9863594
14.8203209
7.2509615
9.2765000
9.4247168
15.0764510
16.4231801
7.9037136
20.1016524
21.8002857
35.8609335
16.9268529
25.0528384
9.7986371
23.4409786
15.6113717
18.4787125
21.2128128
17.3008522
28.7018157
30.6971796
21.2470939
12.8143588
5.7673097
33.9352134
52.9511768
28.2535388
11.3947769
24.0449142
11.5347440
31.6629859
29.3283041
19.8229610
16.3806988
49.4202233
44.6333496
23.2529139
9.3036031
14.3695192
11.1285447
6.7803883
21.0658267
21.7311526
14.7910912
15.5367354
19.4467906
16.4775747
19.2436793
8.9025506
12.8059705
15.7526798
29.2319668
18.1010077
29.4900558
21.8624987
13.5774371
8.8658686
8.7205600
9.1478483
17.0675492
5.9878710
3.7284714
13.2962563
4.0918665
14.6681859
9.8461086
14.6983552
30.9360217
3.3171436
21.2025508
3.2594742
6.0283371
2.6520901
2.0526300
2.1933265
2.1605997
4.7442200
5.3221611
1.6810915
3.2381044
3.8462523
1.9410606
0.6118750
6.3123721
8.5046997
4.9053259
6.3646768
3.1744759
8.5693767
5.5362850
6.8337076
0.9579962
1.3974152
10.1501106
13.6262509
189.9225536
31.5072491
78.8787298
606.7978233
97.3272188
4.2654695
49.0359644
12.6023664
30.6575396
6.3511124
25.1945386
21.2512397
13.1545998
2.8393529
1.9463035
18.3507343
29.7879726
39.4661571
52.0954977
2.4063303
18.6856801
21.8236536
16.7470302
17.9378277
83.1579332
7.8818368
4.8318256
6.4297625
5.0354528
5.7353027
23.3165361
3.3264606
3.9690275
14.2643652
88.0802002
145.2494352
8.6377749
10.6239244
7.1701151
7.6760019
7.4466098
10.7833017
11.8807554
6.3398625
6.2505474
8.2103134
4.4301917
6.9183194
10.1650048
7.5975368
6.5942162
6.3443746
11.9748600
6.4477042
6.0712366
6.0468746
4.8032282
8.7286524
12.0556316
9.0440826
5.0875808
9.6602809
10.8499754
6.7531958
16.3544831
5.7583187
6.4936948
74.8548923
8.2870671
1.7222247
1.7611904
16.7668979
29.0770969
79.6825468
82.9240814
36.3983813
102.8128741
13.8333841
3.2900820
8.8558102
5.6885864
3.7377773
5.4063444
3.8614104
103.7593219
73.5157602
96.1966302
3.5096544
2.1907931
3.0051143
16.7343119
91.3073340
89.4999519
5.5958870
10.6757385
9.5017772
9.7353241
9.8799857
13.0059988
12.5085726
9.7256354
10.6416536
9.6157088
10.0848354
1.5890841
3.0232184
10.2800765
10.2951122
8.1622007
12.0507537
4.8284527
2.8454391
2.1620092
0.9419722
4.5902730
134.2635567
136.1465161
132.7952815
5.3406196
8.3578518
5.8884785
11.3264261
16.7440700
10.4904977
10.0715989
18.2351177
5.8655034
7.8827188
14.2272775
16.8699040
5.3253981
5.8883925
5.8027510
6.7217966
9.6265819
4.6707931
21.5381699
10.5957755
1.6122522
14.1885119
11.3836366
5.3196111
6.2396349
19.3540873
16.7134315
5.5696480
11.4841701
40.3163383
20.4087418
51.2797284
90.8866985
42.2115593
20.2671960
78.4351279
30.9653349
4.2699125
30.3114360
7.3980261
13.5712200
5.6234983
15.4638885
3.9402348
4.7472709
6.2560133
4.1669565
7.5058811
14.8104131
16.5232813
7.2540282
127.8903355
107.6415227
136.6235108
5.0196796
13.7900571
2.0276173
3.7848118
1.9439876
3.3547182
479.2082202
137.6864472
464.1008816
499.7286444
519.5090652
645.6560765
54.9966035
527.3435866
4.5764245
8.9506822
542.8285526
50.8587607
602.2078309
3.3411174
681.2290118
680.4244663
15.7426449
542.4922262
97.8917220
540.0797667
135.2440194
162.2358959
615.9614333
252.9920050
17.9291054
545.1278258
86.9122313
668.9515077
590.6831754
497.0237256
502.3936376
503.6100860
614.8935135
258.1246318
146.4604097
218.9580649
221.5354368
231.2315832
88.5817121
14.7247906
20.0060636
191.6686142
145.5160533
30.2362978
87.2079333
13.4739484
68.0726369
22.1235385
35.8603682
30.9972545
74.7345247
44.5968060
83.0458311
80.9940642
93.1472640
117.9006572
91.8742938
21.7594649
98.1929435
124.4913864
10.3074350
25.2128823
16.6348093
490.7524490
579.7932895
382.4886685
501.5197372
575.9879251
521.3670068
520.6325869
613.7864400
605.7564529
497.9607825
351.5648973
543.1100254
574.0705918
425.8065834
583.7453771
538.6024320
611.5555206
619.0954133
612.8704423
500.5170612
495.2832623
514.3127564
494.8592665
501.7232634
492.6567246
512.1331392
529.9818071
165.8198508
24.8137770
15.1251519
15.5151487
12.1785563
10.2413496
12.2432910
15.6398611
11.4534539
11.9566479
14.6865268
5.9427791
8.3237119
9.7682683
12.7602022
12.8307788
10.8650080
552.4302893
558.0567281
12.0036933
79.4485425
9.1670186
9.9085471
25.1588376
21.5887884
29.7645360
15.5848511
9.1842399
17.7291632
10.6921419
11.5366954
11.9475346
14.7364483
19.1152740
13.5872130
8.5628692
15.2875055
13.3825237
22.1028142
10.1202769
9.5864754
12.4637718
28.1120360
10.3827397
15.6586229
30.2134963
6.9319260
13.1097965
10.6122998
10.4762247
15.5990279
25.5497008
20.5961359
19.8499802
14.7709811
17.8755440
19.8402635
19.0053743
9.8295238
27.5204523
8.7234838
8.4048291
13.1720321
7.4324397
10.2530173
8.9105964
9.5490048
10.7389424
4.4801160
9.2494220
13.5021768
5.4902225
8.1065630
9.9967301
12.4403785
6.6735041
8.3841959
8.1795843
16.6481693
22.8590701
14.7526261
19.3274033
13.8381253
13.9993711
25.1627264
16.0999093
16.4094595
14.0663999
14.7498600
10.0873819
12.6713151
10.1818237
14.9558101
11.8573202
11.2108113
15.7665936
10.8068282
12.5710133
14.3103490
15.7539955
11.1511408
14.1368392
13.2240104
13.4436299
15.2337098
18.9538491
14.8223914
17.2811294
20.8789227
9.9575627
11.3612299
20.0510906
9.0196698
11.9056073
15.3449458
6.3867381
77.2684548
13.5208703
12.3612173
5.1659204
38.2865857
14.8686324
9.2926435
13.0237077
11.0329531
8.6078286
11.1869270
11.0078186
8.5651918
12.1786929
12.1662908
10.8150871
14.2144548
12.5782120
9.9381173
9.2462370
7.9958982
9.3914569
10.8345860
13.5243809
12.7149868
614.7659182
507.3765085
588.9915779
253.4847931
100.1243402
18.8576642
16.9617602
17.8760964
44.1444130
22.0389261
114.1253707
617.1645140
75.3810618
76.0786062
8.1893735
2.2319039
5.3034444
21.4849613
8.9246461
13.5340129
10.0783894
3.0725936
7.1435575
3.6534600
9.9695055
21.1681112
5.4124799
5.2402056
4.7375456
0.1456342
2.1069962
8.6151438
5.9309008
19.3628015
6.7906874
11.0450965
7.9122787
17.3918612
7.1169112
5.5773220
8.9658526
58.4748572
4.2409406
4.8919924
7.5533118
2.4767504
11.1230017
6.6780443
7.6815519
12.0686022
4.5691136
8.0711904
12.3726417
10.5474630
5.3729458
9.3908303
9.8154274
5.0299598
9.6962804
7.1022579
8.1970933
7.2602475
0.8201990
4.1878578
5.4109720
10.1376758
10.2146157
5.6030706
11.1246913
6.7188789
7.2084848
14.1510685
2.8825861
6.1082873
8.1841328
6.4061081
7.8132793
1.1141578
2.4521348
2.8933100
7.1053159
71.0686196
6.7674315
16.9858207
4.9601404
10.5127088
4.6273436
8.4022250
7.5622193
6.5876809
6.8435119
2.2892195
10.8100415
5.9040456
8.7569309
8.9197774
2.1695251
3.0056115
7.5637770
2.2534916
3.0535341
2.3755854
3.0252431
6.6276212
13.3706597
6.8425446
4.5924813
1.9640689
1.8839173
6.4438121
91.4441591
11.2885258
30.9377682
0.2550713
22.3431184
2.6998240
6.8829473
2.3962712
3.7043442
1.7310466
2.7079846
5.5807147
4.4399599
1.5692718
2.5757771
8.6545803
3.9954297
6.6012027
7.8834042
13.8463549
7.6955685
3.4147384
2.3540449
2.6242178
2.8345978
4.6260821
3.4923709
2.4459127
4.9964669
7.5463506
11.4788910
1.6951385
8.8450401
6.5085262
2.8158931
13.2119913
6.3737923
5.3668086
4.8465561
5.2471269
2.8572510
3.9501566
3.4711456
4.6243250
4.7568365
5.3142076
9.4145659
6.0860600
3.2673745
8.3085087
4.5108526
6.3648647
7.8515725
6.4955952
7.6120118
5.2150422
6.5329898
2.1760445
2.7354299
2.2853324
3.8607695
10.0645423
6.1833300
2.6972261
4.2821125
4.5040138
5.8677650
7.1950482
7.7493446
4.2394910
5.2750421
2.7592709
2.2272685
3.0004017
8.7943115
2.1292126
4.0763516
1.2031542
4.7409942
2.3482077
8.9986488
4.5262221
3.3341755
27.3392563
5.2135634
3.6372708
2.9802146
3.6117577
3.9711690
2.4864437
5.0725550
6.4520540
5.4239049
4.3608988
2.7577314
5.2059538
2.6651028
1.7743003
3.3684976
7.9797400
5.9126882
14.0945074
1.9150006
4.3452307
1.9052554
5.7838491
5.7437765
4.6908869
10.7777450
7.2732944
4.2915858
13.3223466
25.8314499
19.6600585
173.8899987
530.7264454
178.6508894
164.6896805
431.8190249
587.0875364
586.4797362
118.5339968
525.5066488
469.5809349
520.9992102
41.4160034
501.3527440
462.9669301
49.6691823
46.7177187
53.8809087
51.9602524
451.0464562
167.3161919
27.5494713
29.6972712
23.5057550
10.1461730
13.0363853
30.5271821
32.6647339
5.0119628
30.3067977
15.6964238
43.7234077
26.0459410
41.0310582
40.4373935
41.5509773
49.9374759
55.8923486
3.5136376
4.0928602
5.5018591
2.6756325
31.0703121
27.1969216
8.3849349
15.3021620
14.2100944
12.9130814
3.9692956
2.7019980
6.3380578
5.1406444
8.3942657
5.5636501
0.5566880
4.6069304
3.0524762
32.5235237
29.1122019
4.0682757
30.1712790
6.4496056
9.4521382
3.8960002
0.9574200
1.9024267
7.1709349
76.1096219
3.9101297
7.6103813
12.1293414
15.8191665
4.5805367
4.5742990
21.4512079
8.1701647
20.9593517
15.8944133
4.5752504
17.9924704
6.6534392
6.5390912
6.2085561
3.7524089
9.7470898
10.2386961
10.7261910
11.0187220
8.6279878
5.2131205
7.8442279
3.8743504
4.8383653
4.1182993
4.3597944
4.8404315
4.4925307
4.0524354
4.5601337
4.7082243
4.8712897
4.2112262
4.1182639
5.6462648
4.1503388
3.9945039
4.2924509
4.6763770
4.7376009
4.5069915
4.3218086
3.9897509
4.1004566
3.9867797
4.2280725
4.6092146
4.4451924
4.2609162
4.5549245
4.0986593
4.6302825
3.8578659
3.8028308
4.5065306
4.6565505
4.1091588
4.4636555
4.5765545
4.8057740
4.6406373
4.3839794
4.5353798
4.8320330
4.6905078
4.5929956
4.7357433
4.7793884
4.1840199
4.5172796
4.7337216
4.7025534
4.6921456
4.2739856
4.6534467
4.6394044
3.8586189
4.7874660
4.8254234
4.5352964
4.3308392
4.5847644
4.1496061
4.2381662
4.1693241
4.2235644
4.3381053
4.1655966
4.9142436
4.6684478
4.2541784
4.3299075
4.0967933
4.1418148
4.6233634
4.9848201
4.0554290
4.4287146
4.3360998
3.6896127
4.7019483
4.3597536
4.3967988
3.9868190
4.5036427
3.9408542
4.4325690
4.0648446
4.5526465
4.4688985
4.1922432
4.3124090
5.0851850
3.8012254
4.2679730
4.5077151
4.6595068
4.5059642
4.7381074
4.5757913
3.9181646
4.4331093
4.1720905
4.1602945
4.0966639
4.5473958
4.2400207
4.2850675
