0.6268967
1.9728967
0.6818115
2.9691597
2.0481321
0.1093202
1.6428777
0.3064807
1.0101582
0.7739769
0.9582795
1.4528045
1.3853878
1.2009523
3.7598005
2.2737877
1.6645325
2.8001412
0.7933698
1.3435670
0.5528436
2.1976194
0.4212148
1.5545311
0.4623021
1.2524198
0.3694559
2.0502531
2.8265098
0.8407604
2.0602252
3.0839551
0.5291978
2.1215276
0.9971688
1.4399825
0.5754493
1.4530542
0.7286938
0.6959118
1.3732076
1.1385617
0.7677341
0.8859299
0.9458527
1.6357884
1.2283239
0.6496268
2.6830160
1.2785252
2.5833611
0.9579004
2.8257961
1.3665944
1.2553803
0.3580227
0.3298845
0.4120937
1.4474717
1.6069501
1.6963452
1.2269715
1.7274840
0.6846480
0.7731818
1.7705309
1.2475672
1.0700922
0.3800696
1.6962711
0.5887022
2.1321584
1.9284428
1.2758427
0.7431038
0.7884117
0.5326908
0.6187147
0.5734272
0.7139321
1.7287187
1.1749817
1.0836312
1.1833321
2.2372949
2.6659272
2.7160564
1.2470390
0.5501896
0.6808899
1.3632609
1.4284237
0.9623611
1.5038513
1.7741337
2.2079451
0.2490178
1.2937691
1.4257962
2.7052474
0.4620579
1.5697205
0.6557093
0.8917687
0.8640915
1.8835025
2.3601986
0.6530327
2.0804586
0.5492536
1.7171510
1.5645976
0.9601470
1.1462003
0.9076625
2.6660728
0.9755378
0.7435609
2.7972599
0.9175760
1.5654988
2.5912962
0.6685870
1.2869166
2.3937119
1.0128911
0.4320237
3.0411199
2.4463072
2.7499703
1.5575624
3.9171230
3.2762452
1.1962792
0.9406930
1.9538813
0.9483567
1.0081398
0.6178988
0.4122419
0.8450732
1.9268177
1.8187737
1.5620964
0.6210542
0.2320914
1.2867678
0.2352026
1.6751085
1.7747636
2.3408101
1.7170632
3.6528568
2.2086132
2.9849601
4.2183266
3.3091464
4.8033449
5.7518300
4.9061335
6.1197849
4.8543083
5.4940117
3.7668514
5.7516571
4.3030650
3.4558250
2.8249098
1.9031197
1.0320287
2.6332818
0.9583472
2.1724701
0.5261208
1.4072136
0.9224898
0.5172194
0.7637001
0.9529524
0.6958919
1.3802318
1.8539385
1.0402158
2.2258577
0.8411789
0.1671176
1.5137223
1.9403945
0.9511924
1.1263619
0.3391546
1.1929332
1.3699455
1.2644476
1.3611746
1.8884404
0.5451048
0.6615508
0.9805225
1.1278525
1.1591050
0.8679400
1.6437696
0.6793562
1.3493453
2.4285424
0.9301393
1.5070743
1.3242758
1.5258965
0.8309078
0.4196323
1.4517281
1.2890998
0.3893232
3.8245878
2.7517366
2.3325336
1.4285918
3.5273958
1.2147871
1.1045581
2.2931327
3.4233895
2.6243527
1.8381436
0.8280113
4.3946289
1.2849557
2.7431843
0.4939054
2.4807099
2.1146916
2.2500086
2.5563053
0.5432135
2.8889954
1.4412103
1.7713501
2.9216959
2.2858227
0.6161536
2.3438686
0.7839996
1.2004419
1.9107196
3.4604940
1.5801279
9.2861412
16.1393511
4.2491587
2.2264262
2.3591424
3.8462077
2.3384882
3.7660507
1.0747961
5.4424940
5.9759993
5.6631603
1.7914170
4.7108698
3.5989509
7.7618143
4.1813899
4.9570948
1.1710194
3.1609500
0.9119914
1.8308016
1.6942721
1.7396643
5.6391137
4.5829239
5.8229155
1.7983859
2.9829490
6.4258513
0.5105488
2.5445185
1.5412155
2.6100648
5.2807903
0.9778635
4.9155400
4.3833423
1.7240249
1.8046996
2.3284193
3.4871393
1.3573255
4.4674374
4.7052470
2.3474653
5.1119953
5.2311622
3.2524396
5.2900302
0.5684023
3.2589068
3.7284114
7.9046219
7.2582146
2.7014754
1.1429256
0.7828278
7.8019101
8.2070909
5.1319960
0.8306932
4.3131937
14.7790230
7.9949652
6.2954875
1.1415373
12.7846507
3.0836875
5.5268893
5.5928459
15.9494179
18.5547898
30.1911041
15.0333947
15.3704896
22.4712175
12.8948685
7.4698999
137.1567345
141.3274296
156.5337218
153.3639573
157.0936205
142.1339514
170.8432541
150.0855800
12.2187779
6.4119808
2.2939731
8.9745575
7.0679643
3.6374711
6.9578243
8.0054451
13.8973109
11.0561651
9.7411194
10.6599525
6.4007787
3.9285948
3.9531169
11.0589570
7.8041338
7.1874350
4.7233540
19.5882213
7.9765846
13.9190167
5.2776157
175.8946968
179.3785026
167.8141828
169.8978445
158.7610701
170.4905403
177.8938486
175.8211274
168.6350788
167.7819552
176.4797176
172.9092210
171.1567692
179.0466493
173.4049167
127.6634220
172.4370647
175.8133506
176.3847722
163.8377453
173.3168262
177.7802336
167.3855988
173.8417737
161.4726287
178.0348076
165.2195099
178.6599569
176.6291818
168.5229928
177.3155890
171.3122674
175.1962948
175.2997522
177.3342346
160.3484316
168.9789294
162.2006102
177.2826267
173.7553341
176.5690003
170.5247870
167.8791388
172.6746624
176.8442136
178.2470503
166.0227986
174.3260432
178.3092841
173.8636085
160.7893079
179.3791276
161.0002849
171.6659874
177.7601910
176.4981040
177.6023918
175.0090831
179.8037200
170.6893021
172.7966130
167.7287387
173.3836707
169.6339238
159.6923645
174.8666702
178.8908591
169.6517539
175.0280026
170.9428924
175.7347589
177.6283433
177.6639424
160.9913786
174.8610049
178.7205471
176.4840439
177.4467838
169.2327357
170.5905399
175.0593719
172.2610780
170.2457286
171.0878359
167.2176487
172.3563804
170.9334629
164.4408059
175.8992022
168.8797850
177.6078388
171.6733805
164.5980871
164.0960037
161.8028627
167.6986550
154.5995972
9.5836224
22.3025764
17.9994867
1.5975021
6.6381733
8.4573142
13.3466015
3.2926445
8.0960338
3.5620997
7.1378857
1.2895535
3.1765777
17.6499347
6.2866731
26.1260859
29.6067445
0.9308889
11.8522470
11.3410618
10.9162435
27.8444084
8.2159996
7.4244608
18.4438804
17.8314943
10.1862150
26.5366415
11.3621168
12.5460542
20.7199049
15.5487189
20.4608311
20.1010950
3.4363703
179.0013497
6.2615047
5.6015392
6.9390356
11.6718853
7.7744256
170.8428945
18.3878293
175.5618068
173.1143074
175.4499383
179.9756517
172.7821770
155.5893641
176.7425643
166.1238126
171.4816292
175.3476318
179.1773500
151.1756307
176.5266622
166.7170716
179.6176826
164.9546163
159.8338186
159.5813462
157.8486060
149.9887306
162.1937274
165.7935337
164.8601406
163.6027726
167.4866018
167.0845171
172.9015181
1.8484010
5.9878668
1.9337974
2.3549606
3.3099182
17.0665440
25.3366496
4.9918663
14.7492500
4.9918024
14.3679473
8.6518888
2.6986329
32.0847119
165.3965686
158.6067468
85.5401995
166.7896555
142.4515079
66.6932139
56.6525072
136.1568961
177.6890805
41.2744417
163.8852578
5.4348936
27.7786605
6.3637092
162.4122983
13.2610061
50.1324783
112.7578751
112.3821234
6.4328227
32.0329222
10.7337811
8.7528511
4.3186479
17.8289547
11.7901663
4.2101509
33.8230266
2.2750562
8.4488001
30.8291520
15.3955809
43.4320868
45.0421654
2.9923833
11.4986917
27.2483854
16.0657159
6.4116354
27.4318697
33.7711201
81.4037062
25.8919094
75.8921439
2.0960073
84.0172669
21.9139105
9.3004991
7.1071928
3.3602989
28.4477385
8.6511279
23.0721613
22.9688729
18.7242534
27.7081894
31.0804671
40.3555385
25.8753959
28.3601742
175.3118466
96.3408510
125.8846292
82.5516527
167.5793925
131.3681786
87.9290207
130.1195941
161.9711819
30.6031523
28.9409077
89.2928416
9.8446451
9.4248383
7.4527946
15.4468296
8.0207797
1.6371481
18.9015615
42.9167930
4.8281490
21.3669875
11.8473830
2.3727896
2.0976115
26.7474318
9.8527469
1.3435513
3.5581932
122.0779654
17.8548882
113.9195131
153.3308285
25.0092822
6.6955515
11.7941360
36.9258111
13.8503222
3.7214456
3.8766878
1.8088119
3.0444923
0.7547194
1.2392802
2.9154922
4.8538731
4.5650816
7.2382369
6.6672509
5.6696079
5.7615881
5.9478323
3.4196732
4.8519377
7.2818811
19.6678807
6.3858882
1.8550494
4.0423797
8.0372347
1.4817965
5.4974819
2.6122381
13.2515610
2.3424635
13.9200343
13.9624117
29.2226623
6.2056813
2.7636926
1.7604557
15.9223180
19.0827628
62.0843494
179.2678613
155.7068582
179.2533959
173.4807566
161.2096243
155.4983023
179.3964494
179.5485124
169.7575734
148.9469907
154.8734530
178.1838223
178.5695391
177.2724697
164.8837890
168.8669253
3.4798333
4.8559391
2.8261974
5.2063437
2.3296691
4.5234575
3.3932943
3.0814873
2.6046868
2.8542817
3.4727954
4.7471787
2.0474348
2.8070917
2.1949048
2.7974831
3.4366651
6.1592698
3.6842744
4.5729294
2.6343888
3.7117090
3.8084615
4.7733994
5.5414652
2.1085526
0.8818441
2.8362772
2.9493228
13.0164822
10.0151194
6.1352898
17.6584034
1.4954330
5.8909092
7.8582479
10.4934383
9.3420193
8.1723489
2.1866967
10.8382001
2.2917104
37.9771863
21.7636198
15.3574329
7.8746022
7.8630168
15.5957186
16.9878273
5.1548780
27.9754248
21.3172929
3.3339892
9.0144013
21.5014384
5.3122261
17.6231772
0.5207919
7.9729294
9.2428849
9.3940533
26.8415734
21.5130768
168.4911069
13.0883088
175.6923453
39.4628791
173.8924344
163.9511837
5.9597854
61.0578595
159.1215805
73.1212614
84.7089065
59.9798872
164.2749874
173.3070705
176.2149448
171.0034809
175.9268335
175.4225888
179.9960661
175.9510682
170.1816939
169.7077296
174.3702177
176.4675428
169.1214465
175.8613198
165.6876625
171.6608078
173.9524900
177.4570510
173.5597145
178.6725522
175.3722512
169.7864413
172.0815062
172.5903631
179.7466284
177.3733638
174.6704814
171.7462095
173.8061203
179.7034893
171.2430629
177.8073537
173.1954543
172.3475342
171.9139489
177.0254307
167.6774157
178.0380806
169.3764846
176.3311878
168.2354832
165.7889464
152.2144431
174.4651628
166.1806459
166.5508739
173.7514761
10.6332845
10.8433338
152.8712905
13.2547663
16.3920355
3.6880172
9.4459664
176.4622723
4.4565388
2.7254313
3.8379384
13.4717235
4.7001116
169.5058308
168.1206735
8.0078751
177.4743834
179.5363934
125.2243669
173.3818962
26.8501633
3.4992175
167.2609091
4.7528440
7.6746949
20.6121617
6.3026142
19.8387027
4.4231360
33.5391425
5.0772088
2.1804627
1.5740840
6.0850818
4.3636574
12.7113364
28.7529061
84.9486007
13.5182263
3.5863117
11.1746977
2.8493870
6.4853743
172.3305741
12.6038339
2.9005974
16.0922189
9.1151661
23.5444170
13.0548979
2.7685348
9.0492092
4.0149252
29.2698611
11.8404109
2.0193464
2.4458829
32.5273057
6.9376578
159.7495100
6.9664377
135.6951481
106.7584022
170.4563118
174.3515425
14.2557186
170.5381415
176.6496732
171.5425463
174.5229114
159.5815616
143.8497724
167.1368505
172.7515023
164.1200269
163.3230776
173.5766644
162.6740219
154.9825526
147.9007076
159.7515677
8.4722511
59.1435197
83.6260133
147.9287424
11.2249773
47.5371221
86.6198070
32.9040239
178.0019555
6.6067282
98.4376643
169.2626052
179.6894700
38.9390133
29.0962566
63.8106751
7.6965678
178.0552615
104.4287968
165.0401641
66.5946405
120.7645391
62.7235496
106.1287371
29.8764408
171.4067581
156.7786847
163.6113998
173.4237892
173.2111902
20.1786730
165.8671879
159.7672089
177.4468931
166.5704217
13.9536395
148.9979592
161.8010581
22.2996841
147.9652168
171.9997742
178.9878023
173.7306825
39.0298371
30.0416790
179.3800162
30.6195169
172.2461317
31.6381968
20.5665057
3.4961598
22.6772082
179.0766382
13.0388748
14.6664330
5.5524472
35.7780779
5.2870211
20.8705718
44.3514878
94.5642672
55.4843886
175.7929198
32.3865420
1.8812454
9.3355138
135.9022664
175.8800732
6.7634096
163.2720174
101.6165676
146.3909555
140.6631448
157.0800440
178.4971269
149.6771586
157.6960239
175.1612727
143.5793849
174.9202748
171.5218341
170.3384560
158.0494395
179.9597361
178.0774268
178.8889405
145.6390907
175.6534112
169.2168895
157.5962015
166.9532200
177.4435471
175.4935686
179.4558392
175.2151976
172.8400669
155.3144499
154.2419176
171.7637793
179.2012637
154.4154827
21.2854416
5.5769014
2.0962339
5.5766230
17.2719664
14.5184352
17.4587631
3.6020511
173.0384009
10.8206238
154.9269143
2.2895664
155.8433756
9.8525624
8.9856727
4.8950221
56.9208072
9.9122206
4.0567420
5.7756661
1.6253994
28.9413685
1.8887429
10.9228331
2.5271078
15.8175889
3.6957169
76.7701710
30.1807261
17.3659099
179.5691454
160.9779481
171.7893412
174.6492238
159.4710163
112.0008650
177.9673167
53.0816271
19.6116459
33.4068840
172.2001640
152.9069689
147.8266021
146.2510308
162.1715336
38.9491906
51.7738293
18.6635850
174.0984141
41.8512813
164.4112260
177.5638631
146.5437654
172.9146236
127.7362696
178.9298139
121.4585235
162.4662473
107.0286318
103.8865710
161.5073182
175.6592788
147.4806814
161.3171936
164.5703046
166.5319182
111.0872942
140.0115981
177.8171980
169.7025152
25.3254455
161.4944663
164.9459383
178.9214062
146.9220817
7.0971355
2.9819273
178.3715157
6.4948189
126.2323905
11.7036311
82.6461892
109.8891264
155.8637315
178.4823069
144.2836765
44.4450732
171.6040779
4.4171310
27.6087227
14.6876712
6.4164672
6.3728597
5.9291551
7.5983626
2.5560832
2.7700569
3.2266806
7.1183111
11.0536488
19.1420259
3.8580813
8.4258812
4.5004727
15.7535411
8.5024736
9.9433658
2.5664572
33.2779038
1.3306046
8.3125007
0.8113538
1.8605391
12.9970581
5.7942929
7.6900607
9.2232923
14.2471222
17.7046886
4.6260662
6.1273559
8.4676974
17.9884409
14.9363979
3.7540231
5.8208912
14.9402494
13.0301867
10.2159426
9.8201812
2.8623911
1.2428535
0.7167099
15.9459730
9.7165119
22.2848301
12.6489615
11.3232278
13.9277382
161.9286474
107.9175032
152.4730148
92.1359562
117.3855377
169.9331080
15.7633408
9.0363507
92.8398134
106.9415880
173.7470061
168.9643497
105.8169560
147.9043373
66.8833390
23.5048689
138.8583225
6.3652295
7.8103360
156.7275553
110.8365270
43.6299750
59.7601675
9.8988654
166.2558352
157.3343740
40.1049202
9.4707153
23.5450363
163.7986167
11.5775970
26.4714614
10.0409273
26.4151287
7.6121956
103.9891067
169.5144265
37.6934293
67.8123273
168.3480848
20.7044213
174.3800589
15.0247220
5.7119097
164.5845817
3.5756712
46.4971146
37.4768197
18.8949092
161.0066510
11.3163805
3.9513996
32.2198302
8.3392387
39.4418239
16.3757974
27.0512923
13.8206860
12.9316464
10.0303714
5.7840489
13.4800342
3.7858476
9.7082632
7.6312453
5.4428144
8.4933840
5.7334124
52.3821635
148.5788874
142.2142634
36.0613270
16.8545182
4.5878544
85.1417429
153.8714433
25.6046659
113.7280846
41.6705862
55.9744119
111.4463860
80.3491573
20.3774285
9.4556860
18.9384151
8.6056903
20.6662979
10.7490316
8.7127436
1.6940280
10.6799381
11.8881625
13.5662669
2.0060936
13.4925517
5.2249927
3.9197633
0.8153048
1.7336293
3.2746860
8.2064882
5.1550169
0.9504127
0.2061354
1.3613071
1.8909976
2.3101739
22.3839066
55.7698169
155.6366409
90.0889748
161.0860564
6.4878703
13.9875200
2.0791467
4.4495634
4.8354065
32.5413703
17.7865479
6.8301705
11.6883728
7.2732546
5.6587907
1.8712257
8.4761420
4.5649556
7.5351544
3.5323293
5.6012678
6.5012905
7.6853422
3.5083062
9.3776798
4.4480847
4.3383422
2.5037056
2.0873404
5.5636056
4.5118555
6.5792187
1.9084078
4.9681854
1.8908685
7.6731062
1.0817278
4.8231428
3.3175746
2.6908209
2.1128315
7.8378206
4.8524750
4.9480371
7.3926257
0.7733432
3.2802786
1.3796375
10.4165605
0.9532857
3.4779051
0.7227459
1.7786325
2.1692443
5.3595946
1.8524939
5.5378969
3.7656400
11.3567095
0.9737112
2.4341837
1.3250199
4.0067318
1.2604979
1.7095648
1.1243540
3.2256248
0.4239117
3.2917775
0.6730017
8.5125344
2.5295632
2.4009845
4.6304238
4.1950692
1.3250759
5.4094687
3.7709854
3.3423611
4.7948846
4.7430039
4.9291174
0.8566612
1.6435579
5.3798289
3.9471670
3.1329722
6.0901584
1.8731550
14.2880241
16.6789344
4.0806794
2.0444134
2.6264220
3.1603816
20.9586846
9.4117206
4.1718140
12.1282586
5.7358702
15.2020286
2.4760203
6.9741480
7.9967273
13.4785736
14.8305441
8.8594684
11.0673968
10.2807140
22.4803389
5.6462794
11.5536779
11.1484905
7.9419388
6.3502356
21.1742237
6.6739707
1.5889400
11.3918156
7.7620596
2.3540082
13.8499803
1.9609634
10.9019547
8.4711569
8.1176221
9.1264000
5.8707060
4.3974862
6.2089760
3.0311881
1.2758831
5.2726113
1.7577161
9.2701656
8.8529056
3.8176845
8.7014238
13.5969742
9.9236193
6.2429053
6.2792545
5.4073633
6.7586296
1.4306929
2.7822491
4.8251881
4.2878843
0.8719488
5.4794547
4.5055330
0.3829609
2.3668215
4.4320724
0.3557404
3.2981767
2.1281914
1.7909770
1.3810998
4.8166887
1.9829428
4.4431221
1.2972311
2.4035989
0.7521563
3.6931389
4.5361948
5.6743129
1.6658858
2.7306588
3.4967816
2.3764040
0.9922775
2.7831988
6.4944180
1.6338408
9.4885875
1.0714318
2.4646323
4.7787311
7.3797946
1.6737717
5.0712738
1.2958434
3.9840290
4.5498608
6.3532092
14.4894504
12.7412766
2.5978875
3.0608615
4.0797366
9.3983288
4.2694884
4.1270615
9.1969681
6.2218662
6.1232970
7.4875770
2.7884484
1.0636923
13.2665658
23.6114913
26.3264199
1.4854447
2.2143418
20.2479271
3.1944424
5.0725968
2.3305947
11.1270715
7.5634398
11.7914390
7.7005351
2.7068034
13.6213159
13.3443500
9.3363565
5.7147041
4.7354949
15.0540639
18.9963664
7.2497259
19.6559093
6.1380839
8.6366162
1.0234998
1.7851741
4.0635354
4.0711962
1.2823353
9.9145778
3.8403714
10.6712091
7.2755804
4.6999700
1.9771057
4.7235856
10.3372928
3.5102594
6.9338032
1.8998912
1.5061718
12.4490301
1.7212775
3.2471077
1.8547579
5.6966828
11.5009910
0.4258914
3.0995577
5.6849959
1.2261686
1.0817600
1.8232626
10.4245716
1.5766529
2.2349019
2.3892024
6.8103994
1.8732217
12.2979350
42.8836908
6.5509950
2.3383703
5.5011766
4.4096636
3.1496280
7.1712149
6.5478967
4.5602517
15.3094961
13.5192987
3.3028450
1.9578725
5.3941985
6.7028824
4.5098751
2.2916979
3.4791346
1.0484273
1.4022507
18.2376197
1.1992602
2.4360665
1.1603216
1.2737749
3.3647481
4.1287554
1.9682374
2.2384609
16.3992024
17.3746313
10.8452192
0.7979291
1.8542031
4.9905624
9.6249330
3.5722614
13.8044453
4.3740530
17.6374034
2.4380146
4.2562083
2.2452387
1.8566284
5.0315759
0.4813771
0.6609303
2.5486877
11.8722860
1.3079560
3.0498888
6.2278521
2.5765555
3.2132599
3.8687334
6.2987553
11.5870680
7.6218071
5.2089068
13.3967243
3.0921329
2.1950914
6.0302981
6.6700675
1.3800422
9.2165761
14.1013773
4.0659177
10.9750573
8.2535905
41.1585286
15.6975315
22.4073014
15.7700333
9.4652226
8.1065218
12.5793844
20.4308143
11.4179088
29.3598104
33.0037427
28.8055556
38.3500563
19.8659941
33.7096761
19.8115218
25.9554946
47.5378293
33.1170429
17.7670585
8.8678266
37.4789157
24.9441737
34.3533903
2.8793960
2.6545431
9.9611344
9.7192795
5.9903442
8.1263628
4.5258423
2.4480686
7.4196009
2.7316758
16.4721218
6.2287273
9.0813617
18.3210089
13.7623227
11.7899341
8.1167280
15.8243442
9.4773606
4.7792179
5.3927668
2.4773791
11.9339535
4.0873634
2.4628699
6.9372574
1.4741781
2.6628256
3.3785793
3.2382409
6.0103912
28.2591665
4.8815520
7.6920290
9.9348500
16.3168387
10.6638772
2.7047952
2.8507483
9.1233538
3.7543182
7.1617927
2.2682912
0.7516173
7.8752746
6.1923146
7.5625900
5.2873731
9.6491274
8.6624091
8.7817234
6.1332613
7.6357289
2.7736677
2.2879693
3.5655186
4.9180327
10.2030197
3.6720013
9.9447033
11.6684576
0.1944899
2.0562600
10.7812859
7.8796383
13.8339305
3.5934487
5.7089283
2.2941018
21.2942410
42.1596441
17.2070620
14.2627965
18.4231748
9.9268714
118.6502505
44.2635445
105.0132740
11.1984706
2.7840249
4.6000342
6.9210441
14.0780204
1.3290779
0.8570376
2.6889950
4.8356617
20.2407494
73.8721606
55.7700610
2.0705791
23.2756103
8.5440509
8.2403691
3.8900358
6.7371609
3.8317389
7.6803623
2.9770000
7.4102382
0.5001660
0.9036701
3.9140934
1.9973147
0.5049775
20.9537641
5.3906723
8.1890971
4.5504236
1.6248658
0.8402731
1.5989103
5.4013401
0.9765072
2.3318962
3.4870896
2.8061934
62.8007692
112.3628157
17.6061891
10.8181879
5.4167188
2.0914225
10.5623558
4.5485087
5.4996514
36.6170828
36.7693288
39.1160127
13.0732546
1.5884047
1.2666088
6.5267584
8.1908893
13.3312774
44.6733590
134.6200512
166.0560121
8.1742373
31.3974295
23.8379074
4.5336434
12.9039071
8.7295924
9.2761053
29.1444837
3.5147821
18.0758314
30.8264181
61.5086815
31.7491078
7.3813937
13.1085345
45.8652485
4.9561999
10.5626135
18.9894228
2.4169279
4.8901811
20.4063333
19.5274615
18.6252600
26.7641057
19.9589700
5.1148688
41.5244158
156.1622531
24.7094841
26.8312651
30.3147748
25.1926255
16.9838325
28.6592206
46.1333195
10.1790852
11.3081125
11.1627270
4.1507019
10.3414413
3.9950964
14.6664190
11.2061104
36.8668560
27.6106977
20.1853285
29.7039269
3.0805822
1.8381539
18.2968198
11.8442384
18.9068473
8.3219354
4.5152127
15.7431800
4.3163750
18.0627117
2.4399987
27.8388337
12.7473003
11.8377356
6.8609392
14.6423033
7.9783286
9.2603881
8.0044638
7.3030683
10.7759474
6.5196764
3.5946396
1.1591529
21.4111168
33.0566789
13.9889310
22.2055476
13.8215845
13.3941975
9.5833434
9.1510640
3.9803906
4.8003708
9.2807661
12.1029321
11.9349052
7.8277544
4.2205235
8.5949164
5.9768856
18.3025060
6.1701686
13.6120472
5.5604803
20.2847946
8.3309221
15.7915746
2.5733086
23.5248512
12.7647558
8.3058487
7.3941726
6.2242021
4.8025769
11.7254960
8.2964559
6.6325397
4.3359487
7.7740126
5.2130040
17.2814151
17.0032126
0.7526311
2.9187507
2.9033514
6.1620342
8.4451140
1.9993076
6.3247017
0.4685942
9.2644221
0.6782605
4.7900633
4.1677395
3.6957598
5.0956138
1.8119147
2.4851543
2.1313069
5.0093141
6.8893271
14.0669139
3.4204626
3.3576520
10.0879436
4.2435347
15.0494480
10.5231575
5.3916588
2.5378876
5.9861743
13.9754298
4.0671954
1.3076826
1.6938953
32.0312191
2.9256286
8.3034835
6.2388577
4.9584829
1.1734070
25.2434592
14.6819070
1.9894600
3.2327785
8.4614841
5.2417888
2.3902785
3.8390647
2.2131312
2.2033937
7.2021428
0.9065603
3.2199307
7.4404691
9.8030016
3.1062473
5.8864787
3.6041965
7.0708562
2.4363141
0.6615671
4.3157779
6.0795612
1.5198828
21.3949193
4.2624403
6.0892888
8.0590638
10.5455659
3.9754962
7.3971639
0.8699239
13.3427294
3.8308469
5.7309562
7.6197835
3.8985578
4.2985639
20.4078974
1.7261718
9.3982908
3.7837263
8.8898926
2.0968795
2.5432263
34.1084899
0.5474359
12.4247083
3.0719224
6.3908559
8.6013031
21.1227838
2.8814210
3.5920342
7.4414211
7.4752499
3.4581696
1.9477072
4.8225638
2.2993993
2.3543265
32.1584192
9.8075051
3.6420029
5.6084298
23.5110309
10.7557099
18.0402842
4.7623742
7.0918465
1.5799939
9.1670101
6.1141497
16.8826061
3.1979255
6.6128392
9.6505889
1.2599902
2.1962553
32.2550317
20.7507469
6.9280473
0.2490862
2.8468291
3.8499688
0.1540531
6.1694498
6.2665119
10.5132547
14.6452515
0.6807448
8.7962833
13.6502163
3.9042748
5.0366397
3.1117215
7.7955374
0.9297495
7.5128609
19.9462748
20.6995589
3.9037360
13.4428273
2.6195318
0.8824917
3.2796060
6.1309690
7.0772684
11.5096250
0.7874848
12.9944079
16.5143374
1.7272342
7.2424248
19.9356778
7.0967807
5.2482031
4.0688570
1.8692132
13.0990504
3.2262483
5.9961753
5.4237966
0.9450416
1.9436720
2.0191039
2.9809205
2.8389880
5.5655842
1.8516699
2.8289961
2.2094906
3.0866541
3.8748882
1.0883441
1.4186434
3.0095642
20.9332194
2.9766969
7.9681984
2.9457137
5.6245507
3.3517194
2.5128870
4.1135086
8.9126134
5.3954073
3.9020682
4.0270442
3.0810409
2.8815707
11.0884678
7.4829179
5.9116822
3.0397358
22.2264188
27.1951717
4.6103352
1.2321080
7.0990889
4.5226617
2.3656323
1.6123060
1.5685528
12.9444672
3.3992707
7.6396092
2.7431235
52.7885141
4.7537671
5.1672353
56.0184812
33.7073240
52.0121889
9.6475523
33.6802593
1.3641215
4.8149883
28.1006645
9.9554897
41.0857853
9.8703350
9.7148646
13.9365114
2.0810094
2.1646808
9.7479760
3.7949067
2.4221713
6.5085290
2.9573257
36.5986343
15.2806062
29.2525379
176.8267972
31.9440162
12.1124421
2.4848000
32.1136667
41.3926332
1.5968002
20.9008402
4.6838931
1.3924762
11.0779017
28.5912329
8.3333011
0.7556192
14.5796368
4.1556235
12.2938196
4.1986979
3.1690452
13.0177287
2.2187384
9.0057769
7.8385894
9.4862677
3.3656997
0.9862310
1.0472945
6.8362446
21.2485649
27.0591492
7.4735024
6.1819265
1.3295299
1.9517247
17.4975345
3.7152056
1.9102813
4.8081155
17.2515451
3.9204997
6.7054403
1.5792061
8.9699744
5.8492414
1.3442036
6.2084262
6.5066828
5.9186097
19.6664522
2.1216023
9.6030939
9.5426862
141.7983826
5.7600828
8.9764756
19.5551241
178.5923884
14.9837396
26.0327713
11.1024992
9.4071762
8.2669910
178.9455482
17.6772239
11.1640424
3.7611582
14.3627816
19.3444501
27.8840405
4.0567701
10.1320688
1.8778813
3.1631294
0.7176845
0.6861736
21.5709456
10.8173282
0.7252567
10.6906482
10.8800261
5.2350483
19.6062361
19.0583710
9.7390089
4.3035872
11.0987788
6.9512681
6.3009842
3.0271675
15.0195335
3.0058632
2.1819124
16.5366182
9.1095681
11.3910302
2.1042405
2.3490643
3.0033168
1.1284438
5.3739916
2.4337918
18.3618926
1.3988693
18.3193640
9.5085724
1.5876321
15.5375014
2.0563002
4.6268977
13.6590226
6.6467999
0.6233689
3.0329918
3.5643217
1.2597371
2.5462504
8.2323466
20.1899789
12.2302380
13.6504972
6.3493862
2.2509731
11.0185601
2.4606199
10.2929599
6.1198850
13.4900089
18.4514483
3.5704969
9.3038243
1.9011673
16.4367707
14.9764983
14.7965284
17.9120034
5.7127230
5.0308665
7.2201889
5.5844152
3.8042582
12.4774527
8.6633682
5.3984790
5.2012022
6.9403951
1.1412178
8.2614811
2.2469977
11.5494183
4.2087606
6.0090664
2.1927230
2.8215052
5.2951655
1.3547952
4.7108347
3.7477361
3.3736816
2.3752784
9.4284069
2.5118058
4.2290687
3.3282429
3.6619125
3.9353549
2.0687999
3.0416321
2.0527815
9.8344979
8.8118649
2.4753459
3.3425163
3.5102841
6.1619010
6.2735098
7.8579465
8.8822843
30.4798401
21.3572148
27.2563641
19.9263366
25.7924479
9.7358672
18.3644016
9.0770638
27.4947990
38.0413395
3.1514903
8.1135026
1.0115760
13.3458115
4.7695473
5.4224041
8.6654792
9.6179028
4.8039986
11.1471124
11.0416369
11.5834364
2.5295224
1.4541348
3.7070112
10.7049281
6.6235449
5.1756187
8.4532334
3.8051728
6.5765414
7.0055437
2.1075881
1.5957384
8.9906408
7.8847129
6.7304931
22.4819023
21.5195151
28.6954594
13.6534404
29.9134590
25.1688223
34.6702079
19.3558613
66.9218628
32.1795152
11.1958990
31.3773343
32.5857176
160.8813533
5.0557490
11.9226568
150.4185592
22.2146201
178.9577226
170.5666119
67.0263241
78.1964721
76.4045872
70.2638235
34.0469640
17.7328226
19.3681473
18.8791777
6.4527278
47.3112577
7.2560898
8.6849571
11.4438481
10.2210426
8.4737200
8.2895681
24.1091965
6.8442501
6.0317696
23.2209896
4.6809932
26.2830816
3.2343945
13.8110703
9.1101369
25.1872923
15.4774925
27.7537903
21.8966281
21.8794316
38.9844499
13.7129160
20.2349083
7.5212204
3.8904436
4.1418201
6.3602807
23.0076455
2.8070509
5.6869314
6.4341881
8.5521240
7.0342417
11.4025805
12.5206127
17.0348789
11.9483600
8.4444533
14.4920814
10.2939757
20.8457971
3.7641848
1.7234361
17.8761108
10.2164284
3.2634142
13.4804443
4.4720870
8.5544046
15.2485761
5.8469972
5.7139995
13.7770547
9.2815704
10.7731573
7.8421041
9.3728951
1.3004052
6.1913303
3.1894719
3.6568802
14.9251955
20.2549775
8.2687013
1.2421305
2.5255144
10.7478744
1.2328030
4.7192717
17.9443502
4.2358919
6.4770733
1.1531761
17.7814480
1.4919724
10.8817421
14.4391217
5.9207854
6.3573178
7.8556355
3.5390858
2.2090594
1.0697766
0.3580782
0.9487852
3.4155467
1.7736972
5.3129399
1.7803673
3.1382046
3.3961446
11.5814090
10.1058330
2.6823967
8.1495404
5.5673491
0.6466836
3.6547722
3.6114711
8.9472900
1.0915628
1.9416492
9.9246525
2.2025981
3.6345792
3.6530725
2.4920082
1.3965648
5.2705454
3.0299267
0.6065639
0.2517492
5.9677269
3.9341069
14.6626594
1.0298850
9.6290254
9.7855619
2.1873121
5.6749251
2.1168031
2.8376974
15.1467329
13.1739086
4.6408922
9.4517294
1.7353350
0.7176775
17.5378014
15.9637827
2.3611137
3.6582455
8.7065077
2.7619188
0.4300450
2.9716204
12.9462244
16.8480819
10.3821259
0.9504549
1.4869462
2.6034147
4.6253810
0.9519684
1.2358026
4.4814872
4.4899790
3.6733432
2.0044485
3.3749258
1.6504290
6.3801769
16.3153112
10.5746480
0.8378230
1.2674650
2.3816648
5.7585159
4.6944060
1.7406219
1.3405964
3.1626101
4.5417687
10.5637600
4.5234273
11.9274100
8.4341294
8.8946580
3.2125990
0.8804400
2.8602656
12.7691608
19.2663521
10.4150605
3.2181538
3.2380109
9.2094305
83.2109182
43.0371508
56.8347900
17.9135720
5.9601692
9.0159575
7.0765786
4.4525850
15.6652979
49.6239725
21.8121289
179.5361051
73.1202287
115.7315312
101.8813984
115.2589526
13.7233983
158.9854636
14.0382296
12.5306341
55.6355982
39.3253272
154.0414219
104.9649428
173.1344671
7.6433474
82.1830851
36.0904357
105.1003674
79.3777901
64.0021005
11.4877051
5.9495935
11.8893537
15.0588732
9.8232513
11.1341487
9.9764395
8.7843417
50.9861940
2.2919670
18.6467284
3.1500369
168.7162746
14.1042928
8.2026959
1.0878257
14.3987404
49.1772214
126.6837360
154.9780565
26.4158071
19.1299103
170.2205109
3.0748897
26.1235130
10.6077100
9.5456711
6.8166634
16.2290767
26.1907819
170.1539832
155.3135322
2.7711435
157.9836348
0.8402223
179.0738679
115.3993480
33.1382706
64.8325691
18.9213230
20.2977560
64.9126818
51.3084275
1.7591591
151.6283856
177.6108914
50.0028666
24.1953042
44.4667272
10.3512205
13.5610508
9.1109876
3.9089014
5.3826863
10.8308288
0.5418331
7.9801605
2.7927497
13.0384330
132.6380900
147.1660645
90.9802413
71.3262283
13.5028936
2.5928419
18.2435016
10.3298892
3.0272258
4.0838695
18.0850767
6.7395562
7.1346826
3.4697510
8.0967569
5.6242847
2.8943585
2.3033480
5.1082785
1.1883837
0.7595620
11.0232246
0.6564385
2.5764511
1.7278172
31.6332852
19.8346866
26.2934331
4.4468437
9.8471477
2.7592014
3.8182874
81.1640501
5.2632431
3.5028584
13.2205268
3.6217284
25.2016172
37.0702818
1.9080295
13.5370995
3.5657676
7.0551845
2.4737335
5.5800619
7.4701925
9.9280961
0.9511718
2.5286565
18.8379220
18.9922864
19.2942391
12.9723625
10.2403489
6.6161489
2.4672682
6.0036958
31.6331827
10.8681598
26.5158827
13.2725789
110.3640791
4.9351000
35.0478314
4.5377665
33.6772816
5.5351184
1.3780117
10.3093518
5.3366811
37.7544281
13.2488129
173.9362338
32.8223297
19.6210415
2.4115749
166.8025581
9.8536666
6.9365949
5.6055839
40.4848920
15.4755466
2.6147399
18.6398942
1.8336258
12.4914613
3.9329216
2.1733172
3.0177139
13.3951310
5.0827179
2.0748058
4.6834725
1.6512392
4.5506296
2.8533446
3.6131901
5.0023370
7.3839957
1.6906400
0.6895553
9.4305723
7.7900686
0.7579869
6.3285569
3.4446402
7.7535583
3.9964038
3.7554212
9.1770046
10.8137217
1.3581980
11.4356750
13.4981003
3.6621695
12.0362807
13.8615900
23.0286981
6.8008080
6.8993431
7.3327993
4.6401036
0.5835327
3.6865963
8.4856258
4.3610855
10.4422698
9.1823124
3.2509943
12.8274090
5.1442677
5.7383297
0.8550289
9.6491434
1.9505425
2.4196911
5.7247795
4.2686601
0.4762303
2.8855199
22.3531373
13.1184907
15.5052149
2.9373094
6.2394925
9.0491748
12.6950523
1.3583260
4.3991276
110.9645813
52.8618367
85.3468175
130.1161487
9.9452043
2.1034686
0.3379617
16.1759973
3.8790706
12.8787175
2.4186694
7.1201662
12.4215150
2.6287422
119.9469760
3.0233057
1.2198616
20.2108467
5.8416969
7.3897138
4.4918193
7.1555474
3.1078290
2.4539420
36.0859749
1.0651464
11.1120677
6.6662187
23.7657378
1.9543790
5.8649368
34.9874968
14.1788165
32.0344086
13.4628700
5.2250108
58.9432796
16.0778307
31.7939420
10.4231429
19.1120873
26.7353557
25.4371197
6.0894519
9.2802993
7.8211720
179.2127790
33.1616868
7.2119104
2.2659494
33.5241886
25.9120686
3.5317037
17.0331159
31.9927581
1.7483882
1.1540517
5.9169311
21.0750591
18.3386985
1.0906146
5.0693733
3.5716880
2.3654407
6.2457373
5.0068695
4.9839581
5.0758838
3.9903755
5.4364068
21.3161032
4.5926697
6.7666213
1.8727261
135.8397160
71.4632648
20.6645220
24.3481224
7.4649374
5.6618821
5.8270696
1.5905902
0.7686580
44.1059289
4.7301922
10.5966585
8.4310147
3.3113496
1.5316866
25.0123651
8.7180302
14.2242841
4.1590835
11.6158911
16.0211830
11.5398954
2.4034988
3.6083025
20.9862352
2.1296837
5.7254876
7.7673166
14.3898889
4.2559741
6.0569954
42.8003339
1.8957245
1.2786925
10.9499517
2.3369778
2.3832402
9.5051822
18.7572236
17.3590741
9.3879790
2.3837586
7.7887696
22.5137611
4.5531845
22.2319187
113.7788413
5.6088425
8.8453570
11.1619531
34.3012380
75.3195174
84.0568089
3.4920555
2.1071312
12.6560044
26.8704533
4.2419936
17.4829346
5.9561632
113.0118009
2.9576592
2.1179133
0.3846216
2.8874229
9.0725291
6.4582647
5.6844678
7.1171164
5.5386700
6.2895572
16.1519791
5.2057129
43.9937887
26.0219809
8.2618340
2.9219940
48.2679478
3.7765344
7.8634519
2.8161670
3.5994451
61.8347442
6.9758746
54.7348767
5.2749554
7.3095910
33.7283859
0.7058815
35.1655272
179.3885721
8.3591810
3.2156489
108.4161438
1.1932615
1.3809656
5.0260296
109.0619034
31.6929189
170.9896921
178.6270409
9.7877651
5.6758961
4.5159248
1.8622243
1.9849221
3.0932621
0.9739080
1.3934503
5.3874321
25.2425474
1.1723181
0.5477580
3.5586676
3.5579504
3.2538955
5.7170809
6.3693694
42.8863285
3.3423139
1.3223322
84.9574999
0.5286578
2.7434627
1.5384022
1.9419076
0.7660513
5.8903060
3.9506076
4.8531602
3.6913033
2.6199781
2.5512158
2.0721615
0.5354993
2.3367299
1.7709165
1.6552107
1.0249619
2.4396355
2.7264511
2.6507792
0.9740700
3.2455052
2.0380073
2.5787222
5.4744259
4.4294950
2.9675548
4.6122550
2.2967492
1.8791585
1.9418683
3.4551532
2.6595065
2.2989988
1.7610344
2.4520943
0.9130519
0.8603156
3.0541189
3.2561511
3.6441869
2.3883493
2.5002165
21.5869321
2.9963918
1.6086953
0.9051903
1.9995334
1.2650118
1.5007862
2.0242927
0.8767021
2.1335597
1.2300243
1.4435934
0.8669109
0.8416970
0.6503358
3.2523836
1.5317239
4.8650645
0.8199895
0.4242916
0.9694104
1.3458436
2.2900552
3.4267046
1.1652034
1.3277452
31.9017686
1.0440029
4.4507256
6.9948152
4.2771361
1.1523524
1.6758950
4.0787779
2.0062540
1.3506226
0.9926149
4.7972856
0.5820306
1.0292669
0.6626718
2.3020209
2.0778327
0.8493050
2.4610028
4.1869246
1.4616794
2.1869545
0.7668434
1.8291173
1.1176454
2.9232583
5.2562770
2.2620170
1.4033740
0.5518569
1.8653090
2.2121109
0.8639580
1.6559562
2.4668042
7.3542569
1.7192601
11.1669432
1.7653064
1.3292532
3.6643800
1.1169281
8.1439947
2.9687815
4.2112367
4.9381772
89.8848972
169.9198573
115.8675974
179.3577324
1.0719060
4.5167768
5.6927333
1.4646086
3.3768321
5.1129012
5.4507614
15.1993421
31.0236221
48.1242900
20.7250238
7.0175787
8.2390729
11.0027555
15.4040457
2.1804045
11.9714193
17.5219019
11.2863038
14.0306182
8.2116831
19.3994554
17.9871241
10.6890276
26.0828618
12.6078552
5.9527220
26.3946686
1.6319250
39.7361102
0.9062516
7.4447824
3.1321485
10.4687805
1.7951115
37.7094738
131.9115101
139.8300549
87.5548099
110.9893007
77.7318313
94.7842960
29.3589619
116.2808555
164.7500757
164.1187966
78.1372063
170.3391316
178.0915693
139.4745214
94.5894429
121.6840210
29.7541660
12.9381241
84.7657963
115.9030048
175.1118587
10.6932276
14.4714952
101.0540214
53.7997276
13.6246735
5.6315435
10.3975545
11.5310663
7.6056689
15.4043817
3.7578042
7.8401876
2.4209306
24.4115989
5.5382635
10.7683284
7.9989918
10.7886367
7.8812507
7.2703148
0.3058455
48.3444277
22.1549805
20.2072860
0.8655467
27.1176934
21.3537132
9.7794458
3.2678132
12.9807808
2.8818062
9.3850395
8.7496125
7.4745922
6.3139548
5.3975925
4.2940478
11.5664768
4.9397003
15.3939635
2.1274588
18.3983416
3.0002294
17.5158640
8.3859189
13.5359473
17.5565870
11.9862188
31.2126044
5.1161298
7.9780583
12.0051244
44.7574290
2.5434797
4.5293068
8.4343661
13.0205433
4.2678092
7.9375344
12.5806453
1.3035872
4.3673708
7.3179695
3.7492713
4.0829400
12.6513846
10.5220731
13.6303982
11.2335147
13.5262181
0.7205927
8.6091911
6.5187091
12.0996436
4.7067612
6.9365997
6.0679917
14.4307848
10.0529313
19.9364946
32.8382093
2.9156901
17.2283239
9.0481772
4.8950802
5.4652743
5.4355142
4.4707822
7.4099855
16.2150944
11.1415826
13.2221594
1.1236463
1.4847296
3.0117678
0.6322533
2.6405417
12.3011223
3.2557136
9.0391943
30.0873299
10.2027474
9.8071887
3.2557666
5.5955230
3.1891299
10.6499035
9.8752225
3.8385397
2.5990635
8.0672308
2.5299436
2.8136909
8.8402342
1.3231029
3.6756434
3.8353054
11.0133566
10.4179954
12.9577938
1.4105021
3.0722165
5.7706764
6.9856301
16.9528564
13.8926624
2.4108505
38.1603066
31.3164157
23.3318086
15.7243394
16.6012760
2.9836837
21.1618744
5.5136229
5.4406183
0.7166687
18.1090236
0.4021740
1.4915447
7.0965885
13.5306266
3.1320346
1.1312676
14.1787161
16.0844600
9.8901962
27.0209165
48.6846794
21.0249197
10.7406537
21.2933662
8.3307845
28.2486100
25.1088640
3.9786267
4.5896414
15.0988660
9.8412540
20.3048530
2.4942746
6.9429530
3.6271168
4.0782791
3.2730332
20.4622513
4.3346567
9.4412585
7.2504499
14.0802229
9.0559548
14.9777024
10.9908770
6.9329109
6.1507278
20.7451277
4.1651606
18.0298704
20.3944509
20.3479195
32.4015430
9.4786635
16.7728363
3.0408489
4.4503981
11.1358058
16.8488408
5.9656799
24.4331754
12.4024137
13.8748528
23.0796453
7.7631162
23.0160247
8.0764266
12.1416745
18.7337892
15.2828145
26.8973918
5.1181717
3.5858964
11.5898021
19.1084267
9.6900646
1.3935477
10.8322163
27.3326893
18.3640500
6.9615096
6.3197026
7.9742769
3.1128511
11.0219815
16.0631292
3.9739356
10.9444847
4.8528802
23.5789607
1.5265030
13.8382933
7.6742048
22.8308736
7.9066570
7.4409397
1.8561464
2.6836926
10.3459540
3.2547211
13.7600308
1.8427292
6.8132540
4.5453019
3.4847353
2.9480230
9.9137612
8.3347300
6.6443027
32.5308371
12.6824334
13.3722671
6.2594940
1.8398234
2.2994566
25.9211915
8.3740799
4.7316083
25.1521637
35.0926407
52.5077327
162.3565076
27.0254945
105.0798858
18.5923407
177.0254293
159.6996183
152.0934462
141.7706941
168.2222285
152.9817868
10.4213918
8.3935224
15.9532867
178.1997671
16.1409793
21.7918286
8.3008326
9.3606202
7.0964333
17.4053210
16.0949165
150.2878194
141.1758203
136.5031744
168.3317533
26.8185258
11.0127336
18.4519511
19.8325703
9.3439844
30.2977241
20.8610683
25.2732458
7.2885892
23.5911535
166.7368272
161.5828572
153.1710095
78.6497031
138.4422757
87.7861434
93.7027466
95.4500370
0.7576732
16.6140364
124.9793829
56.4002744
164.4630054
65.2942996
25.7557984
152.4917642
40.5937943
176.7734421
178.1531627
19.2968171
23.3155131
9.7601080
156.8745659
8.4029485
106.1155931
178.2253717
13.4928443
179.8910072
10.9904296
169.4403720
5.4878279
131.3364869
2.9242169
141.5495895
167.4318740
14.6973932
135.9830991
15.7242448
15.3654336
7.4546820
16.3841115
7.4975883
7.9483626
5.5839200
79.1301108
163.7452718
5.1812329
47.2449303
175.4748983
7.5775244
11.8844443
143.3446656
91.1173720
8.7254037
4.1470977
119.3966034
5.5231706
11.9394385
70.6971742
8.1498924
37.9394580
7.2112176
11.1481908
77.9735999
50.8767462
136.3821751
30.0157037
152.0081830
8.5904898
34.3275154
38.4014140
167.8708491
117.6022531
153.4800381
67.2318477
166.6635508
160.1798498
5.5369780
168.9162790
173.3906395
175.0386451
166.6128833
160.4992472
4.8495784
161.6420632
156.0720602
178.8906547
177.0478953
171.2051200
171.8703833
171.7365924
162.7194311
168.1005881
157.7359522
175.4163054
179.3193258
178.7588442
177.0978533
174.1239116
178.2356283
140.9967518
29.6603962
178.5658563
175.9109472
177.7637332
98.9630090
165.0999736
177.3419262
175.1343709
171.0784856
147.0243819
166.1404012
173.1989153
178.0594391
151.5995950
167.5512906
173.6717454
159.6039202
159.0543637
170.8964760
146.1909747
162.3726593
21.0159194
8.6349237
155.8939527
167.2988269
10.1482912
166.0425348
176.2641221
165.8100193
161.9998927
13.3941774
11.3271323
26.7591750
172.6367925
45.3214865
49.5131611
86.9499024
164.5250402
28.1460972
9.3909410
170.7796334
139.9942535
131.3422461
111.2667497
165.6540144
38.3264061
76.9604516
25.6979796
19.7479857
158.9604194
81.2228871
10.9302232
165.7139515
17.3606201
23.1333204
162.0560506
35.3885847
28.8704838
161.7102782
17.0881157
21.1473972
5.9154304
16.8537438
46.3276501
33.3132090
16.1643014
42.4597972
12.4715731
11.4116202
11.7502385
22.0705709
17.4116899
8.6615778
126.5337502
161.5487907
161.4420517
164.2713142
161.9900884
163.2278424
161.1307254
164.8254970
170.8441198
170.0584360
173.3763209
165.5266933
167.2317881
169.6217153
171.6065082
171.4580025
172.7582471
171.8854630
171.6858142
171.5915431
170.1283011
170.5673018
175.5964951
175.4441671
173.3680701
174.4424692
178.4202433
175.5218288
178.3106488
174.8875699
175.5934926
177.7149551
171.8320306
174.6141872
175.6292237
176.9006446
176.7969805
178.6017247
175.7659705
178.3997947
176.4306866
171.8567784
171.5689555
178.7838909
179.0516475
175.5869715
177.8792589
178.2256652
174.6543415
165.8617099
176.2277376
177.9258522
178.3488278
167.7404973
132.3462939
172.1833411
177.4500538
172.7357098
178.4298292
172.0807368
163.6064246
177.8487206
174.0575726
174.5974417
174.2044479
172.9652103
173.9645393
76.9154741
129.7002450
30.8660008
43.8206724
35.7504527
106.9838943
101.4941507
144.6839248
152.0829388
98.9735985
141.7881814
6.9263825
80.8558565
86.0796706
103.3801582
76.8080117
122.9406960
104.7250066
145.5779955
83.1316949
101.4637533
81.8004352
145.1467923
103.2511085
36.5116164
22.1054251
121.9418428
115.4251075
23.2873112
156.8361698
66.3871585
66.7362091
179.8400777
41.6338953
162.4050845
166.7459934
177.8584827
146.5115906
174.7130640
131.9843233
51.1111752
178.4248309
178.6990438
171.7940685
179.9175085
25.8731521
168.4596292
165.3235039
10.5027403
163.1710070
17.0108950
174.2182616
69.2662088
130.7569542
147.6883542
159.0137567
130.4135664
110.6342690
139.2977026
167.4931963
131.9218404
171.3830419
167.4480671
152.3977914
137.7192591
112.7088641
61.3261747
150.5166622
174.6611631
37.6860579
130.8067025
143.3670148
174.3727619
6.7875157
153.0190037
165.2200601
179.6792178
78.2355785
31.7882463
24.4294241
157.0848120
107.9353616
176.2008082
170.3733076
73.4039977
129.1699612
25.7652393
131.7691224
164.8556839
73.3094472
136.9167615
63.6583951
178.2535646
122.6668304
161.7025078
175.0202640
17.1257997
167.8020050
125.4363175
31.5395713
114.6975535
140.7476019
105.8960017
14.1102367
49.7255653
104.4321493
136.8582684
158.6418410
167.4674821
134.7164661
53.0111138
118.1101141
177.3039613
74.7335874
17.9898832
177.5017898
161.8103082
141.5237959
170.7629325
136.5186907
163.5627181
170.2981145
43.0355466
86.6088693
82.8500659
62.8086146
134.3659966
172.6026522
23.7424845
49.0295880
105.4587121
71.6372371
22.7479303
137.7302471
163.4527404
171.0244162
123.3981701
121.2468740
126.1730222
101.6619768
45.9554166
168.1566074
101.3182492
103.5959303
125.2979802
153.3480130
158.6103265
162.3221551
109.8404301
117.4410451
133.0486037
178.9611218
118.3362289
161.9724665
74.2537345
166.1980231
118.4256438
93.0171701
84.4724775
34.4320563
162.1885591
149.6174839
135.3611191
150.8361272
84.9853034
83.2357728
48.8384248
23.3055283
176.2314720
29.6513856
41.5827413
149.1161556
160.7793623
162.1407613
53.1092797
121.6341229
179.5370822
119.5504744
176.0158335
118.7237815
170.9287764
178.3295070
40.3769694
177.8311564
174.0066950
66.9022520
177.3906969
176.5932132
156.7744409
175.7398119
177.5708151
170.4132331
61.8730750
150.2207046
48.9844322
171.4035852
172.0097264
155.0696792
156.0972853
174.2135789
173.8779832
27.5113348
164.7780947
46.4086077
7.7348637
144.5580248
87.7618198
83.6098543
37.1153057
153.9521634
179.8975839
129.5451058
159.7222215
175.3435284
169.1962984
173.8928971
160.7206871
156.9909248
161.9336871
176.8989819
169.3104899
50.2420119
120.1293808
85.8942880
115.7492085
78.8473611
141.3744284
177.4256678
75.8312547
67.8733002
74.5900053
35.0631185
175.2058190
122.6400561
68.8980808
21.9249620
94.7855580
126.3843035
131.6010216
179.8840377
113.3754245
178.3871878
156.1517708
51.1921763
178.7954163
38.0182110
142.6241793
76.8620734
128.1994218
137.0474605
58.9615718
58.3773635
164.3170065
156.2601732
67.2338180
126.8032044
31.8605316
79.0265365
150.8007990
140.3943271
175.4690930
68.7675105
35.2952848
150.1521976
121.6381070
106.4598590
80.8317636
87.3087958
104.0756340
105.5491197
110.5851382
169.6595912
35.9362158
53.1135418
179.9906387
156.1832626
52.8729643
179.0298207
178.9554772
68.8030393
109.8178997
34.5854657
133.6425822
149.5006283
92.3487825
7.9128336
18.1863638
175.9645002
55.3657641
169.0442963
178.8226437
111.7529680
168.8700016
45.5310774
156.5502878
157.0586241
72.6484106
35.7945179
113.4524703
84.7630611
96.8641350
35.0455476
128.2207947
160.1966152
175.8802681
83.1921634
177.7446765
174.6723864
82.1672166
100.5784911
88.4779802
171.3962796
107.4598801
109.6481962
57.2113061
134.2571571
167.6000279
76.2611201
158.3051906
127.7635122
134.8661634
99.7061513
155.4005623
171.8263943
93.6279251
85.3844913
80.9997678
92.9602610
179.6394552
172.0632540
177.6051088
132.4702760
127.2213536
97.2093112
47.2061276
153.1680699
169.3128596
59.9432079
51.4092220
177.2518175
177.6456165
148.9938672
20.2649812
139.9730703
169.9635958
99.3316977
160.3067431
139.8633662
30.8159027
140.1515544
24.0894600
23.7619376
165.8020537
104.3971884
31.2609891
92.8743251
165.6259814
25.9711138
160.3391946
23.2119597
123.8759572
65.1193531
102.5682820
117.4710974
160.2395813
6.2752266
141.9447164
92.5378199
6.8198497
12.0719813
31.4441742
18.5433739
178.7276217
1.8256390
3.8655519
5.2121049
4.1988833
9.1129397
9.8709867
3.8888694
7.2611683
3.2631242
4.7126074
2.9010635
5.5188197
167.4996289
30.9330214
151.2330759
17.0305839
15.1967317
45.7569573
90.5512671
15.0927209
20.0785553
36.4420532
10.9701388
9.3284956
7.9670963
9.2926737
4.7353239
16.1883165
23.5473375
7.4093632
15.4732210
5.3001643
8.6636242
14.6474617
23.2065567
4.6968264
9.4127973
0.9197092
2.2735464
9.8684169
10.4789093
3.5493418
3.1015180
5.1206436
9.6427943
7.8868508
4.8384877
4.8800537
8.9090869
1.3882281
9.2523885
12.1651439
3.1877036
8.2193971
4.5778160
14.0281664
5.0188339
13.2833648
6.9746822
5.4851686
5.4430361
3.7815044
2.6049969
5.4255172
2.8393187
2.7380459
11.1823062
5.2045678
17.5825852
7.3583514
7.7169250
6.4277073
23.2930122
23.1223166
16.5243294
2.0811662
0.6328940
8.5473300
13.1273719
14.2986473
12.4955492
5.9699954
12.1054244
12.3315730
11.2050041
4.4932216
4.4152584
9.3699203
4.2798234
4.8418517
9.5792133
17.3894005
6.6260706
12.7577253
1.3863854
1.2549075
1.8420045
8.8796325
4.6228305
3.7421015
6.0313149
7.3504894
5.0037872
3.0174481
7.1567143
2.3944214
1.8764654
5.5330768
1.9505675
13.2262766
3.2079391
3.2825671
165.9744485
169.3439414
8.4838779
166.8730210
169.3815530
170.2412329
179.5297753
156.6638433
14.3289320
4.1330387
23.1249301
15.1904009
177.8907011
175.1048822
3.3773256
22.7122801
168.6805828
171.8114800
5.7690407
17.8890923
22.1959700
35.8520001
175.7558794
178.1695112
177.0730781
177.1915019
175.3824047
172.3497874
16.9499551
172.3218465
172.1039721
6.2009678
11.9228273
177.4805288
177.9141169
171.8036712
149.1145746
13.5908219
10.8112358
168.2310619
11.7944577
12.5027751
7.4435993
14.5474430
1.8017880
178.0827479
15.8967479
34.6925845
31.3172090
15.8709076
21.2555021
4.2703322
17.3783518
15.3402931
6.1808190
9.5311693
7.0864222
23.5548818
16.3853313
76.5037020
24.3162811
12.9679432
7.1830703
8.9863540
12.5258383
20.4473840
4.1745345
7.0172468
8.3488228
14.9026469
3.4283567
6.0548162
4.5000584
3.8405330
3.4142744
4.4413791
4.8436903
1.7929239
27.7081848
19.6128786
37.1983505
11.7189172
27.7169778
5.0683720
6.3246269
5.6326539
7.7142374
0.9998932
11.1366575
5.7743109
2.3337541
3.2153473
18.6066706
10.3623756
16.8094727
4.4822536
10.4091820
3.0746194
3.3615708
4.2365058
4.9985147
2.8355377
3.7108416
2.6606673
3.3513618
8.9393238
7.4495225
5.8944599
6.1404765
4.6262426
5.8448072
6.3951732
6.9514433
160.4470080
174.6461765
159.4609792
147.9668139
167.1484613
169.7177757
160.5948427
159.9774372
170.8714836
172.4164993
159.1941679
170.0882982
179.0521898
177.9838937
172.4994199
175.3115016
169.0336360
162.2490291
161.3960707
169.1603345
178.2275264
172.6025585
171.9366016
174.0677991
172.0922417
179.0159992
178.1017965
174.2785134
168.8312842
178.5639592
179.6223988
165.6971692
173.6955791
178.5256959
179.9490448
179.1294288
176.8286402
171.5855136
170.4397302
179.9741794
177.6976227
179.9478706
177.7552670
161.9884348
177.0697920
179.7449619
170.7350233
170.0138565
179.7924671
171.6432251
176.0168911
173.4296836
170.9796566
176.0678703
178.7411012
177.9833379
178.4822520
178.1307940
176.6816202
179.2464684
177.5810031
179.3984130
177.9883693
175.9260646
177.2682591
175.7900490
170.4644201
175.2030910
178.1842451
178.1736823
163.4127838
178.8245784
178.0255148
175.5359739
172.6275241
171.0912230
173.6658569
171.4968799
179.9496183
170.0126635
178.7704119
172.0109548
178.3696334
176.4579186
2.1132662
5.7427532
2.2284245
18.0149718
1.8803387
13.7039190
179.5081063
1.5535066
2.0812880
5.1939490
0.9617299
34.8955894
1.3781316
142.3575692
152.6008852
147.2669769
142.1232178
140.0113122
15.1941919
8.3643489
13.0016365
10.1471647
17.5588273
10.6593173
29.6019895
10.0706025
9.0686543
2.4030736
2.9370683
7.8264694
4.0713109
19.4790533
7.6566332
8.0950254
2.3664944
10.5707659
2.0688727
3.1830618
3.8705807
2.3654540
0.6352689
6.7130704
4.0641472
2.9994048
3.4588949
3.2399297
4.8081196
11.1474556
4.3115666
6.1998615
7.8515426
7.2470606
2.9491188
7.0529052
3.4438654
1.7265611
9.1532023
14.8057834
9.5335426
2.6977786
3.0858211
19.8534947
29.8260300
19.3600158
0.6092101
6.0599175
3.1896642
8.9669716
9.1194075
2.4199131
0.6495339
1.2244422
21.6045693
4.3970740
5.0723965
8.9770893
1.5938768
4.2775135
19.5873293
3.9684928
16.6399911
12.9862360
4.5167866
1.0877745
0.9138439
4.8221558
1.8900522
0.1589376
24.5823005
4.5810937
5.3862436
13.5320374
5.6102285
0.9755599
2.5151118
2.6401268
0.8337268
1.9318200
1.5206841
3.6363041
6.8856569
1.6889440
1.1894174
8.9013047
1.7849312
3.5422897
8.4038063
11.1578394
0.9020785
6.9657044
6.3454597
7.7951174
7.4523002
5.4929790
4.7586922
4.9225460
6.0444879
1.2346929
8.8297483
4.8116951
1.9083630
6.3144254
2.6622994
3.5177868
9.4580621
13.0342113
4.2129102
4.1419925
11.6830578
12.6240316
5.7287572
6.5958633
43.2089970
5.3124194
14.9005541
79.1358362
55.9318662
10.8012638
21.3615599
1.7662615
31.1539292
2.8179884
7.3077408
11.0080563
32.6075749
15.8963071
10.1643389
4.6931233
4.1792118
10.9332987
19.3290400
32.5304972
6.8664091
8.1859471
13.0242320
92.8716940
148.0275665
17.9888176
31.6485517
16.0343179
26.1860042
12.6816846
0.4329363
7.5069047
8.5992224
5.8637990
95.7797091
28.7852076
20.7422202
10.4711206
17.5180105
16.6320920
16.7346209
20.2909797
9.7585003
18.7655180
19.0160853
16.0431511
21.6276655
18.0293934
11.8766012
18.4989794
18.8115024
18.7472718
12.7441508
19.2541025
18.5325391
19.3832939
21.6599057
19.0181098
14.2429895
13.8054855
21.3258675
12.8321995
12.6398492
20.5902043
5.2484306
11.9358061
10.9186158
128.2286479
17.8662211
21.2534287
19.6996669
15.7420835
7.0573895
102.6013116
4.7479104
3.9380486
77.0909668
4.4917866
26.8146544
10.7409049
21.0630099
13.7045008
13.9839077
16.0442655
24.2259167
21.1930549
95.1551959
36.8589622
31.7743961
31.1194359
8.0974495
98.5230017
102.0661301
29.6014356
15.5892761
12.7953440
14.9634847
13.6070878
11.4579391
10.5208807
13.5488534
13.1945306
17.2102872
18.1539772
23.5193072
22.0177156
14.5691290
14.6792044
18.5429938
40.6238396
34.2333169
33.2595931
28.8327227
23.6404094
26.8336923
174.5387866
28.5046518
24.9695318
44.8044240
24.0428288
41.7519370
12.9690732
13.2797686
15.3362066
16.5899066
14.2674593
28.0199258
31.3785823
16.4003262
10.8235930
44.7666769
45.9169150
40.1197263
47.1416481
36.5620168
47.9722227
62.5357350
45.9540593
29.6680398
48.4721840
45.4793221
60.5167141
49.3514072
72.2706613
12.7133133
31.2156842
39.2572081
4.2928987
176.6329408
5.4582336
14.3001157
21.6231770
10.8270943
31.0223651
56.7992490
54.5200870
19.3323257
34.8578961
50.9792917
23.5843613
48.1526013
28.1042069
16.1763898
36.4736061
43.9553682
17.0248040
57.0262981
44.0064365
33.5415810
26.7218653
9.1981018
174.4805217
45.8777459
56.1004758
15.3374636
13.9721709
21.3498212
9.3606746
158.9545130
174.4718571
44.4591262
142.3310965
159.7041424
9.7907165
17.3414909
56.2463249
30.1303874
111.0770634
171.5284307
171.2099553
119.0086055
25.2475970
162.7669535
64.1043486
174.8380458
138.4944923
169.5449382
176.7955224
99.7941199
55.2754187
59.5240280
179.4835101
34.2285597
134.1264046
174.2511357
145.9550574
178.1733659
164.0243252
178.0289323
136.0096165
83.6713244
137.7749397
179.0373810
18.9226331
14.1757267
5.6104981
166.6456826
3.2267156
24.9408223
176.8920800
136.0992964
146.0868003
161.6174213
20.2989310
149.2109581
26.7033061
70.7095991
21.2714263
45.2752155
176.7280371
179.3702355
11.8665540
143.2592752
174.3877978
17.4387446
42.8606208
109.5107712
145.2943915
4.2526532
58.6186972
150.0594746
170.9772923
31.9770389
133.8495766
149.1412329
48.5871202
164.2174930
163.9652967
50.7440824
59.2695987
149.5324142
28.5768876
113.4914883
62.1775701
74.3275576
57.8901466
83.3046004
49.4359808
7.1915990
20.1911973
177.5116446
166.3828946
121.6980190
179.1118752
162.7834798
173.6513061
141.3916785
135.3292896
164.1533893
173.1761230
4.1004841
32.8504337
11.0529857
8.8628914
20.0451116
28.6254802
4.8042726
9.9768983
11.0791529
21.6824070
11.6856197
10.8560649
12.4970060
4.0613593
13.4271106
81.4009453
14.8025596
30.9553111
131.5778370
10.7177720
20.5449691
174.9792137
72.9613497
168.2800080
29.4644529
8.9630589
40.5283326
5.9441205
18.2937287
14.6616855
21.3238197
175.6111617
1.9096624
2.2923563
6.8531388
30.4978201
54.6468719
13.3420303
7.2480877
8.8627299
69.4759353
6.9396864
10.5742579
156.2457711
6.2824957
15.9885569
25.6889228
7.7720465
9.4525026
166.1127211
13.4904268
6.0120609
19.5561389
5.7056689
27.3147866
5.3773705
54.2535682
17.2238589
15.3752290
2.5500721
4.9375610
5.3197296
10.3812408
12.3182740
6.0303482
10.3276835
5.7635581
15.8303629
12.0086630
28.5872721
16.9851857
3.6758316
4.4033274
2.4738408
2.5653652
6.5876482
13.8971932
24.0479925
6.5091366
24.6978035
176.4473945
17.8236920
30.4046474
7.1196484
11.7830211
12.5861734
1.2765854
15.8337442
13.0317977
3.2219625
17.3293998
1.2357869
0.5692419
6.8163018
2.5728635
1.1086444
3.0149629
4.2935837
2.5014593
2.5421650
2.7784636
12.4125413
8.2688689
11.1557004
3.7257748
5.2026696
12.9208575
1.9335488
1.1182488
10.3313555
5.6424348
9.8977874
6.9846923
14.4449508
63.5710944
17.8116726
6.3392288
35.1310314
179.0153415
20.2119393
22.0996724
0.7452675
21.5506621
4.6442984
1.6133802
7.4662171
11.8042092
7.9702539
8.1029166
8.0601068
11.3697254
0.9609714
6.3724122
3.3818430
7.0132304
2.8347546
1.0056186
9.3264723
179.0348644
15.6717386
130.5268791
27.2848628
55.3712369
117.4003226
1.1029523
1.1285757
1.9498979
166.9798620
9.1309816
100.0498688
62.7086608
100.7269658
89.4296956
21.6512279
12.1899740
10.5244952
13.1497190
10.0834114
3.5412645
6.5645754
16.4588993
9.9301733
12.5923744
6.0490744
30.8236757
31.7211284
10.9962576
13.9518969
13.2935071
14.8198453
9.3013455
12.1890157
4.9540153
11.3808388
5.5494079
2.5062282
2.1269912
5.5047280
10.7796615
21.7588036
86.0273076
25.8468514
18.0408119
9.6663726
10.5468644
1.3554660
5.1117842
4.9680911
10.6626991
3.7826490
6.6707649
3.0935828
0.1693808
7.5119343
2.0090754
5.6291418
6.2322696
0.4327056
0.5549369
3.9838115
15.6799879
8.4832817
3.3306996
3.1943027
1.0232889
0.6828202
1.7519075
1.4121981
4.6970252
2.8040127
5.1979979
1.3768193
2.8812315
6.1922228
0.5770663
3.1256167
7.5234479
8.6043495
1.0574938
4.5094805
66.5577179
0.3356480
9.8800138
6.9394909
11.2484851
9.8400887
0.3859444
1.2335821
1.6197808
8.2552628
18.7912321
1.0369670
1.0826862
1.0260974
3.2463410
4.4808674
1.0357526
18.6887764
6.0284353
1.1788339
24.5201050
4.3743376
3.8980266
24.7537678
14.8400729
7.0532238
3.1567901
7.1892154
7.8988067
5.5649635
21.6187044
153.9841868
1.9615822
78.3385387
8.6013259
2.8263545
0.6138444
9.2342515
7.6113458
2.9561123
4.8713343
2.2818096
2.3370999
2.9324405
2.9681587
6.2875157
5.3908845
3.0895245
12.6486105
2.3442700
2.1744907
3.3419832
0.7091336
2.2679386
2.4204352
4.1746896
0.9511846
5.2333800
1.8388708
2.6284281
4.8582254
6.1200031
5.2675965
7.0448202
3.4911064
4.9971001
3.0160095
0.6604390
1.2334134
1.4233149
3.8334260
4.3080188
4.0503794
4.0696221
5.7543347
3.9111753
0.6672101
2.0968217
2.6029749
0.7855190
3.2872855
5.2289049
0.4516120
1.1740020
6.6721592
1.2823003
1.0493672
2.5648326
3.1299621
0.9360539
2.5629467
2.9363517
0.6107372
2.9269620
1.7437648
3.7849924
2.7430233
2.4764737
1.0296019
3.2579224
1.7312699
0.7544048
1.4123769
4.0067769
1.7921654
0.7466364
2.5276712
2.4604341
2.3715304
8.7168210
10.5830132
7.8603273
173.7155551
4.8854722
0.8857319
3.4594341
0.8262876
2.9415386
1.2126090
4.4341029
2.4641907
3.2687132
2.5875178
1.7783528
3.5235519
3.0563125
1.6483709
0.8083503
6.7980740
3.5056166
11.7228536
3.9431115
4.3946400
1.8531499
1.4852535
5.4299645
8.7672344
8.6486608
5.1923522
8.1767472
5.6956312
11.3313481
174.7320738
76.2290714
172.3564185
176.9465123
76.6822311
18.0906606
128.1463571
128.3673333
150.2379132
42.0605302
164.3014104
55.3437033
2.5588503
44.3624470
64.7912575
97.0421395
57.1718243
64.6612077
72.8216655
111.7014046
118.9780657
92.4197957
177.9591416
86.0782796
98.4723882
103.7947220
67.1503195
63.8290882
7.9810029
112.1117055
57.6223191
71.0460235
56.8872840
77.0514474
76.5532557
111.0678085
59.5795884
64.5558404
10.1830773
6.9059634
26.0708223
31.9965799
81.8090812
99.7934031
37.7327431
63.1727221
29.9509652
40.0727434
7.8249311
19.9024577
3.0849704
44.8529190
11.4880725
26.1815583
18.3285155
26.2256974
14.5550689
47.3288569
90.8696095
43.2429114
16.4236562
24.6297787
7.8365793
39.2376728
7.3905404
29.1680021
32.0382593
19.1028555
38.6498268
26.5452700
22.1462327
5.3660101
16.1536376
0.6590065
7.9614696
20.5721708
1.9388061
2.2623320
15.1914353
13.9043780
12.6374512
6.8072581
6.8269048
6.6116568
4.1053745
8.5240978
6.7689236
9.7674126
5.7962182
4.5257229
5.0334191
3.3331019
3.1984718
3.5533654
3.2965101
3.1764089
3.3792449
3.6638806
3.0878132
3.0096386
3.1679538
3.4735684
3.4259194
1.3980679
3.8045170
3.4541184
3.3044086
2.9738824
3.3328797
3.1377811
3.6840475
3.2327571
3.8457314
3.7996092
3.6372219
2.8879379
3.1153822
3.4254429
3.4703585
3.4518842
3.9746284
3.5117281
3.6787094
3.2583175
3.3528481
3.4495993
3.5181955
2.8779869
3.2174153
3.8245964
3.4471836
3.1744525
3.2373059
3.0100530
3.6264309
4.2447231
3.0218527
3.5767051
2.8122163
3.1403478
3.0632000
3.2628507
3.2975689
3.3658706
3.0826295
3.3084587
4.0764556
2.5266245
3.0715407
3.3737230
2.9779740
3.7518012
3.2081972
3.2236764
2.9853912
4.1123849
3.8256846
3.9702780
3.3704005
3.9350533
3.2456859
3.6099120
3.2185165
3.2978087
2.8813141
3.6296653
3.2788970
3.0704975
3.9011661
3.1048482
3.5072502
3.1819642
3.6126174
3.4309713
3.1594676
3.6182353
3.3878614
3.5886160
2.9976189
3.8540374
2.9721551
3.0103366
3.4912637
3.8030116
3.7275388
2.9842366
4.1099927
3.1425103
3.4200441
3.3687485
3.1695327
3.5425045
3.0169169
3.3652653
2.8390003
3.3005870
3.3189402
