14.9928626
5.6648504
13.8709796
151.7789260
5.1493002
2.0851549
9.6941621
5.4625393
7.1312977
5.6030652
173.2590535
166.8629781
5.2454991
157.1552409
4.0305728
9.4800518
72.2946137
6.8110322
2.3084426
4.3839335
8.0031402
4.1718014
2.6468466
4.8213871
0.7822395
4.1588078
3.1039178
4.0073667
100.1994883
177.8210499
56.3160369
86.5327361
165.9684724
9.8731283
7.0581964
116.7541510
8.4646510
56.9293436
17.9990891
21.1475332
10.8966698
15.1017964
7.6147205
4.6910365
10.4161892
2.2749432
7.9483723
4.7125591
155.0765476
5.2233845
13.4570664
109.9385369
121.9365263
174.9038964
78.4154048
84.0192115
177.6595362
169.9742505
177.2975915
113.3073917
113.2657266
173.3545799
80.7280061
93.2638173
3.1653267
5.0067659
43.6520579
25.1433086
69.8120811
21.6073389
80.3489907
17.0925006
28.7878372
4.4344230
9.0742955
7.0607363
1.7392358
14.7396908
8.2103281
12.0174090
7.5474271
12.2353733
3.1260292
8.8581997
16.3212385
1.8731498
14.5262650
6.0031331
10.6408452
16.4352944
4.6022966
6.7511386
2.3649772
2.4731569
12.0622175
4.3385814
11.3635193
13.9569008
2.5874610
8.6933606
5.0909789
14.4359221
7.9809170
6.0340364
27.0834128
8.3004129
4.6277194
4.4856507
0.7743905
4.9643981
3.3273238
1.9500159
1.7348075
5.6843417
4.7734246
2.9365516
1.1694132
3.3984277
2.2115398
2.3323685
2.0006637
3.6901021
1.5789517
7.6193409
3.0179651
1.8439391
4.2038081
1.2505163
3.4968165
2.8458946
1.6021896
2.1899809
2.4729463
1.1304317
3.4224989
2.1607590
5.0624183
1.9650051
3.2100779
4.9609835
0.7853590
3.1137850
1.5036916
2.0453759
6.6197740
1.5506022
1.7677742
2.0850317
1.2474188
1.4662715
2.7628395
4.1923956
5.1121678
158.7142165
9.6770197
177.6345613
20.8285352
19.4731963
44.2385909
5.0186691
6.2427067
5.1774155
10.7511756
29.1908729
95.9448921
10.1948760
22.5268481
10.2274755
8.1387517
10.3899537
3.1647675
10.9529652
5.9515865
21.5722318
4.1368161
9.8668555
1.7783128
2.5061921
33.4779409
3.8552820
16.5643092
12.3725929
176.0391965
21.1584481
15.5609845
178.7690015
3.2325520
7.1279701
36.2737603
57.9724626
4.0600978
6.5425910
1.6602910
55.0149698
8.5656522
173.1082211
6.8643369
178.4898087
0.9015176
4.8797937
5.9710783
0.4950066
3.8186527
12.4676622
9.8072671
10.3659235
9.1926002
12.4642596
11.6986881
6.4554106
16.1431978
22.7765934
146.7381629
163.8928958
159.5221142
174.9362056
27.2198597
172.3098705
19.9140491
62.2132948
100.8430878
171.2990745
11.9712182
175.6536904
165.8663877
166.9185688
3.3358265
36.0358181
167.2622282
24.8252789
179.2128477
13.5043010
128.9194576
177.7695660
14.1518199
34.5297401
160.8169833
176.4949504
6.7081254
4.6066185
153.9864612
19.0882292
179.2262410
170.8799008
20.8238592
21.9104756
12.4350365
27.5762654
31.9167701
4.2545110
36.8359131
10.5859877
4.4986331
55.6074210
12.4727776
7.4863766
33.3853043
15.0962358
87.2979435
177.3531598
5.1720549
19.1913796
25.0205655
145.5783599
173.5685033
6.6284438
7.4037663
8.8889315
162.7590973
24.6714703
178.4767339
167.1387040
80.7454314
167.5907789
179.0526095
25.4806682
165.3158966
92.6793776
86.7814589
99.6612780
14.4035429
10.7651273
137.7701185
47.6981145
44.1818871
166.0834571
27.2949123
6.0810912
29.0577354
173.5700094
2.3281412
177.9343047
16.8150445
14.9990640
65.6331625
136.1172964
25.2663386
172.9574602
151.5431967
144.0470648
105.0971696
133.2435099
11.8695441
157.4959790
8.0034381
100.3959539
6.5253950
168.8456566
165.2890130
157.2437579
104.3444052
173.0998922
162.9939855
160.4612122
156.9509925
119.0128196
8.7014739
2.2139257
44.0265615
179.2886704
168.2106748
177.9712828
25.2853500
22.4812778
176.5679751
177.6027109
7.6796907
23.9671712
120.0865685
14.0616924
160.9208423
142.1222723
6.0078175
34.0851080
97.9644208
134.6349552
5.8666328
14.5601125
123.8994409
168.7449709
172.5202945
31.8952548
3.1004922
2.2898819
6.3527667
21.5425460
79.8921363
37.8792967
19.3659123
177.3529179
56.2019039
22.3366651
177.8555978
20.7207756
141.9926363
1.6835198
167.9147602
156.2705387
169.8995687
1.3265244
161.0943760
23.6592149
179.4771669
0.7232698
9.7475197
69.9404919
157.8731534
14.0398263
110.1346097
161.9860175
15.2886056
83.9882713
33.9459380
143.2385927
36.7762568
13.9865965
6.6075292
14.0365213
1.6229969
7.4054368
26.5139449
163.4426518
22.1701084
13.6338607
16.8590834
14.5595023
4.9359814
2.5682037
8.9929951
9.8661189
25.7939955
7.6355176
21.2970485
85.6509115
6.9726289
13.4706577
8.9594165
11.3935660
7.8790452
6.8849467
11.3629658
104.9879134
149.1775888
14.2474489
159.3286945
7.4877512
2.7557087
16.3576866
7.7138175
3.9027387
8.3468190
11.5761149
2.5621741
6.5900970
9.5723732
8.3035060
3.1018120
15.5558820
15.8518937
8.9103460
22.5004861
7.0713993
7.0518651
5.2988276
3.5638300
2.0508112
6.1535171
9.0492257
7.1364837
7.9766104
4.8939136
3.8818709
5.1241402
2.1067792
11.1414863
5.1879205
5.3534864
7.9729865
2.6199820
14.1602328
4.6396666
9.0998169
3.6127603
6.0089566
3.3228377
2.2866820
2.7569595
4.6858279
3.4645221
2.7482710
2.1644188
7.3197237
6.2119275
3.4292472
1.9264160
9.1506495
2.0869639
5.2813124
3.7195052
7.1545361
3.4173623
2.2105400
6.4033584
3.6939590
0.8366097
3.2838181
3.5961313
7.2315671
1.4420485
4.7405857
7.8362136
3.4829095
9.6682480
13.8918216
2.9959303
8.5701762
2.1014789
19.3875346
2.4709468
3.7370451
6.1423663
3.1841951
7.0547616
2.9273356
3.2125930
3.5350445
1.9417072
3.9121907
4.2584613
13.5289373
8.8674572
3.9531991
1.2494113
7.7831079
10.0415395
10.3690072
10.7639442
2.9325366
2.4985771
1.7900833
3.5880779
24.6024573
7.7771399
18.6992838
38.6906567
7.2168173
4.5938471
3.2754053
9.6715431
9.7433317
1.6227245
7.1879660
4.6185459
4.1859228
17.1799705
3.7131350
8.4254772
3.2469511
20.5080415
2.2714891
1.4615237
1.2484639
8.4276755
8.0692479
11.8885253
8.8924691
2.7786441
3.7685598
3.5887894
12.8346055
9.4505076
5.0396575
8.7142522
3.7594973
9.6399560
5.2798038
2.7856122
9.8594463
10.6406285
8.6564131
171.1197116
3.0395811
5.6631520
13.7049873
3.5764552
2.9077266
19.8138922
2.4929834
9.6859332
4.4476465
8.5930615
8.7519279
39.9961396
3.1767747
9.4263441
174.0627094
5.5764493
2.8708065
5.8575838
5.1682129
5.4806768
5.5015814
13.7384950
6.2119713
39.5525609
6.1443306
3.6330776
1.9443563
2.9584625
12.0268729
2.5621432
5.3837003
8.6233984
7.2095889
8.2889842
2.0918611
11.6242114
10.0398139
146.2404267
159.4721275
2.4723911
1.6997176
7.1157673
12.9545807
161.2666166
169.8263331
12.6746802
123.4321028
164.9826064
2.8263143
1.8541354
154.0752708
2.6517102
17.5062198
5.1597274
2.3542591
6.3503172
4.4640999
152.2487354
154.3825798
15.7866046
2.4624410
3.8830248
12.5539771
13.0382708
9.8064533
7.9209078
3.5902769
5.3226171
6.6415808
5.4200874
4.2503610
4.6349653
6.2096483
6.4526390
39.5253220
4.3502313
8.4085640
5.6724989
8.7367527
11.8893720
11.7484789
13.6407727
23.6798440
4.2749493
17.9779123
5.9997752
10.6564155
6.1930677
2.9930285
5.7139746
10.7774644
2.4678531
5.2410645
4.6936709
3.8661528
6.4729904
7.8259502
15.0440925
2.1392269
2.3639146
7.7338337
2.0483321
19.4268227
8.2304857
4.2257676
1.9967068
5.1090954
3.2288332
7.0369788
2.8110602
5.7479355
4.1029323
3.3034079
5.5761666
2.9029804
8.9878261
12.1819616
4.5856955
3.0606353
2.1813338
5.7414227
3.7474393
3.6401022
5.5702554
1.0023784
1.5524639
5.5590004
2.9776320
5.0910560
1.2810490
1.4870614
3.5114875
3.1089771
5.0644433
2.6219232
2.4565347
2.5249451
2.1112349
6.5387729
2.1961375
2.2737587
12.6387615
7.3160016
4.7703355
5.8039107
3.5785070
4.2540420
3.4256886
3.8271906
9.6353802
5.6010736
6.5262635
9.0975282
4.1327030
1.5718102
8.1663844
5.2561726
2.8492844
5.7416505
2.2185171
1.3867405
7.8265223
4.3164367
2.8917463
8.4480031
3.3984185
8.1565749
1.7222515
6.1904170
7.0762511
3.9944240
3.2420449
4.2419585
9.5622086
9.3432450
8.1315435
7.2510820
3.3921470
5.9364688
1.8460889
9.0368485
3.6943224
7.9421100
3.6833086
6.5728212
12.2811791
8.3355244
9.7396879
14.4868978
11.2024168
8.4723362
8.1906724
13.6360712
14.3173346
15.4117485
7.3888625
11.3262488
5.5604417
10.6340557
11.1242891
6.1112161
13.0448916
13.1396976
10.5646937
17.1323309
11.9460932
11.0548677
8.4926998
10.4104004
9.0222539
15.5895397
16.4333803
21.3842545
15.6305083
8.9101123
7.8019938
12.8445072
24.9808504
13.3639245
10.4414890
9.5154526
13.6673510
31.1368955
140.2056166
10.9767131
14.8644266
26.3716314
11.5113565
35.6456661
24.1735827
11.0233300
16.9136207
82.1425463
13.4608648
21.6848367
8.0969801
122.6392708
12.4978630
15.2004949
4.5251827
20.8421997
15.9235104
163.0924456
171.6858563
169.8941105
84.5559539
126.6365986
174.8473933
6.8439450
143.3961474
7.9040735
42.0889036
87.0301949
161.7600541
8.9067710
5.5566720
9.2421402
78.9514618
15.7554043
91.5674378
30.0632280
9.9747546
42.0976262
10.9889921
6.9604300
79.1693397
3.1995223
177.9891381
6.0706458
157.9632143
148.6258772
43.4152035
15.4714309
31.0712708
4.9400662
173.1064739
9.1502907
8.0290599
32.9888907
45.3285881
41.4357704
18.5856029
30.7923638
13.3187677
103.0616302
156.8509976
5.2915734
93.1590947
22.9517039
18.1837287
16.7227732
17.9047807
14.7371039
130.0388880
19.1154279
22.9785760
61.4970960
60.7396544
96.7956901
178.7118212
10.0601669
38.7703252
179.5989900
28.4016053
24.2251145
73.7202589
83.2723644
83.6395094
76.4405203
83.9322370
83.2568596
88.9163998
69.2419176
65.5005641
76.9180442
66.5910291
83.6375850
77.7030865
78.6279472
85.1311979
53.4856885
99.1222364
90.1538507
77.1742637
70.9513807
80.1247071
75.1422360
90.4601612
84.3059513
130.5519249
82.1059956
83.7915695
80.3244005
131.2437518
78.1853933
62.0616356
77.1370833
66.0831650
77.1295156
76.8205047
89.2228123
72.0466855
178.9061650
3.7292061
6.0143909
74.8265767
7.0371014
10.8564225
8.8958225
3.3354830
11.6938231
11.5824937
4.0788916
4.3490976
10.6330619
6.0525483
5.4118290
4.2126282
0.8177797
6.8383689
2.0190949
0.8502247
1.2584829
2.1828579
4.0422433
2.6036197
2.0612580
3.8330669
6.6083223
2.9880569
3.6516464
3.1006309
2.4374895
6.0093633
3.4483983
2.0964814
3.2718628
7.7479947
1.9989660
1.3807472
2.2170163
7.6839615
1.7104530
5.1088120
4.0063840
1.9680109
4.2370118
1.4542484
3.5174510
2.7890339
3.9830339
7.2305577
7.6220130
13.9509513
4.7425883
2.3863055
3.0924343
11.0111094
12.7235472
8.0964675
7.3562249
3.4191061
2.2608820
2.2828608
6.3894834
2.3892576
7.8518695
1.5824070
3.0608557
1.9752736
1.7657392
2.7282079
1.1992006
3.6316278
0.9580056
3.4238855
6.4591827
1.1487261
2.4097098
3.3962206
3.7212243
2.2103812
0.8171088
4.7270434
1.7057354
4.4699441
1.2712220
4.1553866
5.2067788
3.9118897
3.0177668
3.1003751
4.2439862
1.8539666
4.8805898
7.8332546
4.0448540
8.6150824
3.4619984
4.5429356
2.0200861
5.6110713
33.5936630
4.4238472
2.8744920
9.7882129
3.9659999
4.0726074
1.3881637
6.0994865
2.9360369
5.6207161
3.1514574
0.9129470
24.9282039
2.4427932
61.7375814
2.8874184
3.1471334
8.7183238
5.4951900
9.1725917
1.7581407
7.7521869
0.6441143
5.0650195
3.4661564
0.8438783
5.1319265
2.6555263
24.7346278
6.6970023
4.3842124
1.4234376
2.6941613
8.9296277
4.3466846
8.0484782
6.1337926
7.2611427
8.8495653
6.7831683
12.6989374
1.4774136
3.4307622
0.6954159
4.8674713
3.5651292
11.2067920
4.0032034
13.6004074
7.4016170
3.0131584
3.3684738
2.6773913
3.9285467
10.1764573
2.1871010
3.3042300
4.0872760
4.1850891
4.6605098
2.4920739
2.9237592
1.5860342
3.7150557
3.2974129
1.0001433
2.8338529
2.9285654
3.3564394
4.4482044
3.0462478
5.1982847
5.6241204
1.2883951
2.3098845
0.6823476
6.5126707
3.3097411
2.7913794
4.2967973
2.2043393
5.5015572
4.3810825
3.9704808
2.7294359
3.6221578
12.3084123
2.3496653
15.8554404
3.1954104
12.9454702
8.9644096
41.7104235
30.1985102
8.7599776
13.8552127
2.4484019
6.5698618
27.2644206
24.7551258
22.9260182
30.1963174
29.3392086
24.3743737
23.4723852
25.1137857
20.3303524
22.4509237
4.1110010
21.9659332
23.4726892
19.6141348
19.4934077
18.9971282
23.8566228
5.2225310
4.4078819
16.3296227
15.7490135
8.0904948
3.2193559
4.5047128
3.5028135
5.0419946
9.3569463
23.1234450
10.7834723
4.6239242
4.3566401
6.8388720
6.9912487
8.6360994
7.9422793
7.0078036
14.3214006
28.3675114
7.3577745
3.4662413
5.9252754
3.5369015
3.8332754
11.9576847
5.5447942
16.1868924
6.7913689
2.9571181
6.2245036
10.1920934
4.1035440
6.5360969
3.2087076
6.9971449
7.1812938
4.9037153
2.9164398
1.6704742
3.3470070
7.4584251
5.8816226
3.9173136
5.5338475
4.6942767
2.2142207
9.7549314
3.2161630
3.7800413
4.6402234
4.0284940
2.5613760
2.7833248
2.3457273
5.2825928
3.5753304
3.2223264
4.0930853
5.0174471
4.5493729
4.5450740
8.8239946
4.5162809
4.7551111
12.1190501
4.7287914
9.2596955
14.3103271
7.8850635
6.1899394
164.1544478
18.3362866
6.2454644
7.8096135
11.6121918
3.5082581
7.3999599
3.5611857
10.7906970
11.9847072
12.6276096
13.9315403
14.6856473
155.4712007
70.6466951
4.1937901
4.8482554
8.8579675
11.6120113
9.8946896
12.9447573
8.0514054
4.6954739
6.2463476
4.1506363
2.5494593
10.1448885
4.1159429
8.0920877
4.3313665
29.0799302
165.1110394
2.2421636
5.9997174
8.2419148
5.9616408
18.2595434
5.9376609
7.7614022
8.2638861
37.5476455
16.9079296
24.3882547
8.4567089
11.3956180
81.0241256
175.2467264
16.0210660
42.9697681
18.2392161
3.7998057
78.9991508
13.0845441
10.3828503
126.2254347
7.2891699
16.6026585
16.4076433
22.2627366
4.6016157
17.7540922
12.1114343
34.7021535
179.9163689
169.1543835
2.9257328
19.8220798
7.7419301
23.6804203
13.1657243
41.6832151
163.9193317
7.0933054
82.9038946
178.9260499
160.6006530
173.7464151
179.6082287
73.4230966
4.9266041
12.3897346
39.9690909
148.6952617
6.5162744
8.4452863
119.3336738
21.9364794
8.5265907
5.8622831
135.0519903
77.2039499
16.9103081
178.2630036
110.8950933
10.5084381
35.4369642
6.0949193
104.8374783
21.7134596
16.7613287
165.8103406
27.4912442
116.2153327
6.3826762
11.5407457
133.2859795
176.8018477
101.9262480
2.6113635
36.3264465
133.1016941
30.7477011
165.3998101
30.1208277
6.5457373
39.8134481
145.6222804
15.9566565
151.0030980
10.7172128
5.6756053
177.9268757
87.4964760
75.0229730
8.2701758
4.1718497
8.9423157
15.8447298
20.5778415
174.1986998
20.2269540
6.1267491
26.0236251
2.9820692
6.2682810
6.2106214
9.4015369
1.9138553
2.9771484
35.8652116
2.5209470
2.0270291
0.6605168
2.4326788
1.4375966
2.8460171
1.3882243
0.8147079
4.0000225
3.8365525
1.3583857
2.7037592
4.8392693
3.2099957
3.8383998
2.0965913
15.3541023
13.7178108
5.7515980
4.1829705
4.1605455
2.9779052
2.2769663
4.3446812
3.3449063
19.0845483
3.0994370
2.7331377
18.1730794
1.8000270
6.0131369
12.9594480
2.0840536
1.9876706
2.0677347
2.7368577
3.8723368
1.9237175
2.2291929
2.7842264
24.9478813
1.2798796
1.9161621
10.2581892
0.6705747
3.4877076
5.0513623
7.0193351
2.8649634
2.2469069
6.6796072
5.4680796
1.4483103
8.9522174
157.9941394
19.0801632
0.8234471
3.2252097
2.6387265
2.4203927
3.0293747
1.5172831
5.1921522
5.0665616
15.3209015
0.7822545
2.0202787
4.5362240
14.0399848
2.3349139
2.1430103
2.4852887
5.1710186
3.3555565
1.5191414
3.9028861
5.7507712
1.4547796
1.3324615
1.3498503
4.4931627
4.6363211
6.8086325
1.8037129
2.1328056
1.5726350
11.7272024
5.9678194
5.3238712
3.0643983
7.4949593
34.2126700
2.0168831
3.8180598
2.2099267
3.3489159
2.8848106
4.2994443
9.3673271
3.6979380
3.2721743
8.3850855
8.6428834
7.9359430
92.5148809
10.6599969
5.1033526
20.1951614
9.3260069
11.2907333
26.3492183
41.6021842
4.3853302
161.9041150
91.4722133
29.3259830
20.5817853
23.2383426
141.5642847
2.4851428
13.1492753
6.7507535
9.0671837
26.2876155
6.1967420
14.3735890
5.4903693
165.0499798
152.8798278
131.3644215
9.2706218
6.9444295
4.6808043
11.8144332
144.3623182
7.6237910
12.6920647
177.3325223
165.8156240
2.6754054
114.2141592
7.0493642
2.1275530
44.2110224
142.5680323
20.1711236
20.8622607
26.6762505
23.2777086
19.4432686
85.3155841
28.1129237
24.5474662
25.9826114
18.9203058
25.2693941
22.8804932
32.0603514
3.1869279
21.6487412
26.2326854
23.7328604
142.2001675
128.9816960
12.1881193
19.1870244
168.3500290
33.3377143
74.1799914
115.2532240
16.3483290
21.3015220
13.3167240
19.8547959
17.8933532
32.3301463
55.0284476
91.5814825
151.7011457
146.4100881
163.1307270
2.8577914
49.8708936
179.6265851
7.9467944
130.4582827
6.0015007
2.3501436
8.2456758
164.4709046
59.1035363
167.6776554
6.5284765
7.1224323
7.1088049
9.3505622
31.5577758
8.9566159
3.0451370
1.7074625
2.0332460
25.3752060
11.6161749
110.1029148
1.7968353
26.7728912
1.2972529
11.4923611
10.7980327
6.7232910
46.4486347
32.6373680
26.4367401
34.3070017
99.0834501
123.0847244
150.8422503
1.2294089
5.8873836
18.7222747
176.7767316
10.0260239
22.1776251
3.1931708
2.5646984
17.7336563
14.7457387
2.1209736
3.6598688
4.2739885
2.3737810
3.3582557
4.2867582
5.8018722
2.3845481
1.6560173
9.6537818
37.3983206
17.7005176
4.6182347
2.2757184
6.8191531
2.4479046
4.8220209
5.5121156
7.9649260
3.3017159
4.5554323
4.9657749
5.6230351
2.2112819
3.6925178
7.3972347
2.3127293
4.4468150
3.6937064
6.9231487
3.2293884
3.6307108
2.4033444
8.7373426
3.0530213
1.1300055
2.5290154
2.4517483
2.9175647
4.2183218
1.6635407
2.5375065
3.9198731
2.5066801
3.7024319
4.9081268
0.3787839
2.5402977
2.3344333
3.8694703
3.3675777
2.6254021
3.8903641
1.3827218
4.1139312
3.6868398
5.9001808
5.6963239
3.2334636
1.8647221
5.3719152
3.9665260
7.1426443
2.2767240
2.2923049
8.2655029
1.9703372
6.4190778
5.5783619
2.5642585
4.5367680
6.5653424
1.6546019
10.7566942
8.3414417
2.8105236
4.5556951
2.5209096
2.6981813
1.7230487
3.3873775
4.1940246
2.5653371
8.2188747
3.0500134
4.3295378
6.5888570
2.2356684
3.3614170
2.5921526
5.5271989
4.3721968
3.3483863
3.8103218
4.6265518
5.0658445
4.2395377
3.3351210
1.3729206
7.6484765
2.1011178
10.0824581
2.8372770
2.6474415
6.0711289
2.4175092
2.0618014
3.7301503
6.6006260
5.6183835
3.7487906
5.0067515
2.9622616
3.3191339
1.5363881
2.1146531
3.0522574
2.7601239
5.0563894
7.0467853
7.6836616
3.2647922
4.8347638
5.8856191
6.4001641
2.1652639
2.2941269
3.2822714
7.8879935
4.3207729
9.2708474
6.9350904
7.4818171
5.5718910
3.6589736
1.8251838
4.9383623
16.6433032
1.9837144
6.4669302
2.1746846
17.8594774
2.1719808
17.0062558
23.4337213
23.6822191
11.4141457
10.5448906
38.4577777
8.6717914
10.7786894
7.9934482
15.5111624
36.0279105
10.5725906
7.9598607
2.9449739
26.6175511
28.3736382
5.3707556
11.0522747
7.6464009
80.0284346
5.5912821
4.7865070
18.0269655
7.8467277
3.0686410
2.4519056
11.3009137
14.8056336
3.1489126
18.8667706
23.3819943
6.7561220
4.3142521
4.7915196
2.5169620
2.2742040
1.2985619
6.4631410
3.0415547
8.7112506
3.8282027
1.7126765
2.3072445
4.5284175
2.8095276
6.0804839
2.5749885
3.5269229
1.4871738
9.3686063
15.9768324
4.9627947
5.2526991
4.4177839
2.2506202
5.4900378
1.1131974
9.3310395
7.9570131
1.1477265
1.0436015
2.2685383
1.4574727
3.0274660
1.7733324
3.5592028
2.8948361
3.1274611
1.3250935
2.1748682
1.0190400
2.9595185
4.1829849
1.7529731
1.2172890
2.8340214
4.9499734
1.9836305
2.8987640
2.3135258
3.1967007
3.2039868
2.1242089
3.5899997
3.6510768
4.0314240
2.8764260
2.4456234
2.7851142
2.5317445
1.8298234
2.0593164
2.3828573
4.5339233
2.5278694
1.8685503
1.4196240
2.8286837
5.1039038
0.7101791
1.7765210
1.7722092
1.4005340
1.8267705
6.4846686
2.7414022
5.6181523
2.6648012
2.6782033
2.3449408
2.2829636
2.6473533
1.7778067
1.7383491
2.8526069
1.1118875
1.4170274
3.3482849
1.5223260
2.1637759
2.0041226
3.9902131
4.9935801
2.3414201
1.5718761
2.5039680
5.8218964
1.9481829
1.8466248
1.8597917
0.5602955
0.3989081
2.5976992
3.0391108
1.9561847
2.0926027
5.9332732
4.1341847
3.5408123
1.4192124
1.3651012
2.0114168
3.0887888
4.0095069
5.1714931
3.9277343
2.0949018
1.7243752
3.3135589
2.3232544
2.5144571
4.9820824
5.2432435
4.4346712
2.6572712
2.8207539
1.7350051
3.4683024
1.9881022
2.5968132
5.5100878
2.0206097
3.1086925
4.9617019
4.0697467
1.5273651
2.7175560
2.3685662
1.5270520
3.7414498
1.3315331
1.1479805
0.9569024
1.9217210
9.3495673
2.1876042
3.3152965
5.1944943
4.9214384
4.8517963
9.2119344
3.8488406
3.8191869
3.3983173
8.3239851
23.8410284
3.2046134
4.9398175
4.3655252
0.9039545
4.7964597
4.3827086
4.0955953
6.1785056
4.5336271
2.1397019
1.4302483
2.5770532
3.4180561
4.2738322
5.0842811
0.3734162
3.0441548
6.4572528
4.9665490
3.0337936
0.9480627
7.5763654
8.0168793
9.6096469
5.3549873
3.9784254
5.7777204
2.5702224
5.3567506
3.6696405
32.3524429
4.2537865
4.9871006
4.7410407
12.7329248
2.5328858
9.4991867
3.1701547
3.5245543
7.4410825
3.4954270
3.9641565
4.7277476
4.9454179
5.3577938
4.0705971
6.0923457
8.8226758
5.5028172
13.1458467
2.8433223
13.2818105
3.6049789
10.2093488
2.0001684
2.9888189
3.8943868
20.7948731
3.3902659
3.4196637
4.1062680
5.9083972
5.7835454
6.6932622
7.5938245
4.7075170
5.1994344
3.9764108
4.6859263
1.3420394
7.0501298
5.3658872
1.6936600
2.2689639
2.2817633
1.7481015
2.6319726
8.9649314
3.0421434
2.3577492
4.5549556
2.0123780
3.6348041
0.3115458
2.4565527
2.4869533
3.5960202
6.2217596
3.5459412
4.9137303
5.9547794
2.2587681
5.7816998
3.2823326
2.7674392
4.1635426
2.6648640
1.0008600
4.0345968
2.2396343
1.4650200
12.2764641
10.7547241
4.2236927
2.3261233
4.6334430
2.9180099
5.6125658
7.2118730
7.7078246
3.2874276
10.5102360
5.4473563
3.8277915
6.4202852
6.2646079
4.7439402
4.0957463
3.7302380
4.6427874
2.2271342
2.1325675
1.5040760
14.9885651
4.6489777
11.8256756
8.0169695
18.0707369
7.6345003
3.0060054
7.0363848
1.5854200
7.4524989
39.3012734
12.5535318
15.9710182
3.2511298
12.2350539
2.6688207
24.5598955
3.5529970
29.1096281
5.0022742
8.8706589
16.1544572
176.8975973
172.7146658
7.4366996
9.6874352
20.9522789
3.6688548
5.2114877
5.7063796
19.4248767
12.8542576
6.5329552
31.1324146
165.1191485
19.9753341
5.6824688
15.8994265
11.7376433
1.5568816
179.4853215
55.2559349
20.4559274
60.1906209
14.2814542
5.1425667
177.5852304
13.0912401
3.5317247
6.5241452
4.1585780
22.2258487
7.0310173
151.6008446
6.3869205
16.4531795
14.9400508
171.0643199
21.4080824
14.3161069
175.3040704
11.8348283
162.7982217
70.5435836
84.5675334
153.1224103
22.1285638
18.3368589
141.1443523
11.3672847
6.0178951
4.6283356
7.3302380
10.9624270
2.9197115
5.8256943
4.2142481
3.7469803
4.0280681
7.7803242
6.5456503
48.3829848
2.3102425
6.9040643
20.3982860
13.3747194
6.8718018
1.9171329
35.9909285
3.7072941
8.1289630
18.3694793
4.8986789
2.2011115
6.4880541
6.0719666
5.5662838
1.9023675
17.8946736
9.3157480
5.1542865
18.3677485
11.8979579
173.9162072
14.0901885
4.1450048
7.8265256
132.9634986
156.7171140
13.7402132
7.5995069
4.4071617
3.4207593
14.5436517
9.5229737
2.8135191
1.1828040
3.4727030
36.6079259
16.3222832
10.7388163
5.7813112
5.3772412
14.0993039
30.0374840
21.5783049
1.9395658
3.3372817
14.9158989
38.0369497
15.3013821
18.3084264
17.2664075
135.5166851
15.5919708
17.1981496
16.0900557
7.7618655
19.4279981
100.8431912
12.4843733
12.0668238
11.3544357
33.4062017
171.7104148
51.3885505
142.1697516
119.3946985
18.0616992
164.3909664
20.5086578
12.0416883
117.5695067
11.4455427
7.5556336
2.3833816
10.6148860
5.2095818
11.7859054
8.4666848
5.3081014
49.7172983
46.4103895
5.1871761
6.6346789
9.0803969
6.5752395
11.5846067
29.1646190
30.9610020
23.9535932
7.3712730
64.9438296
11.9487152
81.0822913
46.2968488
52.1726178
43.1988944
132.1683191
64.8827728
30.7243478
175.1879626
48.4149227
30.8673852
3.6141206
6.2018923
3.5603254
4.3912691
22.0313502
4.1735028
4.0293262
2.5286884
20.0821963
10.6101107
2.5926264
5.6973696
6.5940607
17.6287412
14.1290522
16.7879424
19.9521200
6.3978619
5.8332624
10.3721796
7.8398084
7.4064159
7.4489266
16.5312615
6.4794871
11.3550860
12.2097843
9.1807574
10.7137908
2.3005672
16.8677849
172.5261749
11.3224555
86.2448376
18.1948509
6.7458200
25.1096169
26.0956774
7.8772677
9.6584381
10.9834659
14.3423687
4.7716888
3.9259425
2.8453929
3.9385238
10.6020697
7.1863418
9.2139734
4.8570836
5.9566372
5.7823479
7.0633566
3.0029627
5.1437336
8.3132005
4.8123696
10.1352600
4.0682212
20.3523868
7.0341518
3.3884837
13.1101619
8.6674662
3.6234609
7.6810448
10.3591065
2.1268939
7.7952335
0.9966170
5.2898272
2.9049639
5.9621081
5.8991352
5.0687202
7.1446385
2.9461564
4.4040624
3.7467577
1.8172331
6.1285765
14.0830448
11.1162998
4.9915238
10.4600790
8.2349934
4.4519102
8.3735430
11.9537739
22.0670939
15.1136599
14.1791843
8.2994455
2.9573156
9.4178735
25.0938306
5.1764091
6.5041183
8.3130111
4.3839572
3.6001708
3.7483924
14.8371795
8.7127035
6.5364788
9.3438038
3.8097035
3.2380256
4.0136117
8.4697532
12.2677067
10.3438630
15.3714005
6.9952356
2.4852179
22.6289349
13.9330187
8.0622013
22.3683267
5.2785214
1.9720112
1.0954957
16.9671255
6.7358281
4.1011915
5.6496788
6.1904120
3.8760313
14.4001241
5.5907164
55.4092222
42.5689585
10.1191235
5.0434506
11.0739256
3.4567400
17.9877145
3.4913228
5.4276594
2.9837523
11.1812623
5.8134607
9.9260436
15.7595558
6.4177357
15.5906370
5.0060107
28.9376458
99.0426964
3.5531114
2.2193177
14.7529302
9.5975901
179.7417207
42.2572510
3.9476992
5.6396632
13.7916945
49.7479014
71.8056131
21.4213510
11.4172066
33.1402380
5.1294777
169.9694811
12.2815620
13.3006463
2.8128275
7.4482712
6.5019464
2.8765441
9.3092686
3.7708004
9.5483526
6.3953264
13.5367915
5.1564142
8.8539996
4.8512149
4.8133536
3.7975381
4.0746755
6.9201105
9.2851272
6.2201956
6.1696618
3.1361232
3.0754128
1.9811236
10.8235293
4.9114778
5.3553292
10.2160385
9.4867090
34.0741824
13.1478381
28.0208919
9.7142612
4.8657652
3.4989616
3.0549039
1.6421382
4.0216675
5.4138272
10.6201329
3.6188837
9.2151953
2.4579256
3.6999073
2.5881621
3.5032253
3.8220718
4.0209588
11.0468282
1.6597519
6.7923742
6.9692895
11.1639807
4.7862013
3.3007479
2.5929012
7.1152910
2.8858289
6.5340364
9.6415947
9.9754956
27.9827571
4.6135829
4.7646050
2.3350273
2.4810023
0.5115101
5.8268909
0.7560984
5.4225748
3.9217160
11.5986050
3.7987152
5.4046229
2.1077716
2.9889222
3.0800608
3.0991588
2.1831486
6.8304201
4.7745523
2.8073207
3.3149467
4.0634560
6.9566901
16.8071380
5.4581816
3.2387979
3.8182442
11.0523010
20.4082340
7.5578346
4.5928120
4.4941947
2.8248006
2.3336100
1.7434308
1.9512368
2.8818211
2.5674677
4.2861030
3.5266169
7.3070437
4.2095879
4.7633713
5.2041263
1.1461433
2.4389964
1.5790245
3.1036322
4.3916364
8.9218905
8.1889640
14.3277498
5.5167349
7.3395862
5.3216837
12.8972586
9.8710022
5.4362809
5.3311504
2.1793596
11.3130740
6.6236001
8.7818472
140.2492534
6.8508223
29.2259063
29.5210887
1.9825101
21.5177064
3.3310589
4.8166170
9.4552636
8.2159363
17.1121261
2.8520762
3.4045639
3.2929503
9.7232861
20.4784631
10.2682433
13.5474857
29.4161055
8.8854892
12.7051371
16.8601902
10.7430053
5.4707740
2.4169086
10.8638937
6.8508338
7.2183483
3.5554324
20.4527963
7.8967715
3.9330262
5.0022816
1.6744928
3.2229237
10.8590598
6.1407123
14.0929330
4.5597803
5.6423450
9.2627168
9.0193741
4.0432600
5.0992530
6.2231607
19.8216449
24.1305813
1.8524829
7.4959094
5.1851393
12.7848793
11.7323984
7.2376122
5.3192890
3.8663588
4.7739254
5.6882009
2.5225709
8.9405267
5.3018748
1.0015343
2.9885217
8.3129330
8.1702088
2.7685727
2.5057773
4.1429768
18.1522993
2.9025215
7.6346945
7.9995340
12.8325927
4.8966949
44.3606509
10.2140653
5.5347992
6.2160366
2.1265604
4.9116211
66.0844454
13.6628597
173.4073330
146.4047405
35.0029165
162.0533440
16.1931564
1.7295955
173.4597369
5.0303255
9.7580127
2.5824323
7.2576896
3.5102758
53.6227085
147.2916148
39.1727086
12.2270195
178.0161039
3.8466111
34.2174823
6.1671337
27.3386334
4.0222034
15.4851863
15.1974211
6.2098503
4.6797032
3.4690660
5.7069146
7.3973265
1.4745769
4.2597686
1.0472938
8.4460813
3.6240010
23.5542277
6.2002465
8.0952052
6.7523129
8.7832495
19.1355031
5.2817279
21.5381386
9.8681600
10.7221711
2.3137952
4.4586321
3.9657276
5.6848872
10.7026014
4.4472094
166.6910241
4.8880447
6.9259789
139.4224296
11.5691665
158.6895433
174.5922222
169.2636685
14.5564510
38.5779389
9.2763749
22.8593104
84.7901008
158.9084266
47.2224091
62.8805340
3.3123992
147.0835070
165.7304037
4.3449240
7.9357284
5.0337438
2.2467603
2.1932765
2.8526538
69.7307745
13.6994976
12.7141251
2.1238881
2.7091782
3.3166098
2.0927816
10.0570921
8.4096712
2.2189572
5.5404315
10.4163329
2.5752580
2.1111372
3.5452595
3.3912759
4.7776440
11.6671371
3.5566957
2.5508654
6.9980786
1.5213263
126.5951162
172.4586577
5.4778242
3.9009314
8.9611359
16.2654084
6.4325976
5.1261304
3.5544341
5.9654682
3.8996607
1.9420927
3.9154247
5.0948841
1.0641381
2.4452244
1.4982030
2.1150636
2.0816831
0.9655281
3.1883773
1.2997734
2.2556038
1.4299547
3.4538579
2.7589831
5.1062932
2.6633155
3.0451851
1.0851329
8.4965678
1.5478913
0.9171208
5.1295552
1.1695949
1.0288165
2.1720008
2.9122066
1.7003401
5.3037717
2.8157958
2.0555391
1.7239894
2.9402383
3.7836990
3.5033150
8.4548774
12.5924191
4.0288664
4.9856802
6.0407403
6.4944137
11.3854796
3.9726402
14.3575905
18.8963330
10.9601147
8.1760800
17.0738585
2.9273705
3.0159797
9.9249816
38.8206613
110.7756105
111.2000743
137.3431725
9.7165654
14.1579352
35.4918019
5.5546975
174.4035388
6.1864939
13.6407364
3.1660255
13.0894799
2.9115253
7.8007909
173.2383190
175.7341579
16.8208904
109.6413358
161.2864560
28.8554320
171.0167782
3.3925149
141.3209806
144.4328311
165.6338835
12.2400227
5.8861180
42.7769659
5.7387070
2.2598276
177.0056169
158.2604463
173.5317144
22.6019622
5.6032328
18.5991197
29.5546970
4.8723398
17.4396772
119.2460221
34.3481849
178.3472718
177.7210118
12.5110692
159.1026823
179.0289339
11.3254883
26.6734520
7.9224261
172.8571316
10.1223268
161.2314591
39.7800160
165.7561160
23.5535118
10.6793640
164.0159700
17.6031908
13.0226138
174.1386756
9.2488094
13.8183112
10.1974862
12.1438756
13.4518256
6.3523894
174.8768825
9.4432468
13.1028632
24.5806634
13.0322233
44.9612725
14.2029755
11.1068244
170.3272042
27.7502948
158.5891475
166.8890823
22.8232477
173.9259701
160.2210887
39.8657330
160.9029922
168.6604646
110.6795613
45.9210329
8.6693592
3.0017145
3.1466510
22.3150237
7.5479852
140.4711933
8.1278987
175.9753685
6.8324032
4.2407145
179.5961038
14.0978712
10.4202170
17.4142312
2.4090682
8.2304460
10.4656213
39.7165443
178.5816255
19.6089959
109.7213460
158.2980653
147.9941981
157.4169072
11.8355953
164.2604007
4.7663940
173.2454471
177.7202124
175.8153041
39.0669168
161.8538135
162.9359578
135.3114444
70.7479278
149.9003027
35.4136721
25.9914812
80.9067196
34.6822975
99.9009907
1.1411561
85.2256166
15.1910835
87.7047135
89.6526527
177.0793603
15.2699444
157.4200053
10.7169004
99.2514680
21.6931755
9.4286637
146.4119656
59.0228020
24.3744778
98.8022544
169.5607232
165.3379023
92.1711081
3.2421349
98.5796807
15.2153162
176.2677391
74.4582161
10.8447663
10.9727573
171.7808508
172.7916033
155.6116718
174.7030234
104.0769035
65.5438792
14.5290236
84.3389414
4.9318637
5.8072075
6.2104148
133.8968287
28.6416201
9.3341100
153.4372668
167.3669122
29.2686639
4.4391012
43.9056081
23.3836143
21.5857734
3.5622810
151.0154118
177.1642774
7.6928703
7.4312131
152.1531118
161.3034501
18.7468841
10.7830121
2.8613196
39.4512147
177.8608466
169.5924980
165.4358317
12.7226366
157.9796610
143.4468100
2.1143889
134.6895751
4.0286282
161.3042172
24.5644743
160.8362201
21.6192376
14.8299028
33.3389457
173.4098541
179.7129144
5.8318911
27.3155278
15.1232116
160.8727116
7.8393744
50.0810672
20.2201448
162.2994773
7.5513509
23.5693306
7.4738533
176.7829040
152.8290094
65.1919609
80.6130837
46.8075654
3.5367234
37.4976695
168.2006818
144.2175674
41.1559650
139.9881155
55.9784854
16.8163791
8.9510736
36.7524592
137.0436773
35.8758394
28.1937130
16.1264109
6.5182225
7.3871298
1.9408551
9.4644697
7.5301033
9.0352262
5.1160645
4.4522836
7.2111071
14.3085191
10.1298831
16.2179425
5.0379068
1.7058244
9.4713100
7.1259706
8.5359583
13.8131425
16.2904111
6.8029809
6.9837733
8.7394734
11.0333840
5.0926849
6.6067904
9.9074231
10.5853336
2.0384914
6.2753334
13.5776921
3.2205253
28.3231365
4.5888365
12.1093630
2.9804789
17.6474964
3.7356109
6.0252542
7.3962710
1.3850045
14.8956755
6.5316167
4.4310501
2.7014426
14.3707146
3.7898956
2.8696499
4.9893224
1.9319738
1.9080071
10.1405078
1.4433850
2.9170079
5.9669662
17.4325302
1.7506993
3.9635440
5.8741430
3.4787644
6.5235447
4.0647161
8.7427605
1.8456703
9.3569950
10.1151178
5.3565002
4.0393808
5.7774436
13.8028054
2.0927976
8.1460357
8.6940083
1.2321240
5.3366853
1.9067355
2.7826902
2.2530457
4.4676050
2.7443068
2.1729762
2.7247034
14.2670583
12.1927854
5.9523354
6.2279036
7.8581295
12.0112164
1.7598258
2.5230889
2.1064980
1.3692387
37.9228846
5.4952604
3.1388869
9.2639277
10.6772091
4.3696364
6.8183642
14.3731832
4.4288021
16.4012708
8.1944735
10.1496577
2.7038212
3.2544095
7.6357886
1.4986939
6.0225799
0.4101508
9.4279393
15.8121354
7.0570376
2.4255272
6.7904610
4.5394007
4.7978849
4.9730817
10.0371032
8.1218396
14.4625381
6.2333920
16.3450996
15.4848847
6.9590776
1.3890359
3.9902113
4.0784393
5.4120167
2.7636736
4.7791012
2.0117144
6.0413596
3.3691232
5.5223785
9.2162026
3.4573516
1.2460785
6.4135816
5.9610617
9.8768334
2.7759615
3.7253360
2.8359741
4.9329788
14.5700206
2.1026282
23.2707951
25.4321746
15.2106720
12.8909798
2.5455227
4.9811883
4.4649986
13.5458795
7.1291657
1.7225438
9.5464693
10.9848370
18.8918226
12.7502276
9.4522695
11.5745608
17.5725397
9.5864723
6.8327391
3.1005764
10.5634920
10.8167642
6.1142961
13.7121720
7.3581062
5.0455105
2.0244679
8.0858662
3.1769143
10.5365495
18.3281701
13.5088417
9.8603450
10.8265417
9.7619875
8.6415271
19.3639170
5.7258301
2.7185497
5.1268435
4.6403285
5.2052519
7.4794962
2.2166373
7.5835286
8.1079531
6.0191077
3.9223300
11.3869390
32.0893799
9.6648340
3.7650010
4.3087378
5.4863442
9.7973106
17.1501111
129.0124302
7.2630120
6.3119640
19.2944861
2.1916704
8.7330299
10.6670810
11.7459429
17.1962239
7.4392488
5.7971209
7.3593728
4.3897194
27.5903019
4.2304818
34.7555877
10.1125245
16.8821805
5.8594469
11.7128378
6.2022239
149.4782245
16.4536395
6.3802019
5.5633885
2.9589600
1.1078233
26.1232047
18.5183423
7.3399084
4.0006809
12.2687215
92.4562639
143.7803894
154.2738488
6.3720403
6.3633536
4.5160757
7.4223870
5.4456756
2.7667021
0.8180548
0.9381745
8.4621065
5.5465047
7.0125252
2.6300971
9.4788063
3.0322566
158.9966021
7.7569290
12.3761584
1.6931757
9.8687459
10.8977844
2.1083415
1.3288227
4.3015897
3.7861675
10.2860942
13.9335814
14.2136879
3.2285036
11.7974883
17.5112118
8.3488265
3.1130394
4.4094441
2.3708254
6.9336314
8.5553112
7.0906092
12.3837142
4.6650497
11.8765135
2.9817174
12.7406740
12.1047945
2.0466483
5.3210716
7.4375246
11.1924087
5.5260837
12.6329927
1.2964154
3.7217585
3.6090282
7.4480167
23.6369616
11.2713306
3.5854565
2.3081890
5.4200039
6.5637787
7.4293015
4.9888518
8.8977852
7.2018512
5.3863530
2.4253456
5.6545195
7.7075100
4.0732633
1.2919365
19.8906464
0.7528883
14.8080430
5.0692169
5.6241014
14.2003982
6.6052498
4.3397148
4.2551280
4.2546365
4.7932617
7.8487077
4.9712229
5.7545516
4.5238944
21.1038028
10.8860175
8.1499102
11.4402226
11.4921886
3.7426540
11.0345532
5.2052194
12.6149163
14.2529297
9.3906260
5.0386766
8.7162873
13.4035847
10.3370484
6.6513191
13.7527326
9.0461270
178.2479610
31.8503841
14.8127272
18.6144818
8.6548998
24.9493576
7.2228337
14.1870815
8.8277648
8.1025605
5.4234526
23.5160331
7.6391082
15.5644708
9.7907354
27.5598825
23.1742479
19.0319639
13.8009978
15.7910671
41.3348869
20.7528129
16.7066459
14.5098112
16.5030434
4.6602282
7.8634931
22.0302934
21.9883594
136.6941165
173.2162957
11.8086355
8.9810328
23.5515089
21.2901457
166.2980930
20.7198972
144.8715145
13.9735089
9.6211397
4.1604162
19.7233554
13.3239315
16.1744820
167.7667941
1.3396665
138.9985567
10.9966881
33.1452330
120.5643357
3.2832746
13.8926903
20.1149057
88.3925304
12.6604521
75.2780404
3.5557711
144.8112549
11.5230060
8.7268923
34.4147277
66.9197170
22.2225607
12.5897541
11.8235437
10.9874005
59.6987962
68.5221907
68.2060924
11.0837440
21.7291449
19.2889587
12.5533339
16.0543862
26.7960093
30.8250831
7.9797008
18.3569903
13.9224884
6.7610576
25.9573845
37.4035282
175.8355398
60.6785141
153.7262439
64.0328858
65.4905579
36.4172745
139.2454687
90.6287766
87.8868808
84.7692866
79.8099620
54.6312837
85.2099408
85.3796273
89.6683688
82.4149553
83.7081143
79.5039389
112.0929877
64.9388394
106.8576052
100.7142159
65.2985171
65.5250087
141.1639498
103.3559286
95.4166971
74.7276823
81.8150672
74.0786502
78.7020768
93.9834437
77.3681724
82.0063114
94.6291654
78.6076836
71.6822200
47.9822085
78.1185240
83.3536905
76.2502457
76.2299460
69.1864306
70.7726474
72.4059468
10.9213629
8.8764144
2.0622309
15.3163309
8.8673568
8.8241932
9.8966690
8.0702478
3.0145745
5.2391459
9.9756005
3.5024150
2.1343716
5.7885334
3.5480687
8.2840170
1.5901102
2.8983507
1.3845675
3.2230476
2.4633019
5.8538854
4.2880406
5.4849833
3.9982408
5.3573867
4.6119829
2.2740716
2.5390833
2.4391247
4.9593277
4.2348258
3.6834817
1.7237039
4.1909809
5.2635442
4.8917627
3.3288014
1.0012382
7.4196256
1.8288638
3.8603601
3.1907520
4.7511470
2.5501285
1.8318818
10.4217682
2.5940421
3.6661665
6.7724262
2.2004173
5.2448227
1.5370195
1.7221614
5.5964300
1.7400409
2.1969313
3.3395251
4.6347178
2.8940915
4.3994845
2.2763674
3.0205891
3.0228611
5.1744922
5.1057019
6.9742240
7.1740206
1.6258233
1.6547807
2.3348481
4.9286671
6.2892424
2.4994156
1.3994967
0.7337714
3.4304943
27.7042997
14.2551021
4.1328081
10.0668441
1.2646427
0.8163834
2.3381770
8.5836330
3.6474352
10.0761090
4.0926681
4.5114027
4.9767915
2.0473040
0.6447450
4.0908726
0.7374643
7.0541808
1.6157348
5.5331898
3.9625990
0.2237960
1.0510223
5.0241118
6.8695903
11.5881092
16.7100382
11.7563643
4.2489250
3.5107150
19.1469327
4.8330519
6.2599268
7.1329364
10.8849213
10.9930899
3.5372768
4.4658326
2.3770891
6.8483034
5.3449415
5.6537813
7.5176854
4.0771189
5.3218530
4.1827134
6.2190583
4.2433032
4.4393124
5.1288089
1.6362970
4.6185653
11.2909981
9.2809958
6.3363308
2.9528219
5.2703348
5.5751971
1.5207013
3.8630839
8.2829815
2.1314576
1.3716084
1.6764663
6.7517080
6.0563594
2.4806169
9.2188147
1.5728316
15.8808626
2.7762264
9.9487872
4.6613338
1.9693179
4.4325230
8.6013576
5.8368925
6.6278195
18.4106600
10.3981220
4.8168856
12.2334908
4.7639558
3.5584630
28.2271396
20.9169755
1.3476715
29.1235454
20.0794503
25.0245514
25.7203086
23.4320101
18.3139660
25.7918095
24.5795520
21.9794393
16.9039062
16.1736895
23.8222888
21.5046891
4.3349099
2.2161137
18.9873704
15.4026917
19.2639916
7.0347974
11.2130192
5.6308814
3.0773148
3.4794035
8.4743107
8.0316777
3.8066427
6.6662579
11.7355576
4.2912622
11.2839950
6.8832476
16.1533533
11.7248089
16.8880969
6.4462796
3.3335875
6.2195311
5.2425912
10.5912486
8.6847046
6.2900945
4.3320247
6.9511067
11.6061300
2.7020545
11.5512433
4.5336646
2.4330522
2.8689595
2.2512331
2.4312882
8.6708124
5.7833026
0.5867302
3.1268782
5.5349956
4.8655750
3.7696396
11.7547544
4.7970811
4.9379116
2.0539907
15.8900742
4.4134856
8.1915188
4.7243978
2.4957150
2.0167907
0.8967814
5.8159120
2.0781044
4.5996953
11.8649918
6.0621163
4.1269872
9.9768689
7.3518047
0.8456935
4.7993551
5.0233557
10.4561593
4.8654860
8.8966509
5.2695481
8.8542100
5.0301116
2.3357730
4.8749163
7.6674392
3.2271096
10.2846214
5.2489883
8.0645698
6.5917292
7.7785439
6.8250598
11.4820872
7.2354307
7.3545995
6.3321878
25.2223292
16.7893352
10.4510040
13.5386887
8.8393470
16.5637177
4.0977786
5.0420106
5.5481619
6.3824749
9.6609942
4.0189417
46.5606352
5.1073142
11.6090313
7.0432671
8.9245774
11.4382527
22.3312147
174.5830734
22.1678708
12.4082899
23.0812565
22.3182028
2.9724539
167.0100808
10.1501012
5.2383948
5.5188899
12.9452529
12.6380414
159.4636877
176.9496144
6.1292298
5.9046237
4.4883421
2.9363659
4.9399768
176.9782848
4.9011485
5.5071321
8.0427010
35.1469855
3.7043734
166.5447022
13.0406660
7.9025804
160.6491218
34.4534563
5.7733749
3.3817171
175.4651979
11.7666788
177.5379757
11.7475335
5.5552276
11.1460537
170.3933972
13.5961851
158.8401659
11.7319179
12.7159511
38.8849753
10.4478526
18.8932409
15.3993421
88.0934897
177.5334321
67.0017052
86.5603471
33.1663279
17.4523236
66.0760744
46.2809382
97.1151500
153.3532540
107.8294814
113.7932939
103.0506014
97.8376923
98.2918609
20.0453019
158.4167008
177.9216482
178.4483309
155.0237219
7.3089784
17.2839955
44.5782214
19.6229158
176.4826856
112.4393873
59.8592216
51.8748601
81.3796191
68.5067232
12.0566589
13.4343090
14.4707591
103.5263571
31.2558319
161.0462868
44.0607395
18.6921346
21.5910374
179.6979406
157.2908994
135.1524045
133.9560473
176.4484605
176.3284283
176.8162628
39.4244392
96.1280539
43.0325128
155.7531294
7.0805508
37.5102054
168.1095286
158.7433780
158.9892244
40.2379943
107.5193314
8.8341907
1.8795097
3.1874841
8.7305974
9.8177544
12.6800323
2.9134723
2.1188241
4.4349399
4.0023250
7.9977214
1.5905134
2.2037601
2.2782913
2.6536609
1.7341317
2.0975367
1.7006950
1.4678567
1.6476606
4.4800108
1.3216738
4.5426072
1.4073261
4.5197277
0.9567837
1.4171906
2.7725619
1.6133414
0.9426457
2.7684578
1.5999520
1.5135642
4.0633170
1.4961824
2.3355243
3.7364412
3.4905498
6.6431090
2.6692319
3.8996034
3.5096462
1.3443380
21.4788258
1.8846500
4.6856773
4.3494527
6.8779950
2.1406184
13.8388759
10.8126571
3.3146251
4.8452263
20.0811051
1.7470487
1.6076467
14.6910581
4.5260011
4.0413665
3.1828702
4.6309355
3.8997690
1.5529319
5.3795691
11.6389740
1.6515644
4.2829159
5.4914458
6.3325189
4.9805380
4.1289615
6.6891764
4.5541867
7.9434125
6.1157083
1.9474405
4.7234761
3.9810911
13.0372299
35.8164847
3.9082538
42.9073131
60.1023773
13.8471830
38.8625409
7.8689832
4.5232390
11.4260753
3.3632512
5.9119029
7.7824425
8.9498370
5.3351236
2.8042655
2.7762655
8.9323667
13.2205015
7.8420755
4.6256147
6.2166161
12.5444464
9.9422408
6.3518057
6.3044408
6.2185954
5.1186802
9.9569617
4.3321803
8.7784645
9.5589218
7.5161670
4.6578561
6.2000135
