8.1691184
5.7651977
11.2563108
258.2402202
9.5122490
5.4781006
6.6403139
9.9213192
8.6687601
9.2112272
276.4770671
237.6180302
9.4176515
263.3204890
8.2291666
8.0428207
293.5493796
8.7568273
6.0233571
5.8450263
7.3166909
7.2872633
5.6360352
7.3972683
2.3257079
2.9152824
2.6558667
6.5301727
246.0850546
279.4750647
253.6811238
261.7553796
299.3783112
6.7358242
7.5795266
185.2077757
8.5945362
256.7762110
17.6731696
13.2435383
7.2216294
18.0455439
7.0747276
6.0467752
10.5498364
10.6550077
6.6618777
5.8014972
223.5689103
9.7920964
5.4378079
241.2910286
250.4077225
271.5521274
220.3789969
228.6663098
282.7744617
276.4919796
284.8614129
232.2119493
257.1338373
243.5091823
78.4796417
396.5628445
27.6117733
24.8743133
36.8288036
35.8915141
199.5761782
14.8671963
34.0525699
12.4566397
9.2339847
27.2271582
2.4050948
5.2102238
5.3563253
20.3729514
41.0585189
20.7740683
6.0699072
24.0618772
11.0478462
34.5626202
12.0855820
13.9740575
10.7284924
5.0080391
14.1679065
5.1577520
6.1886384
3.9712137
5.3430603
6.6450968
21.6139207
7.4002406
2.8568605
3.9524157
2.6734678
9.7796578
4.7043396
27.0218639
11.2786887
8.4177788
23.8080700
12.0634618
7.9278171
1.4951451
4.7969741
0.6249176
3.8115814
4.2886952
4.4637946
4.3245372
1.5640909
4.5844791
3.0280297
5.2807687
5.6542751
3.5240880
3.4679277
8.5675348
1.7489462
13.0443119
6.5820843
0.9113103
6.5802292
1.9500148
7.3964349
4.9803077
1.8082808
1.7612671
2.9385513
1.1050841
2.2775232
1.7894845
3.5524989
1.5317247
2.0992241
6.0750723
5.4817208
2.3696958
3.9344027
2.1695455
3.8083817
1.3949627
1.8499070
1.6193831
4.5069364
0.9934137
3.6719892
1.5325652
4.1050803
215.4140669
11.7786571
20.6452581
5.8367705
2.1120969
13.3808387
6.6884249
9.9714326
9.6915219
11.3980693
16.8376446
182.0107967
13.2039839
34.2323803
16.3946385
12.4908930
15.9830403
25.5262380
14.1680685
18.7993596
45.8834765
22.7654434
29.1152925
19.0076833
35.4376472
47.7859753
42.5111318
83.2767801
89.7685479
142.8123426
24.2871398
34.7207250
57.5245117
6.0830298
14.4679502
37.1152185
11.4150048
4.5291358
11.6184140
38.7863954
45.3889414
13.4255716
143.8090386
11.1959053
120.5027964
24.4581154
13.7286126
13.3000149
4.9997045
5.5775221
7.9110087
9.7880306
16.4122537
6.8343411
3.3510741
7.3626300
6.2061967
20.3095810
121.7133531
32.6552439
96.6391711
290.8683223
102.3284277
20.2835042
308.2448579
114.4997127
16.0057055
206.4072562
48.2648918
31.0893281
232.4554016
215.6903079
194.8975016
2.0904482
5.3595882
188.2672300
87.8709082
12.4962810
4.4523237
134.9330990
231.1399043
132.4635122
130.5830720
145.4908969
162.9782267
27.4950240
64.1005397
109.6295186
10.7929810
84.2776472
65.0486846
14.6544421
18.4002125
28.2860601
16.0516905
48.5188419
19.1181377
12.7802385
5.2652884
3.3661604
90.4928618
5.3996724
7.8812466
10.8826207
7.7843026
107.8301102
69.1991516
3.2563056
5.8677104
10.5389727
74.7643293
62.8506834
17.3244063
8.0526644
5.7251749
251.2095902
20.3680092
18.7691400
49.3493096
301.0135919
284.7628130
290.2123345
110.4468307
129.3114984
316.2320123
135.1356848
138.1711046
63.6054216
7.6981823
196.7093919
291.9500041
328.9119453
10.1084605
247.0728264
141.2111560
385.6493099
170.0001038
1.5682477
13.5009006
13.7278130
112.2316424
40.0896256
185.8702576
351.3492002
101.1844831
180.7512188
180.7010410
319.8515287
209.6369246
119.8699190
23.7554124
31.5287579
80.4886102
8.4582720
200.3681683
229.3453101
241.6558989
164.7571419
57.4236784
244.0016868
153.0352468
108.9325199
123.4250982
11.0321939
8.2129709
69.4222205
81.5485845
314.5043661
49.8780167
438.2786133
18.0839101
309.8988007
221.7780961
272.0664897
225.8574232
126.4525740
15.5638093
70.4680789
259.3289402
31.7820323
291.5224004
334.6337845
268.2926997
17.9046453
32.5345834
247.7620562
87.2960122
105.9383721
61.6849495
187.3574594
3.2722283
14.9448672
17.4683936
443.3975052
268.9940344
6.1277513
116.6125934
127.9031569
4.4086250
320.7291774
11.7044271
117.2634841
7.7019904
293.1601813
287.2537761
38.9506541
7.9540763
293.8459430
5.7393475
16.4493970
8.4612299
12.6750316
9.0237852
50.5846095
4.2339047
304.5754472
80.3235567
10.3442427
89.9509537
403.3051264
272.5136238
47.1126248
10.8511006
16.6952811
20.8701415
5.0706144
9.0609370
8.8599022
319.4069131
19.1071434
19.3562740
16.6702417
9.4914495
7.6580241
3.9559500
17.0704703
14.2040455
28.5294305
2.4944347
10.1036107
429.0484165
4.4851095
2.5370285
5.7483732
12.5999172
5.6170467
6.5548852
18.8055417
306.6130672
174.1787992
9.7764068
228.2241547
13.0624323
2.9575546
13.5149746
13.0572938
6.8451499
14.1543346
19.7360576
3.9252501
10.8656656
13.1048229
12.8633241
2.9258969
17.7591870
22.3274161
1.0752677
33.5471930
2.2826654
8.1520041
9.3418658
5.0311469
3.9859138
8.5455112
9.7496418
7.9943030
7.8608737
7.3275162
5.8518188
4.5228425
2.7298472
5.0671777
3.7488341
0.9724895
8.2981221
5.1608724
15.1100770
4.4291298
2.2953148
2.8884277
5.7516987
1.0934580
1.8457040
1.8963246
4.2688653
4.1629282
3.5853194
1.9663877
6.5335347
3.3856883
2.9925234
3.8746582
2.9143240
7.2957799
1.9565985
3.4434326
5.7080343
4.5252694
1.2734337
5.3012238
3.6881590
1.6570446
3.5281638
3.5787631
2.1832062
6.2603184
2.3409834
3.9505849
1.4955521
3.0581272
6.5971695
2.3089665
5.7535428
2.8749831
5.3205531
2.4472701
5.2746802
3.8737667
7.2080447
5.7473852
2.3883868
8.5185721
6.4232778
2.0218638
0.8417084
0.8405915
1.2277321
3.0279830
2.8399718
0.8961056
14.1235469
1.9474170
7.9154886
12.6770266
1.8589810
4.3483733
6.3722805
8.8139308
13.6718731
8.7261830
16.9172625
15.4469572
11.5742745
19.5346416
9.1352336
8.3853116
18.2289457
3.5588041
9.0145070
10.1932612
4.6162289
2.0481073
7.3034783
3.9580989
13.0315776
3.3224344
0.4759307
1.2996553
1.2450067
11.4643934
6.8372629
11.1821246
10.6527919
12.7673979
2.1452886
6.1135293
11.7635837
16.1244570
2.0776115
11.2172490
10.9284665
31.1967358
5.9294577
14.2581542
5.1821667
9.4783147
5.1280383
169.1074596
1.8764312
2.2759841
34.1944243
1.5205744
2.5267917
29.5503009
4.9515799
4.5404416
2.3769980
19.6535842
14.7491262
15.5616218
13.7975028
15.3269476
153.6044129
13.4741496
16.5569534
13.8522477
8.6966193
18.2521246
6.8283659
5.0344989
7.7601894
21.2797627
33.4804698
10.9824264
10.3433953
15.5912916
18.5250031
6.2090368
8.1501039
9.4388379
8.3813777
2.5334873
2.8799500
2.7315814
15.0262151
208.0983611
203.6464944
11.0971973
3.3330589
8.2505670
29.9337556
202.2798578
197.3249305
24.5222457
222.3867157
202.9472258
2.1926485
9.3724073
79.7013289
12.6194526
21.1998620
11.3712367
16.7829030
7.5115863
4.2858397
420.6856672
88.1115547
21.4151524
11.9134014
4.9191882
9.2944213
16.6026025
16.6838170
5.9048553
1.9136037
15.3536021
3.8217505
4.0221563
3.9044402
3.2003719
3.5803372
8.6194566
4.6575584
14.2741574
21.5114380
4.3958262
48.4619530
10.1851004
4.1585629
43.2054679
5.9943571
2.3998840
3.2202676
7.7779031
4.4184599
10.1657289
0.9562869
2.3866642
3.0796686
4.2376149
2.6710639
0.8031969
1.8035035
9.3461552
1.0490823
4.1473114
1.4014997
3.8882800
1.1092654
1.4610571
5.3145748
5.3850056
2.9770999
3.6614610
15.2604909
4.4819036
4.2910742
3.6983073
6.5778055
4.9936279
2.0229749
2.1173776
2.0855046
4.3829039
3.3325788
4.7490758
2.1950752
2.2181840
7.7081309
5.1719855
2.0232199
10.7467349
1.4038346
3.6935551
9.6089172
4.4685144
3.8789440
4.6820670
3.4527298
2.7422441
5.2543118
1.5531728
1.9235743
4.2515950
3.9364591
2.5424652
3.9985066
2.9577707
0.7231666
7.5651740
2.7054859
3.7682153
5.2909424
4.5985540
4.8789595
2.7240564
4.4255589
9.8495560
5.3257786
5.9990140
4.4626038
3.1685574
2.0176273
4.2048546
1.3915653
2.0919568
2.2170699
2.3855006
5.3425391
4.4447356
6.7190673
1.5194793
4.0183703
1.0100929
5.4744619
2.2433173
4.5453508
4.7330195
3.3215603
9.7553748
3.7267541
7.1709180
5.7353459
3.7451125
4.9608706
2.1868250
3.3018985
6.8532784
3.6525010
4.6427496
3.3919732
2.2455492
4.6072076
6.0012548
4.6401341
6.1654480
5.9714965
3.3905277
1.6062503
2.9950472
7.3005366
7.2323938
10.4322955
5.1508641
6.7867121
2.0217160
4.6651861
6.3745357
2.2803997
11.7958892
12.5786371
8.0714324
10.8173809
7.8503661
7.6773728
3.5109081
11.1707051
6.8438411
5.7428537
6.8962856
14.6194915
8.5251666
2.7876244
2.8625015
14.1380295
26.1352392
8.7476427
4.8974314
3.7484977
7.5327135
11.0056447
231.1730274
6.7491697
8.4513095
12.5836880
6.9133588
27.0079283
18.1535337
3.1529592
17.2529223
43.0303853
13.9312262
2.8903409
11.1433211
45.8712601
13.6340401
13.7016622
18.1121180
16.8985872
7.0646493
557.9718163
228.2329745
696.8600183
663.7294250
77.5174879
605.3972212
1.7545988
611.0538566
3.0275382
2.2796181
336.9899512
626.9246666
0.8999682
2.3982474
8.9359046
711.2494709
14.8320617
12.0389920
8.0192940
4.8051424
745.3342638
12.2839278
2.0189266
345.1061637
6.5646614
199.8844351
8.6157911
398.4814142
83.0084326
29.9727137
9.8785799
36.7676017
7.5407618
56.1313920
7.0340889
4.0607819
29.2453238
18.5673400
16.5735761
9.8856715
3.0847798
6.6390098
281.6030849
128.9943568
1.1035814
56.2383824
15.9685977
10.2236077
9.6175983
11.2694244
17.8762813
345.6677120
9.2177512
6.8389508
219.5899425
361.2939594
18.5318497
314.2858715
22.6739590
20.9021368
729.4842947
8.4588658
33.3220573
182.0852593
193.2695413
194.1867394
186.3901101
195.4696782
193.9155119
199.4957058
173.3866934
271.5223530
182.7360514
168.9874340
194.3207342
191.4096869
186.0587638
193.2592871
146.3842843
211.4855896
202.1263460
182.2098846
182.0716762
188.7119461
185.9606259
200.3871142
196.1105205
268.0558650
189.5461569
191.6735203
188.6477942
259.8124108
187.0486856
175.6904815
183.7514992
170.6371094
185.9844603
185.4414939
195.4257128
181.9425705
214.6462838
10.1587474
2.5985577
180.8586477
6.7929746
11.1514425
7.1777719
3.7691708
10.6198178
16.4083606
3.2380688
5.4699089
8.7036830
6.7994368
6.9986083
5.4895738
2.8947964
8.6440663
2.5505037
1.7485860
2.8045564
1.3814488
4.3746345
2.2846641
0.6668196
3.5592371
4.9537625
2.1456058
4.2455549
2.2857095
2.9912498
1.9811415
1.2341579
4.3714524
5.0524688
7.1434881
4.5764757
3.5546617
1.1942171
2.6754103
0.7737354
5.5407875
3.2036456
5.0595112
2.7728055
6.1090475
6.4926401
4.8306724
4.2368623
3.1013869
2.8018546
2.5366960
3.4051156
5.1695632
6.9963437
4.2734074
3.4961218
2.2222965
3.8425753
1.9244288
4.0688709
4.3184648
6.6343487
5.0631562
11.9910275
2.8622243
0.6939807
4.4185023
1.8793698
5.4165399
3.8716289
6.2029263
2.8534727
4.0799769
8.5206237
2.6908676
1.6396544
5.7741573
3.6448977
1.7950071
4.8783229
1.4852325
4.5962021
3.6481943
3.7989361
3.6768126
2.0939870
5.2394094
3.0174091
3.0915772
4.3987710
5.9384995
5.8949665
4.4934271
3.9476091
1.3783031
8.1051203
4.5498881
4.9135968
10.0621454
7.8380296
4.7318923
3.6697675
2.9263274
4.9704430
4.6027742
3.8713806
3.6971553
2.7196006
4.7743221
6.6517126
1.2358143
44.3169386
3.8611884
6.2375116
2.5353114
4.2604488
3.7208043
2.6195317
1.2053944
4.6949401
13.8627399
4.7730463
3.0269136
4.6033859
2.3441480
1.8417676
2.9164110
44.0404987
9.7034191
6.1579124
2.7430458
5.6681862
9.3204024
5.0099349
6.9858215
6.8040856
7.7400179
5.8247285
2.6201375
4.1160014
1.2702659
11.4932004
6.9957554
2.9918856
3.0698326
6.0165142
5.1529204
3.1213056
2.3105640
3.3524278
2.7993598
4.0302456
3.2844697
5.2459738
1.1985501
4.1397785
5.8789282
12.7621882
3.7407917
4.4434181
3.7010674
2.3870060
6.3020566
5.8891733
4.7043106
5.8630059
4.4946250
4.9303073
4.3971113
5.8420984
5.2458765
6.3212647
2.8898587
2.0617905
3.1569845
3.4086291
5.8677344
5.1222573
1.7464878
4.1645670
3.0533327
5.9765831
5.9934171
5.7000654
1.9412107
15.8699866
4.1970213
25.5326596
10.7397888
37.7376392
5.3085555
51.6926963
41.7160629
16.3635429
9.9085128
9.8527535
2.0197849
38.3104660
38.1041906
30.6080436
36.5207753
39.4910311
35.1266305
37.3701035
35.5947969
29.2799438
31.6172780
1.9994058
34.5163019
32.4882745
30.5674302
30.2612756
30.0991548
32.8275071
3.7770236
0.7531833
23.5806276
13.6874973
8.5624094
4.8803807
2.7632994
2.7668217
9.2675781
10.3167435
8.6817493
9.0710547
1.4984678
8.0607083
8.2098602
8.6326731
12.8054474
13.8483264
13.8292243
21.0916008
17.2336307
7.4221852
9.5866509
12.9939651
1.6534658
6.9343131
7.8082277
4.0993161
2.8334153
4.8163823
6.7600385
6.1312202
8.4918905
13.6669396
11.8433941
9.2047147
6.6472350
10.3077871
8.7450743
3.2324402
7.4897297
6.7448793
12.4985160
10.0785514
7.4519101
9.8916344
10.6137553
7.1865292
15.4328259
8.9534376
8.3909019
7.3794039
10.3196834
6.0898762
5.7998447
4.6010676
6.7977620
5.0201942
7.2005954
3.6889588
7.7574308
10.0383182
10.1148010
8.3431133
8.6024003
12.5222332
17.6510143
7.6104163
12.8918897
23.3225622
13.0239481
9.3107167
14.9275888
32.7307927
18.8004013
1.4629429
6.7856638
7.0590117
8.9617049
2.9969678
9.4232963
2.9301283
22.5752470
49.6620505
9.0461769
122.5405675
33.8741822
5.2950326
2.9928494
2.2714169
13.8829520
4.6379967
3.0812801
3.3859591
15.0665110
4.4564363
7.9464436
4.0152683
6.4289360
1.9983373
1.5213285
2.6251017
11.2286196
12.1117421
3.8051921
4.0121967
7.2631562
7.4389420
43.2553440
2.0886594
14.6061487
19.4551014
652.1964447
21.8497116
6.8066514
12.6600134
19.1301167
690.9550434
22.4247195
5.5241621
4.6049368
13.2551518
27.9224771
678.9066688
26.7264820
2.6415924
23.0995215
6.7384294
5.4812003
2.6051922
10.3482059
13.4904709
31.8692570
23.3627602
32.2419151
62.4226933
13.2183239
5.7332622
40.3689220
11.5707767
27.8741441
14.2031728
60.6750266
749.0873552
6.2940063
677.7080156
28.6368514
42.6794551
46.3595145
42.6700104
110.9092846
7.7175284
19.6431059
79.4932008
44.9081109
7.5738772
8.1071524
49.1627530
22.6957364
10.8916447
21.7059499
430.2453102
653.7701354
75.5988573
6.4267225
211.0169644
7.7611081
14.8940607
4.1697567
14.3760735
8.5492239
6.5829568
532.2193567
321.0878170
538.5515604
177.8449470
403.1303788
609.7484146
454.5921268
177.2213424
14.4376489
322.4758085
201.7939401
62.2675248
521.9803770
318.5481525
11.0977260
323.7925241
251.3953627
21.9207106
214.1299320
8.6584343
8.2417362
24.1176371
289.4531533
347.2034577
5.5269674
14.3229893
9.7677722
13.1339704
26.6222055
203.8015434
302.0098527
7.7638319
14.9050364
4.2090384
16.6434255
12.8115978
5.7991237
6.6678360
3.1581174
51.2409324
8.6778430
6.3301285
5.6943683
2.1946204
2.8593946
3.5871993
5.1007766
4.4461174
7.0128865
3.5555449
6.0649708
4.9160729
3.6586092
3.7598435
6.9995260
4.1103368
16.2807996
17.5902273
10.4274216
16.6713541
6.0080484
4.8806856
3.7328084
6.1310264
2.4975890
16.8141900
6.3837197
2.7938979
4.9830970
22.6872664
11.2051316
7.1317270
5.2433192
0.4942661
11.4622387
7.8027237
2.3905323
1.8644881
0.8627610
2.6768683
4.4737367
4.6278786
1.9850183
6.1781255
7.2085319
4.1869497
16.7859075
3.1397753
4.2412895
1.8692098
3.4480173
8.7697185
7.9076047
4.1594086
14.7504660
3.5602701
2.5959689
2.4572192
3.3372803
10.7242069
6.3328274
4.2560609
7.9433890
9.5508689
11.0859536
3.6582366
3.2250025
2.7730259
4.9396406
2.1669197
4.5556910
2.7341650
4.6302776
1.7066302
3.3782968
3.5565488
6.8348046
1.7194278
2.3430078
2.3912713
5.7923682
4.8217954
5.3016933
3.1089461
3.1031648
2.6768844
3.6962544
2.9936934
5.6904354
6.3842494
5.4491588
21.6496318
2.6426441
5.3105178
8.0695908
4.9986813
6.8231735
1.9460015
8.5022968
4.6193522
6.7475832
4.7182663
10.7115729
7.5885691
236.7929203
11.9072367
4.1022165
4.1620218
4.9296184
5.2771025
12.3399885
8.0085194
1.1140702
219.8609845
208.1009994
362.9395444
350.6027478
411.4051094
33.0014709
4.1168580
14.6015355
2.9524817
91.4213727
11.7908394
1.2062358
7.7599133
3.4112063
36.7989050
35.7123943
48.6498877
55.2559945
5.5430788
2.8392781
15.1174213
27.4938938
49.1583466
40.0008504
41.2466809
25.5666380
28.3777079
28.1009436
41.8202110
47.9194121
24.6129271
477.2171465
364.5969683
371.1782765
352.9856946
367.2606873
347.8278410
257.1989506
383.2384864
346.6774501
375.2209998
339.4572642
341.1285170
349.5576845
335.6938049
351.3127575
341.7501214
355.4826219
356.0242552
481.6985748
468.9637189
352.9204368
342.8678955
415.2876693
349.6803448
374.2082461
471.9049444
398.9624777
356.3528041
15.5737802
7.7140404
334.3825855
346.7756784
389.9893036
456.9877182
53.4313512
472.9264367
124.7777638
3.2826110
357.8695205
45.0794005
9.5482283
64.7865686
4.0825366
7.2325967
10.3174171
57.6957189
35.2280737
479.9221060
20.3583621
8.2389629
7.5161251
8.2665232
5.7277450
6.9878341
7.7097777
8.4440025
5.5495685
16.7075518
14.8958063
27.9688547
11.9984714
150.6358763
6.3700048
16.7201194
14.4898746
10.7842091
159.8563893
6.5719648
378.4132046
22.4377606
74.7482912
201.6924264
104.2605463
6.4177050
6.2026413
13.9039623
197.6581363
5.4374483
5.3691678
3.5492318
5.2800711
11.5368733
9.1627252
3.3335438
6.4032506
4.6540990
5.5676276
6.8024565
4.0774449
3.8225404
2.6246139
3.1721462
2.8816440
13.9033376
14.1795382
7.4153662
9.0563514
6.8412190
10.6831418
5.2084011
2.6044281
4.6480621
3.3444629
2.5176389
2.6249726
0.7554131
2.0833859
1.6310396
4.2771507
2.1514601
2.7621342
2.0644247
2.0409436
2.0750540
3.0252272
4.1797109
4.0863771
2.3375204
0.8735731
3.3067148
3.4248398
3.2641972
3.8491507
1.9617635
2.7963997
2.6966683
1.8047474
2.7365477
3.1509737
1.6462124
2.3031304
2.8678203
3.9080327
2.1023576
1.1739320
3.3498316
4.1204212
3.3203410
2.2462369
3.9483960
4.3337108
2.7502092
2.4958078
3.1313761
3.3167787
2.8785187
2.8916750
2.4263688
4.3985971
2.7254632
2.5796154
1.8883139
3.6861019
6.0270836
3.8867526
2.8301571
3.4417021
4.7034511
1.9757085
6.5718408
2.6260739
6.6153620
2.5209753
1.2659163
2.1235669
2.0193077
2.0927156
3.0340099
2.5911891
5.1024892
3.4257127
3.3916815
2.2880430
3.5001186
5.5547557
3.6833651
1.4583328
2.3522181
5.0144696
4.2862508
2.5594765
0.8155617
5.4054819
1.5152088
7.7992634
4.2685361
2.7964501
1.5902866
3.2786668
2.9052125
2.4208007
3.1083848
3.2601877
4.7317859
0.9287586
0.8406521
5.3573365
4.0131565
4.4634928
1.1514046
3.0550518
3.9823953
5.4957299
3.5518844
1.5942112
2.6935348
4.2561029
7.1109370
4.3101220
1.0364456
3.9205065
9.0009854
9.3482660
10.1698100
3.2659234
3.9001975
1.1962226
0.9355761
2.8309012
5.1399454
2.6321930
0.9601486
1.7114059
0.7984612
5.5026818
2.9413461
11.8556725
13.2319173
9.8904303
7.6340788
11.0555691
57.8926962
6.5909147
11.6074614
5.2640312
13.3285670
8.9352461
4.2239689
8.3129977
2.7269316
38.6941845
34.5540051
4.6037942
3.1144746
4.4097637
17.2590815
13.4504440
3.0735423
8.1044305
6.7505153
3.3030647
1.9159930
14.4895532
11.2816584
5.2206265
13.5524383
9.1307001
2.6815818
8.2946310
8.0216919
1.3162755
3.1966598
2.8142609
5.0997631
4.1702624
6.0245584
2.8800096
2.8149347
3.9779472
5.4951946
2.2508577
0.6916249
1.2007751
4.2772834
4.3572474
11.3777241
7.2802010
3.0189831
3.5680593
1.6174578
3.1077246
2.3027318
3.4939039
5.1442669
2.2031805
1.8757472
1.1258869
4.2745343
1.8439422
4.5856067
2.6285529
7.0133861
4.9262365
1.0531223
2.1026593
3.1409421
2.8104004
1.6574763
6.4936506
1.8322461
4.6048465
3.6722479
8.0624810
2.4935544
6.2272597
0.6640299
2.9835552
2.9524954
2.3252485
4.9253833
3.9137724
4.0696245
3.4117730
1.9495865
2.0734399
2.4849181
1.8529752
3.9165760
2.0845637
4.0922804
4.5957291
0.9862430
2.1855193
2.9911343
4.0854318
1.4334358
1.2167846
1.2931533
1.3386572
3.2648118
5.2887960
2.3332790
5.0547102
2.5639565
1.9642745
2.6331631
2.2162773
4.0942777
3.0357610
5.7803117
6.2460509
3.3008594
3.3761516
3.1986088
1.3769894
5.3614056
1.3756841
1.8533384
3.8508057
5.9400511
5.1081936
4.8282996
4.1275106
2.1198672
3.2286200
2.4700297
2.1382689
1.9128543
5.1933890
3.3016105
2.9085570
1.7287296
4.1562784
3.3334134
2.8941538
0.9908392
2.2886401
3.9793249
1.6150520
4.4076817
6.6484171
7.7550072
2.5132613
2.1074227
5.9204840
4.7145098
5.5333436
7.7846852
4.1144707
5.3284109
4.8953519
4.0371534
4.3316090
8.9248591
3.6428557
7.5962422
6.9908848
3.4493168
2.8261578
5.5921436
6.8778022
4.1035247
1.2904329
5.3959662
2.1559488
3.8501176
5.9987529
2.9823504
5.2758020
8.6988267
10.7426605
6.6966828
3.7514684
5.0701194
4.1223620
6.3035622
11.8186233
6.0472328
6.3370338
5.2404438
3.4409775
14.5144527
1.4404357
7.4466387
5.5738741
3.4890081
5.5032910
4.7691302
3.1085173
6.3499216
6.7016310
3.3394534
4.1565460
5.5204290
4.7385703
4.0695272
2.1395845
3.8547098
3.7336277
5.2873556
3.5013962
2.5091474
4.7339664
4.6465149
6.5179771
4.0372085
5.6753004
4.7279897
15.2365414
3.2830199
3.5030146
10.8988827
41.0610116
4.9374925
3.4516206
6.5730848
5.4161626
3.6462839
7.9769087
14.0760652
4.8906723
5.3849607
4.0874563
3.0579537
2.3786676
7.4425235
8.1673319
6.2187253
9.1804143
3.1642787
9.8028202
4.2200380
3.2188595
9.6797225
3.9742369
9.9344674
6.4885596
5.0030075
5.5447057
13.6804305
6.5714786
4.5570102
4.2661004
4.4434700
3.8531292
8.7742088
8.2490357
7.1621732
11.5776051
3.0314473
12.1260112
4.9378788
10.7222305
3.5610452
6.3504762
3.6372302
6.4783978
5.1096852
8.6816061
2.9736329
8.9610175
9.0282167
11.4877950
5.3882649
8.4625482
8.0839284
1.0883957
3.8963801
21.4412768
6.7765946
3.0973783
3.8055716
12.4933376
6.7387137
8.3604884
8.6017305
13.0455828
6.6642421
7.1039248
7.4432345
7.0539146
4.4902903
14.3776396
5.8946832
18.2630421
5.7412942
23.4108313
10.0295171
4.5262633
19.2305287
13.6666690
33.1591801
21.9903044
13.8588791
16.9750913
3.9178069
6.2115845
15.7811018
14.6817070
3.7683484
6.9383141
14.9814401
3.1565757
8.8548082
8.8999617
21.8414204
11.3812213
18.5912450
4.9806101
18.5648205
8.1390806
3.6394752
2.6293025
18.6264251
64.9481749
23.2173508
3.8006049
46.0378279
23.2387823
6.7702989
24.0461366
11.2205228
5.5680010
27.6442864
26.0018451
28.3641371
20.6070333
46.4231448
78.1044595
30.1773570
8.0235042
73.3558937
20.0916380
18.9311236
19.0228826
15.4753459
10.0925090
6.6154087
6.2372731
72.7636649
73.7215464
12.2178244
28.6034943
17.1208393
30.2822636
73.2998401
44.7118476
101.0958309
95.6047582
11.0168627
89.2813374
258.7631317
36.6978366
12.2883643
84.3221502
9.9227329
6.6320271
10.3523750
60.9770360
63.4234169
10.6417355
22.5314417
31.5321899
101.9772382
8.7363685
50.2512640
17.3005828
216.3378464
88.6269643
231.3994334
180.7606918
17.2477367
16.9597713
86.1896998
12.3707606
4.6218279
3.1857128
3.4411741
4.1433641
1.3366732
4.7602506
6.7398534
4.1443836
10.0654056
24.6728442
7.7284835
44.7852756
5.8885738
8.3042547
24.7770973
9.2226222
7.0394698
5.8725778
33.5177213
8.1838898
12.5628543
17.1499274
9.0337419
6.7769611
10.0810882
4.6933002
4.1796872
8.1122418
8.6289754
8.0185182
6.4906773
45.7995325
7.9913729
234.6412241
24.9517133
8.7515185
10.9751050
39.7266807
53.8071769
10.5689516
9.5246647
5.6187006
5.8614189
45.2608379
5.7970642
22.6220722
8.3959117
6.1995138
27.1326634
12.3582020
11.0915921
14.4947995
8.5851911
12.1792789
14.2533586
14.7986726
5.9260557
11.6703668
21.8435084
26.4043732
30.1867244
10.2689763
12.8071998
56.9093830
14.5713100
13.2770581
24.1479076
28.9884228
42.8218985
61.0160099
28.6692754
24.4456507
20.1688803
16.4509982
255.9665525
43.1840238
41.5091472
37.8596739
14.3153338
41.6529049
7.8660411
8.3571888
68.0262517
8.5692582
6.0559967
5.7019161
3.6201367
5.9417122
7.7995623
16.3730410
8.6145077
9.2281509
16.8032377
5.5278062
6.9632427
5.3760433
8.9626236
4.9444814
3.2990947
7.8432671
11.0225433
13.0033961
85.8249245
16.4941681
128.1632930
52.1027953
47.9033292
51.4758968
57.8259748
156.7846955
22.8295670
84.0386761
15.2039286
12.9897171
9.5152211
14.4952089
6.2981310
6.9749796
26.3428656
6.8461972
9.3814534
6.4815447
27.5720961
10.6178610
4.0687554
6.4633485
9.3430712
25.6821197
6.7979258
17.4249107
18.2457328
9.5119468
5.7024840
8.8994132
9.3244597
13.1513940
10.5743602
26.9719904
7.2237339
9.7006303
12.7569775
16.4758947
6.3980764
1.7347489
13.6774081
122.8805430
23.1107066
128.0765264
16.9224737
5.2027653
21.2281094
23.4123285
22.1022416
16.7943993
13.9052385
20.5752232
5.1732511
5.4212354
3.7646779
4.1397290
13.4328345
17.3294423
13.0593886
7.1007430
8.4407566
7.1160192
8.6175002
5.2635362
3.9327302
6.0058520
6.1397144
8.8024763
5.4103875
14.0170178
6.3512813
3.4579267
9.7040947
5.4590073
10.1758262
3.4851426
11.6601054
8.1026645
5.8982088
6.3798549
6.0610134
9.9006815
8.5254460
8.7787740
11.7249889
10.1990841
13.8385635
8.6204814
10.3261981
8.0465367
14.4890381
14.2863682
6.8107312
5.1284422
12.1087979
8.1425416
11.8423872
13.6235059
13.2288323
24.2024180
28.4165549
26.4453223
17.9320501
5.6602993
9.1616802
11.8504564
11.6612930
17.0563859
6.0721789
4.9556620
13.3600146
13.2899578
14.7748998
7.0735219
4.9696898
7.3987824
6.2663529
7.7035965
11.9604998
12.0520445
7.2920319
8.1469905
12.1228249
8.6847463
10.0417850
14.4476748
28.9112214
6.2254907
18.9145001
5.3947946
2.5056514
3.4940994
15.6707009
7.2262800
2.0050603
5.5525850
4.7586179
2.4841202
5.1316146
8.4701104
32.4120067
35.4525996
7.8274452
5.7387360
29.4001688
4.5063398
13.9490673
2.8198421
4.9373849
3.5586517
7.7466521
22.4660350
15.8313028
10.9435247
6.1146697
17.2793537
10.5596158
17.2499961
90.5439752
1.4905296
10.4833457
26.0724747
15.9933650
96.4292688
149.0804807
7.7821731
6.3977556
24.4351943
33.9684112
97.0626731
29.7111969
10.8197058
49.5552478
5.8102469
173.3157982
11.7549582
14.7084961
8.7950060
1.5036106
14.9913624
8.9700574
18.6626180
12.1018999
10.9541269
12.8048126
4.4280399
8.4112392
21.5423077
5.9222681
5.9202217
5.8574630
9.1199385
12.6126241
13.8425428
6.0917360
9.9545234
8.3265006
9.1459119
8.9140980
16.8117351
8.5892703
12.0007336
17.9832946
19.5384171
26.2199492
19.6466142
31.7335199
18.1204930
4.5593493
10.1864695
8.1424499
6.6471016
9.9013207
12.0576593
13.8215419
9.4055936
12.3290748
5.0421879
4.5283490
8.1903152
6.1191448
8.0979716
14.7513869
16.8528447
3.2127645
12.5150300
11.3642320
12.9423648
23.7063848
6.2137321
5.6683835
20.6512726
5.7552895
10.7714088
2.6051649
11.1082408
22.2042666
9.2684864
5.6043850
5.1681725
6.3616003
5.1412792
5.6266142
5.3559119
8.5131392
9.8055298
19.3672886
4.4180039
4.6312029
11.4033076
10.8665383
8.1110429
9.0150239
5.2464025
8.3135984
14.2302336
10.3406139
14.1805683
12.2013211
16.6890573
26.1266370
16.4889561
9.5633211
6.4492365
15.2165902
22.2692799
9.7706938
9.6800652
5.3156774
7.9257530
4.6973138
4.8819990
5.5443557
7.5019907
6.5660785
10.3520868
8.2513845
12.0874953
9.6368001
10.2357988
8.2937619
7.1472324
7.0269103
5.5835579
9.4058350
14.4489119
16.6939033
10.5301954
10.6436335
4.8059193
15.2750753
7.5260180
14.1426294
8.7733436
7.3378012
11.1938225
8.1853889
14.6995775
23.6325884
16.5152489
80.4688868
10.8716625
25.1737164
32.6748425
5.3479578
53.2843849
4.2023565
11.6773583
6.5695969
2.6782127
10.7739504
8.2855091
6.4834130
2.7590357
3.8607838
11.5389747
5.1083941
7.5092140
17.6415897
4.8033855
17.0354566
8.4570578
4.0226013
3.2866139
5.3834104
1.5281812
8.8985812
7.7103287
7.1141841
7.8780506
3.2146944
3.9739747
4.6771127
7.0268504
4.2377541
2.3838425
3.5125971
4.5524023
2.5371385
1.5459630
0.8936675
0.9130329
4.9050301
1.7158017
1.6072609
8.0912338
12.9148208
2.2274208
2.3106496
2.5962340
3.0626673
5.2650475
6.1284919
1.5409930
3.4020966
7.4111198
7.5552400
3.0117793
5.0625931
6.6461839
4.8114023
7.1944234
2.8282474
4.1416540
3.8135111
4.4661500
2.4669363
16.1455529
3.5799840
6.9720350
10.9400108
9.5664856
10.6656312
9.8634044
5.3081280
7.4376349
17.4165781
7.7638017
8.8692331
714.2517599
6.2957295
737.1697453
781.5815755
17.9764005
762.0823463
15.6090122
7.7513279
50.2971546
8.9695293
12.7837751
8.3960732
11.4282739
4.5510785
307.4758515
276.5266629
716.0338567
20.3671854
56.6981380
35.4402573
19.4221863
9.4943032
10.8604373
3.2950890
45.2345326
22.0967642
28.3629943
20.9869952
15.1145085
6.3051174
21.4483222
7.8627535
6.4086735
5.8139587
12.4629850
5.1585830
26.7585353
15.0135839
18.2142570
10.1791627
5.9115325
10.4856042
5.5274813
7.6168119
7.7800516
16.9909948
6.5346801
7.5384612
13.4196968
10.8338138
10.3594497
22.0310762
261.7725970
3.0415314
4.1987430
248.9885609
12.2588801
273.3469455
273.9338147
285.4943638
14.9721794
37.7293705
2.9218773
228.0820806
331.6673702
290.4052755
257.5017659
257.9929080
0.4969474
240.5821844
234.7214520
21.6461579
6.5808373
8.1892166
6.2192446
1.8420774
5.1568981
212.7746942
8.2383235
4.9290512
1.5541578
11.7525969
2.8205541
2.7409164
9.5857839
7.4090841
1.8474383
15.0242083
14.4213917
2.8754221
1.5109168
5.4364891
7.2314487
13.6593691
8.6199937
11.5051567
9.4606173
11.0003718
3.7552033
189.6166002
127.6464546
6.8344888
8.7634470
2.3448153
12.2190037
11.1258699
3.8195264
2.1184238
4.7933290
4.4931379
5.2303809
3.9000323
4.9642925
1.1668641
2.0717526
0.8913891
4.0464540
3.8047367
1.7098759
5.0988457
3.1604685
3.5435640
4.0791579
5.5919001
2.7735609
4.9390095
4.9544290
2.5729265
1.8099637
12.9411182
3.2210099
1.6407542
6.7787656
1.4617385
3.7055413
4.5792197
2.3852127
3.5239695
5.4062767
3.6461293
2.3680762
6.2123969
1.7102335
2.8920436
2.7958780
9.6829081
5.8294069
2.4547443
3.9163249
5.5588067
6.5930453
15.5752972
18.8137812
9.6619946
13.4788106
5.5417169
12.1459508
17.7745694
11.9026712
13.5149877
18.7392248
38.9142042
133.3882605
131.1036235
275.8294121
27.5973818
30.0461776
34.7022832
29.5560074
69.5432626
30.0057558
37.2096057
25.1704365
23.0180329
24.2700385
27.7500717
237.2191453
175.3117034
8.4629775
85.8887646
175.6988724
34.6568636
173.1677465
30.1366094
137.7049541
139.8152276
54.0466743
14.2775324
14.8632811
23.2077378
12.5433663
11.0229400
232.4282936
13.3841788
166.7635148
43.4009037
13.4003009
17.9786881
93.6160166
21.4621274
30.5313317
66.7331045
25.4813386
227.0501743
134.6098436
145.6692552
97.3106138
118.1671533
14.3152144
129.4181750
36.1278557
59.2851168
57.3003006
82.2156813
56.3072476
71.3175027
116.0363230
12.8439173
146.5056941
122.7709101
110.1964200
235.2864154
98.5349619
7.5273419
110.8010450
122.1296907
111.9700399
99.6024837
33.6916822
12.8914486
17.0957002
14.2137449
83.4007160
162.8483767
82.4935114
7.7837967
144.7870039
132.2155831
85.7846032
157.0973001
224.0543330
266.6956626
293.3530068
137.0382695
266.2972958
223.8092184
62.4451787
7.4151591
5.6930682
8.5073267
10.4015961
12.6759272
6.5587175
86.1350373
13.8437773
31.8555324
0.3729716
10.5776435
41.1538205
7.8487230
2.9744178
8.6872831
7.1492365
14.9776816
7.9814517
7.6726772
266.3562513
10.9077315
357.1206923
338.7434979
281.7009434
63.7640602
35.5877665
328.6759554
96.7061878
56.4898194
20.9640956
167.0864570
65.6107963
235.5958372
73.4276442
50.4619299
106.5844829
224.8132228
111.7763317
68.5379241
141.7148113
383.6148304
355.5736431
11.5220486
283.7507382
100.0939686
84.3539539
22.6198799
239.9891223
32.4906098
557.7730205
23.2720308
38.9993682
4.8127801
27.1832216
295.6150420
13.5770248
87.2597530
165.2720135
263.6069177
259.4212535
208.2397104
11.4425751
38.1961449
293.2686653
188.0356099
154.1264590
33.6505011
6.4680625
269.7210557
273.8515121
247.8741303
231.4284038
151.9690935
140.5772535
79.7345657
292.7065715
20.0948021
15.4212941
59.1214923
235.0147211
6.5156253
39.3536333
261.0146277
256.0137180
412.1749655
8.0994823
24.8718106
17.7127515
70.4300225
12.9978788
287.9351700
188.3357799
13.4053892
10.9391266
267.5011941
275.5989888
12.5008160
12.1395896
3.7913699
8.8929253
299.0307110
294.8238550
284.2012615
8.1986647
283.7916035
284.5029987
4.2562368
299.5088433
8.7703433
299.5874312
5.6545620
295.6146879
5.9769548
2.7915804
7.5037534
171.7273121
19.9922014
16.4270484
39.6600408
8.0784942
56.3713641
4.5926049
23.1770920
8.4835938
72.7871582
22.9676368
70.5916993
15.9247607
216.4325728
192.5118615
188.1545328
104.2427111
61.6618755
232.4706689
47.6572337
212.8182162
219.8483231
30.9354565
218.8796945
205.4526523
27.9950281
15.7519510
63.2120066
304.6488782
30.9434828
185.9478147
32.4028071
10.2242992
12.8244802
5.3489718
18.2648406
12.0147545
15.6330871
6.1138945
6.6857100
9.6915660
15.1382319
15.9035746
12.4336141
6.6305846
3.4755967
7.3641774
9.7656128
11.7494753
10.6552719
21.2830073
7.7524094
7.9835074
10.3782302
14.5658826
8.6543789
1.1895831
8.1791098
15.0645649
9.5272355
9.8232044
10.4293611
2.6744687
10.9247860
4.5520641
5.2235347
4.1494713
17.6318554
1.7319050
9.6338781
8.7781837
5.0905718
14.3474315
3.9096451
7.5297385
3.5686349
16.1278448
1.6582397
9.5788078
2.3862131
9.2044904
4.0506401
7.1276615
5.1782994
12.1672200
6.5257159
9.6805531
2.1537743
3.4733446
8.1430333
1.6453948
6.1037083
2.8776900
4.8193617
1.6340173
1.9113310
3.0402637
3.0841536
3.2782942
3.4288433
2.3431976
1.9089627
3.5099088
6.4514724
6.5035656
2.3500826
2.2435896
4.9029356
2.9727490
1.6858557
1.9734305
2.0144737
4.1574154
4.3918610
2.1425077
11.3417301
2.8921068
7.1971585
14.4002281
2.6994379
6.0819559
10.7527030
3.2350804
22.9897834
9.8956316
12.1635367
14.1993963
17.0964849
18.6572457
6.9986206
9.9481863
10.3486965
12.7907857
6.7007869
16.0396820
9.4323102
1.3513588
6.8083019
6.2837747
2.9630474
1.1029173
1.0251873
8.2559927
7.0867469
4.8792805
3.0230494
6.9465745
8.1652633
11.3492251
15.0372301
12.1933070
2.0258919
4.4956146
5.0819305
7.3106855
11.6999733
11.3149528
11.7156234
17.0517566
8.4414255
3.2132223
2.9044416
1.0147538
11.1704800
3.4172390
5.3513711
16.5964908
8.9316519
1.0746570
2.1064366
3.9349632
20.9678893
15.1347812
2.2311771
2.2605615
2.6936159
18.7485133
2.2579115
14.4826167
23.6346752
3.5880012
11.7667665
9.2575001
6.3676185
10.8425956
13.8704016
28.9215457
13.6931082
8.0271037
17.1846586
11.0718069
19.4703527
13.6511886
2.5952372
74.5290759
15.9762156
9.0475124
8.0210724
5.2153285
7.0239589
5.4259263
14.8323798
5.2443809
8.0603229
10.4118413
19.2730057
3.1228495
8.7434531
19.4093464
38.8529163
17.4991241
5.4066944
9.5981707
2.6425507
33.0005081
10.1772694
3.2212565
4.4381224
8.8526907
5.1791186
4.7721428
4.6898915
2.9215598
6.9368650
7.5093247
2.0775110
6.0219502
20.5377054
11.0623545
5.3329841
8.3392240
7.8933012
8.1380889
7.7325633
75.1611672
8.2181628
7.5989975
51.6145424
7.6981626
18.6425148
20.9033683
31.9609324
5.4921359
13.2312989
3.3736893
2.9827951
1.9418807
16.2178952
3.3264169
6.1680556
10.2386128
320.9062006
1.4263848
8.6630976
4.6917596
200.2530053
330.3372578
6.0824322
9.7418441
10.3035246
21.0745276
11.8173558
32.0721147
6.4592823
5.8364806
9.1285929
255.4294813
105.0672800
98.6826407
26.2207719
5.5508223
5.9456244
6.6513178
4.1948772
7.2418229
13.5286279
1.0967703
5.4730987
7.9547092
36.7301354
5.8253234
4.4584308
1.0135065
7.3581325
5.0174566
19.0495846
12.8445926
2.8473738
4.5922863
2.1845845
8.3973960
10.1561835
6.6086495
7.3760492
10.1783452
24.0525089
53.6025619
6.3596567
51.8189252
21.8567440
3.1147428
6.5681362
5.5006767
57.5697750
11.6369527
44.5029190
20.0499850
5.6577795
12.0102158
7.3749925
10.1612348
18.9760195
5.2894874
10.0028785
5.6377067
6.4879982
3.7454320
10.5402268
4.6232096
6.4731067
9.4117014
9.9313434
17.4944728
9.3603543
2.6513511
7.0122023
2.3134950
8.5070579
4.1860044
4.5374156
6.1250321
6.7367392
6.9885075
4.8820052
5.4094056
5.7890013
13.7418194
4.1074726
10.5220940
5.8022427
11.4192303
10.0675085
2.6307906
4.6715444
1.9545130
5.5841284
7.1288959
3.5353389
5.1991385
5.7384347
1.6323162
2.2872192
10.4915768
9.8148318
5.0996852
5.3092048
5.2235068
4.0842666
2.3395249
2.7461921
2.6138900
7.0949562
7.7070722
7.0219917
2.0654260
22.9608958
7.9575629
4.5153245
22.6226585
11.9305726
6.3450472
15.2252109
13.7549787
8.8798354
15.6894734
4.9328766
33.9886156
2.8310215
8.5864354
25.4817066
1.8195106
4.8518164
8.3502902
4.3683759
9.2203238
13.6807773
21.4960028
16.3612700
17.1061513
6.3274741
14.2027370
14.2751414
4.3204249
7.0356621
23.4062751
16.7439245
7.8503201
8.7583474
13.0817069
35.5749791
707.4747093
575.9141576
13.7912846
23.3757416
3.1285600
722.9709767
624.5784557
13.1144673
58.1508700
8.3226757
8.4112211
7.8087025
3.7869206
4.6840266
9.0492493
387.0232988
1.7645571
702.5605613
7.9847682
5.3700512
97.4897048
2.9584486
14.1611130
22.5327914
40.4569532
9.5641237
28.8293520
4.8361406
617.7093512
8.4039157
6.6310101
17.0852591
590.1362779
9.2361221
6.3037434
10.7845621
6.5680650
55.5199351
355.5292506
356.0364001
5.2428413
12.5937122
14.7303408
3.7071147
7.5687068
19.9782152
11.4723240
6.1041252
8.9190633
6.8053054
2.9047927
34.1441597
40.6887657
27.7278834
210.2512582
722.2624925
162.7007859
170.9591753
173.7735716
269.7523440
200.4907262
199.2224297
194.6305595
188.4180754
251.8317294
197.0089372
200.4011290
201.8173739
193.1733053
193.9717092
189.0941515
284.5450255
163.1958173
216.0057619
277.1698506
164.0517780
181.5174720
265.8705575
267.1938474
193.6078298
187.2361383
190.7669977
178.0374345
188.8028465
202.9456492
186.8104990
166.9568323
204.1057972
189.4810981
184.0577046
173.0320126
186.4639060
190.8232516
186.9067296
185.8310981
177.9796345
180.6601255
176.6108933
4.3436747
12.5950400
1.0790162
18.5569532
9.3258811
6.5542670
11.6846310
2.6921681
2.2658485
2.2873898
4.3085558
4.3146563
3.1570529
5.1494705
4.0273451
2.3411423
2.4268264
1.4070401
3.4379657
3.2698477
3.2102225
3.1856514
4.1660346
5.7667881
4.7232080
3.2494396
2.7137626
2.8542149
2.4867469
2.1830451
1.9708577
4.3336499
3.0220808
2.9049622
3.8090762
4.2695992
3.9120439
2.8162141
5.0237267
1.6553848
6.3806362
5.8141533
5.8017732
1.8722173
1.9848549
2.2633337
4.2755524
2.7741309
1.1555668
3.1958397
5.3415809
2.2387198
3.8976012
2.7611857
5.1927842
2.1967860
4.5830270
2.6981804
5.0148868
4.8662951
1.8733768
1.8066541
3.4739450
3.4687660
2.3289649
2.2805707
3.1985640
5.5728709
2.1977746
2.4342299
2.1962270
4.2001734
8.2332434
5.8149759
3.5198311
5.3123262
3.7604222
28.1081300
15.2091320
6.2724740
2.1137065
8.1970893
1.3037012
2.9634816
5.5609101
3.6846001
14.2998731
5.7117909
4.7420010
3.4296375
6.3876433
1.5844856
10.9508417
10.3611087
2.4305867
10.6621284
3.2303168
8.3156176
6.0063953
3.7111470
2.6436808
9.9757262
21.1676807
32.1715102
23.6857430
6.5074143
5.1398229
10.6328403
8.2851964
10.5023290
3.7342409
7.0804560
5.9679771
7.9258331
8.4871839
5.3387436
2.6370604
2.6990270
2.8945231
1.4839906
2.5665147
4.6944094
5.0288201
5.4603519
5.7180783
4.2594063
9.8278003
3.2151004
4.3236565
8.6893916
5.7861297
8.1981312
4.5776765
7.3829556
7.5794112
3.9578111
2.8105657
6.4633057
3.3645550
2.8156083
4.4235610
5.7247922
5.1969743
6.0756891
8.3517995
3.5689024
27.7591448
6.8316597
4.9963152
4.3752254
5.3579512
3.4754169
13.1149463
10.3770425
7.6291360
25.6569362
9.9979398
13.4688623
8.7260856
9.1745611
7.6728203
39.4246957
37.5914193
10.7731677
36.4318287
30.6718992
38.4887945
38.5583691
35.5779296
33.2988436
36.8200677
36.3618934
32.9373796
29.7041924
29.4990766
36.7059874
31.9400309
1.6646398
2.8691553
26.8830191
10.9077243
31.3717170
1.9226878
9.7787702
7.5126871
3.1654614
1.9097518
11.5299851
3.2048479
6.8254466
11.6424472
14.7002330
8.4816373
11.3778632
7.9689760
14.3025046
15.0471388
17.1917805
13.8196665
7.5827657
11.0335197
10.9234695
11.8931582
16.1397025
5.9573138
6.5877383
17.1218390
9.8503905
6.9950181
7.0289357
5.9380273
4.7175998
5.1607326
2.5419819
7.8963408
7.9874597
8.0186960
3.6508484
6.1638788
5.1633034
7.6882148
9.0923269
11.7656162
8.7517929
8.0594129
5.8525020
13.9675306
5.9673587
10.8894235
5.9272752
1.6111341
1.5567266
4.3334643
9.1790931
5.3247853
7.8518311
10.8056929
5.9635068
11.0020705
16.6841115
11.4556061
6.0053446
8.7800743
6.0001068
15.1696635
7.4657944
15.3797075
8.4386370
14.3278078
10.7555150
6.2408092
9.7666487
15.3017151
3.1758458
10.5406465
8.8206887
7.3138003
9.6521912
12.2261341
12.3514984
13.3496416
12.5741958
13.5545562
8.4946842
40.5216654
25.1842479
21.2027582
56.1284713
1.2741716
15.1440279
11.4883571
13.6458968
5.8855926
10.0891870
3.1256480
4.7875357
16.7443179
6.1429320
10.0426562
5.2533696
10.6535980
19.4417809
27.3190548
122.0951000
12.8108443
3.7642400
7.0486376
3.2450436
6.7512674
68.8002709
7.4932200
4.0041112
5.2058210
18.8193772
1.9602906
56.6556465
49.8514461
4.4475365
2.8979872
7.3430993
3.3767765
2.1713266
64.2091448
5.3830536
4.8809948
3.7266022
20.2840693
3.6672748
42.0088471
10.3463578
7.8932368
41.7397874
4.5324297
7.1946237
10.9071412
42.5211632
29.7284349
10.6864768
5.3666747
13.5146073
22.5965609
23.6350388
38.1815018
22.1119732
34.2565638
3.1059452
8.2004979
22.4185655
34.4900405
15.2040650
691.6949166
12.5226613
667.4927663
69.5102501
21.8321171
38.4510257
119.3076386
667.1730845
695.8410689
734.8119699
734.6862001
712.9743558
696.4095736
714.8134939
695.8178130
288.6295490
639.5887009
16.7919040
16.2865899
329.4766940
7.2284497
69.2990100
82.8285249
28.6293962
62.4473899
59.5841079
76.3062842
69.8871307
55.8327748
44.7730546
72.2949610
54.2253913
60.5953130
49.0084331
54.9116035
32.3953326
70.8754781
310.3465194
93.8453399
200.1424193
501.6744755
61.6220567
358.5910139
52.0314211
38.4323527
59.5863220
65.5935309
108.1428945
84.0220852
93.1791347
7.7672262
316.1875649
165.2146601
533.4608887
53.8571025
332.9416215
471.6228680
18.4476684
20.2977168
13.4820765
9.1817879
12.5749160
22.6198194
2.7404264
8.4898328
5.1949462
6.3690738
13.6900394
3.8868903
1.6153364
4.4235598
7.8702655
6.0982247
2.8771768
6.4121469
4.6926681
7.2140130
7.1163351
6.4429329
21.7039746
6.7058995
6.0504997
8.9185586
5.6042013
7.3581460
5.3149223
5.0090222
12.0932488
5.6922906
3.8672496
3.7547917
4.7306354
4.1718530
5.4197042
5.6295981
14.8083527
4.2138023
8.3025929
5.7139647
2.6063848
3.6861329
5.6698148
6.9267787
9.9754919
1.9791626
16.9412185
17.3671687
13.7303213
3.4998713
10.7054906
40.1656125
1.5886445
3.4730326
2.3101738
3.1569056
4.1517487
2.0617043
3.0825478
4.3516125
4.0134937
8.1600388
7.2860690
3.1059817
2.3625436
6.0698124
3.7826230
6.8116170
2.3460316
5.8099866
4.4628294
5.6134235
6.7464371
4.6801179
5.2553720
5.7916311
7.5632491
412.0749553
7.3228636
14.6221309
33.2799139
10.8369473
40.5935139
8.7739593
8.3760279
4.9554095
7.0214467
5.8908908
9.5573086
7.5929799
5.0399098
5.4902452
4.4116614
12.0368438
13.4469196
10.5288154
10.0233579
6.8034867
8.6415220
7.7428964
10.8664264
11.7801437
10.4591202
11.2972208
10.0552185
8.4018605
9.4060826
12.3051411
9.8942353
8.3388949
7.1299326
