4.4032065
5.4267190
6.0059796
4.5331724
5.6830287
4.5158930
5.3055833
5.9314174
10.8234359
6.7511700
5.3424069
3.8649296
4.9266295
6.0271645
5.3258094
7.1205474
5.7568937
0.8870256
1.0469569
6.1149628
0.2251716
6.2011088
8.7566360
6.1522753
9.1075240
10.6984635
9.7258507
4.8169087
2.8753279
10.3326013
6.8930745
9.8074739
9.0328695
5.7560824
1.6804113
3.2238575
5.1178982
7.8931805
5.3668122
1.9168306
9.0601351
4.1298099
0.9252448
2.9603108
2.8818157
3.0148358
1.0632600
7.9848621
3.3836518
0.6463956
10.3625296
11.9808661
6.8033614
10.4435408
9.6112365
9.8967946
12.4283848
3.5667686
4.3487009
2.0894171
4.1411607
3.6195101
2.8488180
2.8264858
1.5593840
6.0921898
5.3763971
15.3955983
2.9451318
6.8662937
6.8075187
4.8401082
4.2772669
1.9597214
4.3453916
4.2339325
6.5780126
2.9042430
2.1669545
6.5244506
1.7092726
5.0140832
7.7845913
10.0045325
2.2796482
5.2516410
1.7210337
2.7183142
2.9123383
9.2065462
4.8929988
7.1963459
3.5893376
9.3044233
3.2901630
3.4024100
3.3782309
2.9851583
4.5071855
4.7771223
5.7266293
2.4487771
4.0562072
2.0538488
5.9033445
0.4250107
11.8244369
1.2779753
4.6376236
2.2245299
2.8573620
2.4728348
4.3897907
7.3551063
2.2823341
5.0270588
1.3914090
9.5570491
0.7758932
5.0532483
1.7264151
4.7281365
1.3060438
1.3897665
2.2071180
2.1366396
0.7967732
1.2965569
2.7820439
1.5529744
3.5193810
1.8793067
1.2909524
1.1050514
1.0037183
2.2541042
1.1377928
1.2293528
1.9250304
0.5977261
1.1808417
0.8337789
2.9462790
1.1217787
2.7195800
1.4302485
5.2380083
1.7183041
1.4184409
1.7906838
2.3911920
2.0613413
3.2709457
3.5145682
2.5231994
4.6007986
2.6673246
2.6975246
3.1662020
5.2469188
0.9284606
1.2686888
3.6504723
0.8218466
2.4596970
1.7274975
2.2132430
1.1468878
1.1793570
3.4216907
2.0495549
1.4630403
0.9370004
0.7952480
1.7400908
2.4090763
4.4643499
1.4144602
4.4666687
2.6453534
2.3780408
3.0195041
3.2899731
1.3125678
0.6044115
0.7685775
0.7475411
2.1483236
2.7317222
1.5968438
2.9600792
1.3767977
1.9147628
0.7110207
0.9578856
3.6606647
2.2946869
3.9824335
3.6377219
3.8888699
1.2468732
2.0250634
0.7254716
2.7210071
1.9872640
1.2090181
3.2835550
1.1078721
1.1491886
3.0710954
3.8482219
2.9765060
4.5561037
3.2132312
3.5732510
3.7534755
1.9916815
1.7457023
0.3355310
4.3449031
8.6081871
2.7441892
5.5753286
4.8006374
8.4349629
7.9967591
6.3607125
2.7194059
6.6351679
7.0071356
3.2683647
6.6447791
2.9655083
3.7654744
3.3062038
4.1931383
4.3148714
3.7107810
6.8428043
1.4660995
1.2781635
6.7957569
5.4586940
3.2319654
4.3883737
4.0743534
4.6812913
2.9742510
6.5344905
3.8911747
2.6873191
5.4138897
4.8637129
3.9160910
8.7636891
7.7514152
6.3178190
9.4181950
5.7231068
8.4549319
10.1128545
8.5366120
6.7492896
5.6864286
8.1133308
4.6393421
5.5020885
1.4358275
5.7726257
9.4433458
3.6350371
4.4453184
3.8964579
5.9545776
4.3486434
5.0710993
3.8454522
9.1483254
8.5541974
7.5429618
5.6880304
3.9987733
3.7599988
5.0552403
2.8523800
2.6405908
1.6472464
5.1192794
2.5807755
1.8303145
1.2938219
1.8483146
2.1358773
2.4682248
2.1184322
1.3056649
2.9681864
0.4728591
1.8807061
1.7935484
1.8636203
4.3203907
2.7453805
1.7777816
1.9911509
4.0486997
1.3161249
3.1039688
1.8778735
2.8521358
1.8155737
3.5500455
5.0874888
6.8106551
3.1231254
4.4582711
4.4045475
3.9259432
7.5981490
11.1149992
5.7916105
10.8895819
8.5520313
2.8695261
11.3831205
5.0595995
9.0860847
12.7407213
3.9547094
9.6928715
2.4744705
1.5641226
2.1158777
5.9720674
4.4033315
4.2768436
2.7794141
2.2037025
3.0303920
5.7162985
2.4217459
2.0237071
2.4703741
4.0604195
1.0054648
2.8749575
1.9533392
3.9560498
3.3916433
2.0599795
4.3805014
3.3271511
7.3532632
6.5061895
5.5266053
3.5890402
1.6171196
3.2252753
4.3469012
5.6756974
2.5686207
1.2444230
6.3611935
2.9412916
4.2041448
3.5790090
2.2329588
4.2133897
1.8602838
7.2964139
5.5102428
6.8588719
2.2776422
3.8636371
4.7998339
6.5402027
7.1735084
3.9084102
20.3246533
17.6424817
6.0865237
12.4571297
17.1300092
10.7099413
3.6035741
103.1025301
107.7000262
10.2584151
5.9700326
15.5437704
6.0020976
7.2572571
2.6212078
138.0736973
2.7516952
10.4947010
4.7570202
8.8444364
7.5676112
13.3009421
2.2447984
5.8710418
4.5924298
8.7554888
4.6020826
1.6367656
4.6374971
6.0807188
2.8713153
9.2474572
14.4839822
6.4759562
7.1232435
7.3430805
11.6484572
4.8198926
75.3804817
3.7314981
22.2708541
11.1523333
11.4648106
5.5519046
17.6780143
172.4157121
188.6761203
9.4550323
171.7426013
8.7282200
140.0386318
149.4067482
1.3297072
24.0833154
176.5663170
4.4207128
166.7685590
176.6082261
193.7637171
11.2039524
144.5990212
192.6775339
147.9333565
143.2677504
155.9949765
137.3498745
134.4315961
84.2200370
168.0242486
66.1313766
16.1740201
46.5906981
166.5951691
81.8848349
173.5656436
5.7686114
177.3059643
193.5423528
85.9414597
172.8411410
7.8138525
2.9990692
24.2025539
146.9441616
19.4177170
22.0605998
186.4226975
119.1607939
170.5845407
158.5643933
176.1162998
11.5918407
80.2596771
135.1996600
155.2128661
172.9869635
4.6715701
96.5022869
14.9105962
190.6909918
12.3058882
4.6247907
3.0954068
18.3620505
29.3444019
112.9110462
11.1239069
205.7572120
103.8151214
14.2444177
184.3730187
133.0426454
4.9304541
18.1530978
11.7435263
2.2160389
1.5922176
6.9776257
28.9094873
1.4061828
4.9595771
3.9337655
12.0224724
88.9783396
31.6513394
19.4718588
3.5770369
29.6795566
8.0023245
2.1061809
8.2002854
9.9789774
4.7393229
18.4456792
19.4499057
2.0615554
38.4290590
177.7303888
18.0461557
6.0474388
18.0226147
15.3611386
162.0534728
27.3736385
1.7954947
172.2045251
9.0970626
2.9197111
10.1092735
22.4648107
18.6501215
27.4808533
4.8816956
140.6783441
184.9878384
1.6914000
5.7128886
12.9683350
152.2928804
206.3477033
24.6224220
217.1533500
175.0239651
42.8519392
112.8990665
15.0929698
21.1863068
24.2000935
20.7612769
93.6004201
149.2921255
191.5793837
121.4552639
143.0146044
118.9262820
120.5988088
205.1627111
5.4515981
98.3967788
38.9335058
154.4731039
181.3281455
14.5444429
191.0050575
114.0803723
182.0589384
208.1328705
14.8260456
175.9679434
170.5760138
18.9604537
201.0692821
29.8805662
26.8581449
85.9500476
217.0408295
18.1654643
187.4296968
183.0781172
219.3369139
189.6409677
8.8898176
171.7937606
159.6708645
237.2624777
35.5551890
42.4050551
16.4372634
7.2975608
196.6799711
185.8731516
210.2932700
203.5485556
1.7024628
101.1580057
173.2268969
176.0256185
29.2822537
72.7397426
188.2697561
4.8371172
178.3531533
1.5059965
173.7187195
209.9585678
3.2516167
172.5509794
1.3191671
192.9511135
23.3635593
3.0770405
208.0996471
10.2644578
9.8229218
1.5876707
26.7012263
1.7041765
219.1799663
3.7440506
6.6130444
3.5414682
3.1799956
237.3588540
9.3910016
11.2696535
5.7217858
81.0552733
149.1974438
69.6548816
37.6243619
9.6013668
119.8683000
5.1810146
1.4751650
2.3343138
5.2897485
5.7397128
13.4895683
2.2978349
4.1874703
1.0359450
2.9509614
2.1053071
3.2405526
10.6472136
1.8002105
2.3327969
1.8291556
227.9723625
0.9758652
184.7024745
3.4528840
0.8208272
6.7748855
220.2192347
2.7308757
2.4113549
1.5924810
0.7656082
3.5729683
2.7055066
5.8050516
10.6883618
4.3577850
1.0719782
1.5349010
3.3959561
3.8668151
1.6058592
2.7578817
2.1644850
3.7582323
1.4008628
3.3050276
5.7175522
1.0292664
6.5854712
1.9064027
0.7698703
5.1453617
2.9714825
3.5576042
2.8458259
11.0913774
2.8092239
0.5465171
1.8355186
0.2404580
5.4146559
3.9249494
0.8732398
0.6710171
1.4328384
1.5404582
3.7383889
1.5665110
6.0241358
5.2254089
2.7330012
3.4457514
2.7832746
3.4768643
4.7744830
5.1094299
4.5399308
3.9765148
6.2038807
1.3278947
3.8006323
3.9374434
1.2336490
2.6799795
3.5062685
1.9427838
2.7613900
3.0446780
1.8558115
1.7135329
3.6784622
0.2529379
2.3262900
0.7814756
4.5702637
3.0586715
1.7111373
3.7604795
4.4495425
2.6593269
1.3133616
3.7262086
1.7687500
3.6865214
2.5765040
5.0139985
2.9878232
4.3006886
2.9367759
2.7231418
2.1703171
1.7061667
2.5072044
3.3126824
4.3908573
5.4646528
6.2097514
3.5436590
3.2529331
5.5614337
6.7097774
6.2007350
4.9714247
5.3016408
5.5508992
5.8068815
5.4224478
4.4153226
7.5924944
2.3624997
3.7091487
1.8306009
4.5571801
1.5439178
0.8629708
1.2405819
0.7636378
3.1956798
1.7802880
1.6456212
1.1255122
2.3320963
2.7367512
4.9596348
1.7899488
2.1174048
2.7849783
2.6475268
6.2272009
3.0122727
4.3181092
2.6206360
2.4537935
2.1431018
3.0373600
1.9134975
3.0997853
1.8601614
2.4802170
2.1238479
0.8627700
3.6480450
253.9983027
4.8407285
1.2855404
3.7505413
3.2593573
1.9539650
1.8215990
2.3156710
6.6195182
4.0838093
2.3309681
1.6534047
274.1402564
0.8916490
3.5599448
2.7832742
3.0815351
0.6222286
1.6662979
3.1635745
2.1646538
3.1260825
1.7457020
12.5057748
5.5919910
1.4743056
3.8501702
5.6630061
5.0848052
31.8997199
22.9948064
38.3531018
4.5759954
15.2201574
3.9705650
5.7477468
15.8522947
61.0279701
50.0998690
6.1369406
319.0806686
4.2494904
4.5888032
2.3581752
2.3617483
4.9466570
3.5261771
7.3314920
5.4351452
22.0781616
4.5662622
318.1013416
3.2564845
24.8148842
16.4475047
13.0198957
7.7794695
2.5214032
11.5989090
13.9258586
8.7843387
26.3084811
29.1807381
24.9150173
7.3599640
7.9814737
6.4657783
3.8245881
214.0220762
19.4011904
9.5527988
268.9370672
201.9346791
23.1149576
33.1634406
32.5419705
214.0648995
3.5035792
6.6828433
5.0546364
8.2273574
2.5617416
235.1521017
31.1823568
8.3833576
4.8537202
7.1192504
13.9265191
1.6466253
2.1707398
3.2920550
2.6057243
5.8307613
2.9587341
4.4995686
3.2903686
4.6203661
2.8611938
2.4272610
0.7382625
0.9595347
0.3128894
142.3162826
125.0090942
3.6498583
1.8026321
1.0295342
128.3048503
6.6071620
4.4118710
3.1914483
2.9519214
4.0606197
2.3122040
1.9233120
4.9936902
3.3871733
3.8308537
7.4997278
0.9261174
2.3681080
2.9590978
4.5217960
245.4329258
5.2449604
14.6110137
5.1779940
80.2281886
23.0585482
216.6911524
5.3262331
234.9847980
62.5194759
108.4444131
135.9331589
277.3086946
2.6529594
6.5701892
3.5392708
14.7960132
4.0397746
122.1488453
4.5767278
1.1828959
5.7960213
15.3757994
1.2876919
9.1425497
1.1022297
4.0019569
39.1591224
6.1883482
9.8069459
5.8061506
1.7258758
1.0905598
4.5432896
11.3292735
3.0974946
2.7509334
0.8581356
1.5372229
3.0717173
3.1831523
3.1376945
1.8762746
3.2922183
3.0147870
1.8864200
2.1311994
2.1273803
3.5758440
2.5383652
1.8182765
0.7381037
1.1066627
0.9991620
0.4506717
1.3790863
1.9923972
0.4561098
2.0254047
2.2965126
1.7403064
1.0348208
3.8525328
2.6652253
4.4720593
2.0317391
5.1048519
6.4337353
2.5255556
4.0615754
1.0541140
5.7816259
215.9774774
9.4192033
13.9505400
10.4219632
7.3379683
11.4770004
16.6947730
7.0071523
7.5520255
7.8800364
18.8796300
5.3229174
2.7170365
7.8325176
5.3368182
8.1898858
8.5998133
5.0196673
7.2204487
10.0629932
10.4219218
4.9948611
7.2076506
7.2206507
2.6080139
4.7059698
5.9027818
5.3037282
2.2046502
6.3010934
7.3886913
3.0441055
4.5540457
1.1996939
4.2460372
2.4766576
1.9788893
2.1228472
4.5993376
4.7588176
2.5712444
2.4992876
2.1160658
3.4778697
1.5944603
114.3709733
9.0330210
4.1820652
0.7077273
110.5509870
3.0268105
4.0648712
4.2187774
5.1268675
2.6990613
26.0690048
173.3487531
1.4472717
223.8264916
5.6035059
1.5205707
4.3638125
1.8597467
23.3059723
2.0617603
1.3853102
14.5649711
3.6123547
4.6506968
12.3198541
3.1169186
6.0900109
2.6174054
3.5397521
2.5882875
7.4778009
5.0561100
7.1112398
8.3116598
5.9985950
0.7133296
2.9489906
6.4211048
4.0521799
1.8814907
4.3369904
8.3438680
18.6371515
6.0262020
9.0930155
5.4821712
2.6451138
1.8471567
9.2375546
7.3268120
8.5967311
5.8761613
2.0268700
2.2853451
1.8513962
1.2458703
7.1990841
2.5327791
1.2108854
1.6283198
4.4984144
4.1302848
11.9282014
2.0320428
1.5295196
1.8301244
5.3457817
0.7505725
13.1023408
6.6856562
6.4642404
5.9452175
7.1995666
1.9692458
8.3731647
11.7857786
23.0981368
170.6161757
7.2463540
13.9780680
7.4704616
10.1690861
0.9705154
7.1589063
4.8361165
2.2475758
5.4741462
2.1155433
3.2709821
4.2755433
6.4178562
6.5708003
1.5614948
4.6822897
2.0096886
14.6787389
21.4356815
9.5409236
4.0974241
9.5751511
81.0869617
5.9571290
3.6850597
8.1319618
3.7332084
3.2322667
3.0343824
3.5844972
5.5713590
1.4632282
4.4002439
4.8485858
172.7058339
1.2302868
18.8288471
5.1142626
2.8743437
5.9455675
79.2752411
3.0783667
1.3485325
9.3673799
14.5383351
7.4698075
10.2970817
144.8281798
23.9385226
6.1600765
8.5834589
17.6955609
3.4791370
3.3536381
3.8245377
3.4200719
19.1377594
206.6923567
39.8812916
3.2154029
143.2872193
152.3148285
29.8524685
39.4156930
7.8105619
152.5002179
4.4806430
4.1857056
11.4316433
0.4715014
2.2671486
1.8941145
5.6733863
3.5690290
9.6508031
2.5539859
3.9895269
3.1105055
7.3152451
10.2447000
0.5753576
162.9087022
41.6356112
157.7978547
3.7541939
2.8797663
4.9068547
14.7539529
33.3582568
108.8451568
5.1254894
6.8174783
7.8319228
16.3608534
6.1122975
2.9580768
90.3367195
2.2859630
7.1720293
6.4159978
4.3690550
2.7322238
133.1786788
3.2416752
4.3035820
2.8942113
1.1547590
2.7919712
1.8288324
4.7245245
6.7646316
3.3283154
5.9625099
3.9139896
107.9107549
3.9216742
6.9710530
3.0984287
2.3732488
0.7949359
8.5229850
2.8938953
5.4603547
12.6490747
5.3526756
1.1040606
2.4024407
1.4636773
2.9306680
6.7404702
2.4157966
3.4032629
14.4266977
3.8951681
5.1476165
5.0255733
2.1549123
1.4713753
6.3488786
1.1591702
7.3401694
1.8315631
4.0357889
2.6814795
3.3073156
1.3746401
10.6361864
3.1011659
5.2645915
3.5496815
2.4489485
5.1595005
11.9957843
4.2650670
3.9060476
3.0782812
3.9383382
3.2373333
4.2829721
3.0303663
2.2450127
3.7021998
7.7620176
1.8671705
9.0288856
6.0955473
7.1886612
3.8387744
1.7917701
2.2459547
1.0301011
1.3591524
3.9577095
3.6034974
1.6669213
6.7317289
3.4134537
2.7509259
3.8883059
5.1610831
1.8369438
2.6536757
4.4949726
3.1310405
4.4619342
0.2483524
2.0884793
3.5271431
2.5647314
6.2519102
1.5669702
7.5704795
4.9635150
1.6076615
4.1801520
2.7340994
3.1228284
1.9793500
9.1473928
4.3476944
1.6868922
2.4786173
1.5431430
3.0589835
1.3173783
3.0965024
2.0801733
2.0197951
2.4280642
3.6993181
6.7823590
1.6346514
3.0036941
4.3319261
1.6589085
3.3908925
1.5384953
10.1090414
2.7633373
5.7836048
0.9510453
5.8292105
3.2804961
2.5412926
3.1773033
1.1819100
3.9439926
5.1299869
4.3016763
1.5778617
3.8719891
3.7978671
1.9480715
2.0922132
1.7421484
3.4492706
2.1883314
3.5933963
1.2284733
4.3539974
3.2673861
2.5434768
2.8025308
2.1041322
4.3009072
2.9613046
1.8824446
3.9551770
2.8128748
2.3507103
2.6428295
1.8824330
2.7981569
5.7864578
3.3032031
3.3465363
2.5876277
4.2687332
2.9064623
1.4680793
3.0022188
1.8962536
1.4008146
1.8951725
2.6157911
2.8669033
0.3706564
1.7183543
1.9962743
3.0383030
1.9655931
0.8186916
3.1637211
0.9880569
1.4645207
3.0308171
0.8076971
1.3293557
3.0018478
1.2409060
2.0328451
8.1453295
3.2204011
5.6139883
1.3137177
2.7218731
2.7712134
0.2251467
1.4204321
4.1948241
2.7929923
1.3652127
7.4704299
1.8488568
1.6728075
10.0670319
2.8108516
6.5656123
9.3701903
10.1949196
1.2809994
5.0008032
6.2319066
3.4743842
2.7033725
1.3420352
13.2792388
2.1893525
10.2328722
5.9303075
3.1236139
4.5658713
2.6536925
1.8623520
2.7086516
3.8035572
3.3533288
118.4662814
5.8577765
3.4922286
2.5451249
9.3303944
4.8961822
5.6464351
3.9633201
3.3743800
3.7944390
2.8165576
5.6755458
5.1118620
2.0440916
2.4964532
3.0064252
3.6414318
5.2734203
3.2554393
2.3313616
0.8065494
4.9896900
2.4238422
2.5745728
2.1779957
4.6171572
6.3857399
2.9643414
3.5595789
4.1861214
1.4492297
3.3329701
4.6462367
8.4798169
15.0317207
118.1615384
112.8103129
12.4707247
5.8878431
119.3829633
17.3625877
4.3571139
1.7813725
7.6655082
80.2186836
0.5060369
24.6522520
4.2483968
5.0975236
3.5369760
30.0239629
7.7645159
6.8012618
3.8930714
1.9493075
6.3443039
3.2019193
3.7458648
7.2266047
4.4288503
0.8637519
9.7102086
5.3188690
4.3194071
2.9974715
2.3355961
8.6268036
1.8056939
1.4465939
4.7590200
5.2901376
0.7518514
3.1664265
2.1004280
6.9903463
2.7360793
5.0646512
2.3318326
2.4675357
4.6729254
4.2398432
2.8587702
0.5223528
0.5871945
2.1528605
1.7689651
6.0340445
3.8964694
3.5792511
2.4105448
5.7056066
2.2244532
7.0528632
5.9420389
7.8702503
9.9690898
0.6944236
2.7079934
2.6364642
2.0409753
2.2883593
6.3565634
4.4886462
1.0706419
1.4261054
2.5831452
3.5545373
1.4232121
2.7040621
4.7497520
3.2126732
1.1952490
3.5785470
5.2074870
2.8059319
2.1384552
3.7937433
2.5931861
2.4745168
2.9565204
5.7538732
1.7217008
10.3191405
15.3286416
2.0321929
1.8199883
2.5744330
4.9892068
1.2059907
1.3742896
1.1493405
0.2285133
1.3592085
2.0157567
1.6062115
1.2670379
1.2529727
5.2077984
1.8966463
7.3727416
2.1779017
4.0596289
1.9352624
5.1640422
4.5720667
1.5866266
2.4516117
1.4735141
1.2605909
12.0669183
1.1636751
3.2777087
1.7374130
19.1714438
8.7294554
2.6494933
36.5913323
110.6148213
9.2819677
16.0811457
20.4521272
3.7528501
1.7277254
2.6462019
1.0341377
17.8899239
1.5342683
0.7993305
4.0727939
3.2349280
2.9609836
2.0969906
9.9408719
58.4443629
3.6919959
2.8044291
1.2625022
2.4403216
3.9461929
2.8349392
1.9366216
2.5482140
1.9119286
1.8983061
11.2351666
21.3031414
59.7448747
2.1646751
7.2223730
2.0610909
2.2572940
2.5219968
3.4401510
2.0970644
1.3139575
3.8719343
1.5713369
1.9863779
1.6941300
0.8752076
1.8087718
1.9426740
2.1931151
1.4405961
0.9843195
1.6073198
3.9117632
0.7053500
1.3349240
6.7144756
1.3745017
1.0736350
5.0894561
1.3685016
17.1156766
1.8920155
27.1669587
0.9574002
2.0801002
1.4117508
0.6115305
2.0476526
10.0711923
1.0050667
2.6650616
0.4815000
1.4173898
38.5364406
1.0695996
2.1680049
14.6602821
10.5992338
1.4038265
1.5528185
13.0743550
1.8484600
203.1651996
2.1754924
5.6595609
1.2570214
1.0973720
135.6693181
2.7430069
1.2678523
1.0477870
1.8127701
22.3584460
1.1080536
31.6741361
7.8493823
1.4437155
1.3068504
1.9676464
3.2142911
1.7678005
31.4347592
1.5735134
27.4707412
1.7351626
66.1091469
26.3616681
4.0327309
1.6964670
2.9999448
1.3321970
0.4086988
42.1111950
7.1299903
7.9602456
36.4735430
93.8695218
11.7496315
0.9464741
4.3044436
10.6547607
11.0975865
8.3023102
5.2769650
2.5395201
5.5856454
13.6268074
4.3027516
7.1485776
4.3428695
20.3637658
4.9018287
3.4057413
12.2404119
27.9790056
3.9612391
6.6371086
5.6803420
4.1788862
6.3367150
8.2456252
7.5441470
9.4221459
6.4796036
10.7223354
3.4872823
5.0942878
2.5598217
5.3338015
5.3647302
1.8694462
6.7227273
5.4833917
0.9600765
5.3615498
4.4481212
8.5444627
2.3070180
3.9955396
5.4435775
5.9990087
4.7337037
0.9016212
1.2517586
0.9640144
1.7376188
3.7285660
0.4693183
7.4386911
2.0733520
32.4339253
1.2179811
7.8493449
2.7963754
1.3516627
2.9069810
7.0520139
3.2951893
5.5444235
4.0521127
1.6254057
2.7642238
4.5105438
5.7864634
5.0687448
1.7928789
2.2997013
2.7655614
5.5596426
5.0780148
5.4043097
7.6375140
6.5766039
8.8247871
3.4517058
6.5641283
4.3819134
7.1972946
3.4079140
3.9706845
3.6526721
3.6704443
4.3778325
4.9920612
2.5477278
1.8321686
1.9649312
3.7917680
2.1773756
3.3771592
4.4800613
4.5119807
0.8939574
4.2386375
6.7142670
7.0875328
8.8488531
4.2812626
3.1401155
5.4713621
5.4057845
8.4164930
1.1451252
6.1786891
16.8876191
1.1896590
0.4473874
0.8320661
7.7292414
2.6834396
2.8900313
10.3927761
1.0165684
0.8353438
1.6286588
1.2410606
3.1550632
1.4293161
4.5099839
1.2683441
4.3565216
0.6182642
9.1431001
2.0304814
1.8803833
3.9729841
1.4292283
35.8873335
6.5190314
2.2227906
4.8299190
3.0865031
1.4656824
2.6359821
3.2580592
4.1726901
3.5548673
0.5724819
1.3126207
4.1612802
4.8562421
2.7269514
3.3131372
3.2574791
2.0456111
0.8820405
6.6630551
2.6830589
2.1314685
4.7179381
0.8760795
1.7919637
2.4156294
2.4023387
0.9791649
1.2831585
0.9469331
1.6519187
1.4398806
4.9131899
1.6817777
1.6115356
2.9514982
3.0070588
2.8894780
7.1697536
2.7680018
1.2653714
2.7340182
2.6207010
3.0174008
3.1452554
2.3428636
4.3334730
17.7240343
5.3172183
5.6619198
18.7091824
4.1180470
4.0258139
6.6065367
44.0269620
2.9139832
4.9648208
12.9106226
4.0422167
9.6718373
2.7988549
1.8478656
61.4207382
28.0781655
3.8886065
3.6338474
3.3285699
1.9138373
1.0007994
1.5113196
5.5309732
4.3208885
5.3028590
1.3134490
5.9070334
4.4460161
11.1013590
5.2088129
2.0034602
5.7834807
54.7685942
2.6894342
3.0829691
3.5831182
4.3468545
5.6830690
4.4041234
0.9566704
3.1351296
3.9258619
0.9102255
3.1505523
6.7106565
0.9766225
6.5586117
1.5450595
1.6248427
1.9169118
3.1766858
2.5797520
5.9917767
1.4820261
3.2919948
0.7217477
4.8309287
2.2531174
3.6237339
2.4801321
6.3790015
3.6354077
1.7068311
1.6392942
1.0853545
0.8270144
0.8915745
4.4012053
3.9003521
2.4589893
2.6458198
2.0551224
2.1407853
2.2266580
2.4636736
0.8625545
1.8600202
0.4638577
0.9106643
0.4128183
1.0365923
3.0369466
37.5941188
1.6408967
0.3793749
0.5014704
2.2158720
1.6801897
1.3916078
1.3132688
3.4410763
47.7261376
2.5210605
0.1885658
2.6756363
1.9775977
3.6961619
3.6090859
1.2148577
2.2434482
261.1732990
3.8065471
2.6841504
4.2054711
6.9026883
4.1912251
4.6963971
12.6661839
2.7442877
8.4403328
2.6369216
1.7635498
3.0452183
1.4811513
1.1703798
34.6645956
112.0194673
4.4942347
7.1123947
8.4433814
2.6027471
6.7117243
3.6040264
104.8228462
6.3845268
4.9210786
8.1549158
1.7956196
1.0569489
3.6763321
8.2541817
3.7634062
6.6354676
4.5987146
13.5828396
3.1982909
2.7943615
3.6211072
16.3337461
10.2427763
10.6908115
3.2430520
2.6325562
2.2200041
3.7639628
25.7464686
16.6223420
7.5165318
45.3526103
0.8760660
6.6455504
38.4178226
7.7573911
73.3765742
68.6586482
71.6131484
160.5976820
102.6197159
14.1917172
94.8973577
65.6564490
4.7339769
21.3714557
21.3264286
77.7167478
3.9217548
2.6546107
2.3293041
0.9408400
5.4559420
2.0053281
3.6960329
1.6750232
40.0492082
1.7789744
67.2349855
20.9333266
2.3620853
25.8777311
2.2986070
9.7643865
68.4746970
2.9278398
4.6663744
4.5580707
2.3301853
63.9054903
67.3515177
30.0266280
66.1247189
26.4131761
24.4552142
36.3738989
42.8374086
214.3456613
30.4078652
202.4483896
101.8264564
23.3480164
67.8411074
39.6659254
108.4499988
142.5516091
42.8069494
19.6550063
72.5967628
75.2133392
278.5470191
10.6671383
120.8988220
67.5056309
66.9867331
69.2604321
43.2413755
10.5637434
25.9882687
58.3317303
46.6050329
3.5679500
3.2208059
21.0851638
4.2807317
8.5232572
5.8682387
3.4945565
6.0851596
5.6735651
5.4005378
32.6404678
6.0762723
14.9732149
2.8186793
52.0944031
124.5507952
26.9782814
60.1636763
4.1152534
136.0875315
63.1393638
19.5041138
13.3368785
60.0619811
31.1539859
2.6457421
6.5947596
2.6973564
3.5948363
27.6905435
5.8799338
3.8558861
5.5045541
32.6335697
4.1416052
5.4486854
69.4422680
4.7483376
104.4910864
66.8084912
168.5750046
4.4395741
69.2050020
15.4206734
8.7424709
6.9222543
4.9152492
16.3344669
89.1299847
3.3062772
18.1795004
73.0848259
4.4443481
6.6478302
82.6911179
70.5980601
4.3620873
159.9207598
67.3068743
81.8907915
108.5631756
102.6926824
170.9622341
125.6711026
119.0783777
76.1161198
68.4997378
72.5172648
88.9129061
92.3646409
84.6954311
77.0464774
51.2243607
7.6474315
5.9707976
128.7198322
17.0878742
10.9766786
6.0160485
105.9144302
107.2106179
6.5893971
7.1914868
7.8366795
6.7945864
16.4390020
106.2200084
23.1043709
107.8210983
95.6402207
6.9688288
15.7716979
7.4558328
6.9103546
115.2851149
3.7760169
74.8880857
9.1589429
7.6989288
3.0305350
3.1196670
126.5113886
12.2450082
40.1340713
7.5873249
5.0177339
5.4120083
3.4874560
5.1476743
7.7667610
22.6900755
60.7815374
11.7812122
6.1091568
250.6569579
6.0626632
6.0042662
4.7837364
3.2245368
5.4806529
139.9050606
30.7139467
6.7027587
5.8993137
6.5524733
12.5785760
201.1240407
8.9900352
37.0130052
7.8570894
65.3096027
6.2215734
60.6063101
74.1853875
7.7987278
8.4356282
47.2554803
3.6964989
27.3344384
9.5487181
14.5763525
15.3555389
6.4427914
70.1296965
3.0680978
120.7668183
4.5921670
3.3583485
19.1745085
154.7814698
3.8788119
3.0986639
6.6886891
5.9358872
3.0467399
6.4168345
3.6993302
0.5263693
1.4653849
2.4398758
19.5135050
1.6994368
2.1077130
281.2912164
3.5610658
1.6992132
2.7972638
5.8371663
0.4089091
3.2377296
10.2999619
63.8082351
2.6148587
9.6021969
271.6102934
4.8008074
23.8299073
106.5546188
2.5240165
3.1278222
13.0965442
5.9909160
0.8457074
2.3518445
312.8812600
319.5901875
139.4420441
9.0855362
19.7636139
295.8433188
37.6892885
171.5582123
1.9617946
122.3532189
214.7195069
1.5081002
14.2721615
212.1959428
1.2282901
80.9526658
172.4025066
39.8219592
193.3470166
212.1298117
205.9679322
4.6185364
52.0351834
3.1731628
6.3334250
8.3412500
3.2025739
327.7638838
0.8220963
5.7766275
147.1790576
7.0906039
349.1000172
88.2931407
10.4877763
23.8238659
214.5405039
150.0309348
2.6789535
44.8915608
147.7639027
67.2009348
5.3619482
2.7605486
2.1810628
1.4736386
2.0234008
4.3601226
1.3674230
5.8732508
0.9497013
5.5141171
6.0646446
4.9233160
1.3653732
13.4520759
18.8201801
14.7512369
3.8438428
14.6778618
2.4862288
2.5748992
5.6791405
0.9268347
5.9697634
1.4671053
4.1851779
1.7528853
8.0501702
5.2223936
3.9034980
2.4786939
2.8055066
3.3356339
3.9368295
1.4580719
2.4842986
3.1239248
1.2829967
0.7799445
1.9215193
1.8838577
1.0968516
1.0950595
0.7244685
1.4817499
2.9570232
0.7201963
2.9784907
1.8426704
0.9548358
3.1456118
2.0121612
2.7699548
0.8919037
0.8422452
2.3628322
2.8422332
2.2695782
0.8372625
1.5746489
0.7017253
1.0671002
3.6267935
2.2108737
0.9967100
1.0735362
1.4755075
0.7778536
3.3930747
0.6444347
0.7705941
1.7490771
2.4353293
2.3449449
2.4955865
3.5462232
1.4137228
2.3483332
2.3326372
2.6190988
3.4066332
1.0194587
1.7373849
2.1123702
2.9576104
3.2315891
2.3427552
1.4880963
2.5325613
1.5935958
2.5811992
1.7959936
0.9105594
2.7395889
4.3934766
2.9446373
4.2305490
3.8979060
3.8289416
2.7110305
3.7364863
3.0434192
3.7441034
3.8525313
4.7325856
2.4446571
2.0939544
1.9217413
3.5248697
3.7992278
3.4192643
1.7969544
2.5019789
2.3142472
2.2486360
2.7848840
2.5172982
3.9577124
2.3898553
2.4248604
3.0749443
2.3585247
4.2847056
3.6518098
3.8294582
3.2524900
3.4473779
1.9161779
3.6374215
3.5054223
3.3391012
2.5102349
3.5738915
2.9994603
2.9355985
3.7894557
2.6844252
3.9373209
2.1147901
3.7530661
2.7341179
1.5347481
0.5328802
4.2843434
2.4398082
2.0315640
1.3919805
1.3211841
2.0799160
1.7562631
1.7856298
1.1748943
2.1595535
1.8300391
1.6546171
0.6178349
2.6129296
3.0138976
1.1665870
2.1805209
2.3248466
1.2230797
2.1898354
1.8937941
1.7692650
2.5139746
5.5333970
3.3542761
1.6848871
1.9833012
2.1552930
0.6425552
5.6143096
3.5413506
2.0155193
1.8305808
1.5597422
1.4655875
1.4984783
2.6436339
2.4512731
1.2144805
0.4612303
3.2272461
1.2982265
1.2547997
2.1896470
1.1824077
2.0006741
2.2748413
4.4538941
0.7954447
6.5860638
2.7906240
6.1734900
6.3304250
6.8880955
6.1555048
3.4117805
12.2992024
2.7179798
2.5089902
210.5410195
2.7082728
207.2905419
1.1865429
307.0034673
208.9491836
202.5942090
1.7418282
105.4514139
208.0682057
10.9441061
203.4929743
6.7023401
201.1151515
204.3456345
197.7117875
5.5583461
85.9971293
6.8625914
203.4708308
6.9003768
196.1668929
6.5930674
8.5134131
2.8025608
3.1745169
5.5133813
98.2433043
44.6919180
12.5761430
138.6999544
135.8041609
62.1808881
90.2775219
64.4264287
8.5742985
8.5049669
189.5369202
44.4660399
192.9070224
87.4793112
89.0396933
71.9348534
84.1349464
70.9070651
82.8366417
95.4789572
77.6012617
3.6033448
9.9524533
75.9026832
89.2281187
19.8216143
15.5438422
10.8419779
13.8126515
7.2261126
4.4529060
8.5493517
6.8659845
7.6872793
12.7789484
11.4317330
3.3247263
23.6232566
0.8312164
142.8302586
90.0155412
95.9839446
7.9490245
17.7014986
19.7247039
76.7212496
30.7767602
4.0229560
15.1625558
17.7630096
22.6891218
15.9117153
8.7988650
4.7641382
32.9501052
31.8567060
30.5849479
17.5562947
69.3790466
14.9164571
14.5907765
22.0150855
77.2961574
56.6726329
86.3992779
76.7454309
86.1291534
35.1725029
33.9507946
158.2258480
178.9269348
16.7268411
6.9003304
40.7119885
40.9367779
32.5893276
10.3375022
10.3021177
54.4846381
21.9264386
66.1784027
10.5998095
9.1576739
15.1550617
58.6747580
7.4058116
2.3096533
9.9752410
2.7271276
25.6660099
3.0563998
4.8222185
2.2196120
6.5367146
167.4832240
2.1313583
29.3354203
7.2976608
6.4824131
9.1050115
15.8635798
39.2588479
6.1294239
12.5346993
18.9976118
16.6307477
18.3419287
10.4452124
193.8845635
5.6652559
116.1523225
9.4681683
13.3763391
11.1488334
8.9559418
3.0759301
19.3385510
35.8856103
2.3830874
9.4306241
107.9614476
16.3122754
11.3808952
26.2542795
3.0645463
6.3037439
27.2905748
9.6064928
2.2749570
8.7890279
106.2262019
33.0956834
5.0477623
10.3951212
18.7882891
6.2245808
39.9810947
16.1399100
4.2167034
2.5352223
4.6096759
13.3599589
1.1506479
3.4009600
21.5311001
2.6689911
22.5878434
27.1153007
4.0967939
4.4769260
22.9492085
28.8269605
22.9703976
9.3951421
9.0841503
2.9038353
13.0901197
4.8027981
5.2310012
11.1299349
89.5403715
158.3453515
171.6498690
5.6269612
5.2071434
10.3575306
46.2854701
5.8493925
8.1281180
64.1537022
97.7106279
129.1808171
39.9644789
4.3008768
4.7753624
7.2827012
19.2092173
39.5580896
93.6375664
115.4708650
1.0643918
8.3357698
5.9822703
5.7088472
13.5779915
3.9178497
5.5431045
6.0955325
2.3485779
82.5217704
11.9505613
13.6137653
24.3609756
9.5437545
5.4013100
2.5963355
223.2613428
0.9152331
3.4500356
1.8613621
0.9503504
6.3284332
24.1888465
1.8655701
2.3842098
15.7945329
4.3868055
5.9574379
6.5673811
3.4078866
3.0987771
4.0256471
7.9317344
3.4151202
2.8012071
3.5561133
2.6480362
2.5993281
2.6955932
5.7579604
12.6326314
1.8456356
5.9426585
4.0436911
1.5701862
1.6750901
6.6813551
7.0275637
5.1735811
5.6571085
10.5728999
1.3597500
6.9436648
3.1405136
0.6602491
6.2342490
1.2009225
1.8384709
2.2176651
8.3452027
2.9795617
3.4820221
9.3028032
7.4632954
1.2118593
4.6370147
3.5148483
2.8548918
1.8783997
8.1913015
9.5301615
4.0467456
3.2716085
2.1953669
1.6359069
4.5835718
2.3330632
5.4013423
0.8323199
1.6820231
11.8679520
1.4993941
4.6699331
196.2620743
5.4679951
3.7444359
1.7572228
3.0223283
5.8818287
3.4226185
4.5762035
3.8911718
7.9267723
5.7917717
2.7759876
2.9897065
2.7580995
2.0596767
2.7933874
2.4317351
3.4401973
5.7471974
4.1965807
22.2341387
2.4329074
11.5398168
3.9942086
14.1068205
4.2481230
5.4029393
5.4019013
14.7294704
2.8239178
5.6611036
2.9520153
3.1965324
5.4849157
2.0794787
4.3404491
0.6390619
4.2916828
5.4549372
4.4225164
4.2521173
19.4235462
2.8264210
13.1882485
5.4201763
10.3414115
4.7486994
2.4678806
3.9478452
10.6369699
2.9345419
8.6334362
4.1652304
3.3611760
2.8882734
2.2204955
1.6701893
4.6814725
7.9678387
4.2093484
9.1598130
6.2936283
5.7472491
4.2929296
5.8187675
8.7684075
5.1301220
4.3106443
2.7963176
1.8948217
4.4234617
1.2421845
1.9452388
3.7473075
4.8903392
1.4205831
3.2739330
5.2740816
3.7586015
2.5939983
6.1639279
1.2892638
3.0595033
8.5304001
3.2356519
3.2445104
2.1208466
11.2620838
4.6658372
2.7101587
2.6167371
6.8911567
5.2561453
7.4867017
2.7711879
2.1468610
12.7709762
1.0616325
4.1870641
2.1734753
6.0906312
4.1458128
2.5104115
2.3954115
2.2227413
1.0261953
5.0063462
1.3128732
4.2285416
3.1825726
2.0974480
2.4714504
2.0276665
4.0554131
1.8673300
1.4622739
3.5757461
0.7917560
1.2209932
6.1402233
2.4411731
4.5410586
2.2690274
3.2003706
2.8386904
2.4089237
4.8089706
5.8376704
1.5117852
3.2797322
4.3879739
8.0251062
4.4199052
7.9423507
3.7000641
3.8438556
5.7808499
6.6384246
2.6290540
2.5054721
1.5992371
2.2770801
4.7843376
1.5540026
3.7158944
2.3541101
3.2042518
3.2555372
3.5692008
2.1917623
0.7421172
2.1058609
4.1522330
4.6569868
1.0734604
1.0050622
1.5808454
7.0344843
1.1756174
2.7665705
2.1641939
3.7043709
6.0990175
1.6432011
1.9695177
3.7265098
1.3278707
2.5830470
2.5764209
1.1357110
3.2483362
6.1896693
1.7448880
5.2241757
1.8497793
1.2184144
3.6162431
3.5573002
4.8294761
1.7507708
5.3606409
2.5688660
4.5334438
2.3604821
5.2810032
3.4466472
1.0891830
1.6159000
1.3755103
3.9751005
1.1596205
3.7446700
1.9544283
1.6144081
2.3712509
1.7151591
3.8457458
2.9584960
3.0087990
2.0792356
1.5062322
3.5954691
2.9572007
4.1940181
2.6696008
3.8744272
3.5973790
1.8030757
1.5749247
4.6276662
6.7268993
2.0481694
2.1004069
3.0367187
2.9813396
1.5956432
4.3065720
3.4845674
2.5487998
1.8033617
7.7591412
2.5359992
3.1487038
4.1772612
4.1258234
3.3541060
3.3766947
5.1291378
4.7651245
2.5719498
1.6235487
2.1856820
4.9682422
3.0433704
6.3567118
7.5819440
1.1530857
7.0218927
3.4692603
13.4708866
2.2734154
0.4995985
4.5262632
3.8694727
5.0627511
4.0708463
7.6489628
2.9736645
5.7375986
4.6269278
5.8671504
9.2758801
8.2775198
2.6279023
0.7272291
2.2903004
1.6255241
2.6891061
4.2922283
3.7239976
2.9036817
2.4456075
2.7062828
3.5989590
3.2657361
3.3535764
2.0839824
4.2940952
3.0254582
1.6103111
2.2252251
3.1040191
1.8755305
4.4763087
5.3518636
7.3598009
1.3490054
2.6707107
4.9074983
2.8851660
5.7904264
1.2589108
2.2969241
2.8907858
3.5686412
3.8999383
1.4089112
2.8951716
3.5677526
1.8096371
2.7399462
1.9622845
2.0620563
5.5998565
2.2297547
2.2748775
2.3567969
5.9596489
2.0173984
2.5834086
0.9403656
1.0713004
6.9171019
2.0351888
4.5973944
3.2780344
4.9400332
1.8535823
3.6883787
2.6822494
3.2281012
1.7994526
2.6248043
6.0237312
