5.9437052
3.6768435
8.8728812
13.3019859
4.2921809
9.7590760
11.4719490
5.4951528
5.9830578
5.2926744
3.3197924
2.9966397
4.2881692
1.3221912
1.8604048
1.5470886
4.1668478
2.5565550
4.4710156
3.8220543
1.4033129
3.5359796
4.9503722
16.3215041
5.1468430
5.3716793
5.1188772
4.9727733
2.5858826
3.9499116
4.8116342
7.4766795
26.3129340
1.4904290
6.4450178
10.7608437
2.9467950
1.7912398
7.1312123
1.8605991
5.3479282
4.9346578
4.4934906
6.3121206
6.2825174
4.6670590
1.7921378
14.8286549
4.2103793
1.7322461
6.7941179
4.1423366
13.4490886
9.9751342
4.9567902
6.1186030
14.9773613
8.7133053
0.5744341
10.7040551
1.1432926
1.1491552
5.2708089
3.5571716
3.0697658
2.8168817
4.2402581
4.6847098
1.5670317
5.4920340
6.0651303
4.1171073
7.5353561
4.3994193
2.6657094
3.0403030
5.8119597
1.7484403
3.2033453
1.7863552
7.1279608
10.9791814
3.7605497
2.1785933
2.9489801
2.3211978
6.8796187
5.0067310
4.1775074
2.6755697
6.0808716
10.0628289
0.5315138
2.5488075
2.9600733
9.6625705
6.6966660
2.1543176
4.3709384
1.4123206
9.1689938
2.5472859
4.0148563
3.6469275
3.4118336
3.4237368
5.3415773
3.7900030
1.8529711
3.7813213
3.2728378
2.4623647
4.9156881
4.5466364
1.8746493
5.9410869
1.3170888
5.5904968
1.3951428
1.6895001
1.5021394
3.4659983
6.2026015
1.5934899
4.7868803
2.5120079
1.1489651
1.2311529
2.3833748
2.9383135
3.2493431
4.5254322
0.8193664
3.1351898
2.1895581
2.7485643
2.0587877
1.1537783
2.5459740
1.4320247
1.6050424
2.2993494
3.2041414
1.8434878
2.6060069
3.6710074
4.5150699
1.2792415
0.9658040
3.4164999
1.7640920
1.6609474
2.4410778
7.0065673
1.7439767
2.4139736
2.6766580
1.6040389
1.9568285
3.3795014
1.5498638
0.5137554
2.6784071
0.7790010
3.1655126
2.6436868
1.9952164
3.2803282
2.0720082
5.3748455
1.3174755
1.3510381
1.0370137
1.3191321
1.9332724
1.2994487
1.9933873
3.3109954
3.9337337
1.3672206
0.8478730
2.1872285
0.9895652
2.1779059
1.6286860
2.5776956
3.1958145
1.1700138
0.9284160
3.8896858
1.4377516
3.0549436
3.5244811
1.7308494
3.6100385
2.5192712
1.3869307
4.1811222
2.1112614
1.9961284
0.7623063
2.4116538
2.8322183
4.5038281
1.6570321
1.1417612
2.2565100
2.1629695
2.8797129
1.2778623
2.9604067
3.8117040
3.5930519
5.4112392
5.9444754
3.7865827
1.3084594
2.3443180
1.4630977
5.6046259
6.3578117
2.0855767
3.9985841
3.9697848
3.0055560
2.7915203
1.4441935
2.8498096
3.2579007
3.3023624
5.6895013
10.6170560
2.0472135
1.4488788
1.4303325
1.6543886
16.8216833
2.9183347
7.9081815
4.8827861
2.9003497
5.7302640
2.1990579
1.8204048
1.9004172
2.0405004
5.0565541
4.2670683
2.9893255
1.2057908
0.5494275
1.0864422
4.5937188
3.7525644
6.1305135
4.2523011
1.2472282
3.5407557
2.4354472
2.2776690
14.1821965
4.3109483
1.2708870
4.0342216
1.2903181
5.4351818
3.2366304
6.1380221
3.8930458
9.4712702
2.8863956
5.7034777
2.8455220
1.3796738
6.0544424
5.2967155
2.7546928
3.0784499
3.2388947
0.5324365
2.0685368
6.8504216
2.1478845
2.0871503
4.3269501
2.3662477
2.4582339
0.9962735
1.8012837
1.9080608
0.6156916
1.4134874
4.6456595
1.1869158
2.4259054
4.1399547
3.1755849
3.0243522
2.9874677
2.1157349
5.2916566
5.1165632
3.9231625
5.0093435
2.2072096
4.2986331
5.7238128
3.8059757
5.3399196
1.6183350
2.7515208
4.8195437
2.9986816
3.2177313
3.9717148
3.5547943
2.7389528
4.8426445
6.0658556
4.1855226
1.2669365
1.7567192
5.3394342
4.5880040
2.6437642
3.0539730
1.9021406
3.9624687
3.2939436
4.8180805
11.9238475
1.1395504
1.8008709
2.8039456
3.2644893
4.6780719
1.3786781
6.0508291
7.1008759
2.7103501
4.4505083
1.5156166
11.2734992
2.5019529
2.0513263
5.9414365
3.6030850
4.3439983
7.4138258
3.8754705
3.2490887
11.7926469
19.2592880
9.3254997
12.2364023
5.2950876
2.7691364
0.7929430
10.2809020
5.8678284
2.5197166
0.9378197
13.2563281
7.2213448
7.7483183
1.4237804
6.4866428
2.4639929
1.5374588
0.7418775
2.5316264
72.8157543
2.2523502
2.9135700
13.3359677
5.0011229
18.3017611
2.3668178
98.4155511
12.8920175
35.0236456
32.9365389
10.7254185
12.4651948
5.3608660
12.5358824
26.2983098
8.5792596
7.3356933
10.8388023
0.8224134
3.8364330
2.1106055
169.7671413
2.0529017
110.9193528
4.8627255
6.7126330
2.5452581
19.2631340
1.9660676
3.2749606
9.7908718
16.5549095
19.5165838
7.6244849
3.7291177
8.2118981
3.0686929
6.8500737
12.4976999
3.0538247
7.5627764
6.8359321
10.0505716
17.8019660
176.2039070
3.9071958
40.1415820
9.4207052
16.0590864
5.1000185
4.6066904
38.4270486
41.8402795
8.2830966
42.4727470
3.6148120
174.6661245
43.4257158
0.9398180
3.2340418
47.9421697
9.5721238
136.3752390
97.2577698
68.1566131
14.3341821
60.2060423
8.3607484
136.4755654
51.8955769
49.6246585
21.9208314
38.7404391
138.0762900
47.6963578
158.1950786
1.7686156
167.6701385
49.7863224
149.8929049
24.0798704
4.4657565
27.7987203
149.7844681
148.8592371
34.6368706
7.8595847
4.0001614
8.0879836
28.8534439
26.4756067
7.3289152
62.7129867
34.0044729
52.5764529
37.8233856
46.2975218
1.4248572
179.8564490
49.7244216
47.8161544
35.7489278
2.7141919
169.3752670
3.6651069
36.1199639
7.0968292
9.2302101
5.4610130
11.3155136
0.8607537
3.3879328
11.9967385
42.0693005
176.7559334
2.8541935
57.7181077
22.6053129
8.7265749
3.2147574
14.8785799
1.9027852
1.9631456
11.1811060
26.7064813
1.5108270
9.9345935
4.2496724
5.2860872
176.7724152
2.2477237
1.1320731
2.0061040
9.2955053
1.9118690
1.9916928
10.7831160
9.1629710
5.7066175
19.1241459
17.6329783
2.0269328
4.1727499
179.9197663
5.2182926
3.2022055
171.6040215
70.2139502
37.3717950
12.5176257
3.0948917
44.8654685
2.1136073
2.0033095
1.4873400
178.3269759
3.8385069
20.6811257
2.7228488
27.1072988
31.7179887
4.6344764
3.4704561
1.4735235
44.3563576
51.3256637
13.0471311
54.5823558
30.3529721
175.8205092
7.2921400
1.9875593
169.7965995
2.0166778
4.2655399
175.0594013
39.8159337
28.0162264
11.7710478
7.0597456
6.8548586
34.5781354
59.6051054
4.5466484
3.9830832
5.3229502
33.7259785
54.8388071
2.3515210
62.3034771
25.3201220
22.8689879
91.0831088
1.6427166
26.2585151
28.0288718
31.5718688
107.7533851
8.9024357
5.1863313
171.8668454
19.7062323
12.3510312
35.9160388
53.8429193
30.9063705
60.8732229
175.9879167
112.0604022
33.0925685
176.8629076
21.2282131
2.5873204
17.9046438
1.5292277
53.2555689
62.2968095
25.8402242
77.6565381
3.2919822
141.8901280
174.1386573
47.2716854
4.4819266
178.7500929
42.7088030
5.7252854
179.9773659
2.6272431
38.3172035
172.9513442
2.8297036
38.3206120
4.3089535
66.7668611
20.5591260
3.3133788
57.0253098
12.7412178
9.6444407
1.5849748
24.7851705
1.5627677
152.3787568
3.0442260
12.3459259
3.2689039
3.0409399
38.8820415
12.7831387
8.3625917
5.3005503
167.1995016
145.5956758
30.1580291
28.7810210
17.6554017
23.2759315
6.0190327
2.9082715
1.9273006
3.4949039
1.1597261
11.2359064
1.2308448
6.1429989
2.9837057
2.5471129
3.0317429
6.2490100
9.9212680
1.5937187
2.1130689
1.8494457
56.6404162
1.9517766
20.3064335
6.4949481
2.8540047
19.8492819
61.9656693
6.5994943
3.4031868
2.6302793
2.4994744
4.1518760
4.3503737
5.2417154
12.9723914
6.2957756
1.0645349
3.6913115
2.4973264
5.0180938
1.8938768
2.6388444
4.7746084
5.9242393
2.0549530
6.3125288
8.9648949
3.1423280
9.6194353
2.9946934
1.7738948
6.5620373
1.0084640
3.1558082
2.0740509
11.8455653
1.2166786
1.8247193
1.3893330
1.8896046
5.1878733
3.4464087
2.0640901
2.2066026
1.2753076
1.5373093
3.8427299
1.0542300
5.7952512
4.0173128
1.4201920
1.9852701
3.1134395
3.4716629
3.1292282
5.4610107
5.0236796
2.1363536
4.1050002
0.6826182
3.8118174
4.0420772
1.2522461
2.9592327
5.3460780
0.8727635
3.5808458
1.4024524
1.7419463
2.0927275
2.1282961
2.8395025
1.2807095
1.5097520
4.0152833
4.7756406
0.5532688
3.8455500
4.6563964
2.5903933
2.0053112
3.1435264
1.0765505
3.5702693
3.4636062
5.7289873
1.9639239
4.0554398
4.0094714
5.2819456
3.2805630
1.1984469
2.0663235
2.5549812
4.5065474
5.5675663
8.3105465
4.5012537
7.2905678
7.3168345
9.2318402
8.5922285
7.0662827
5.0853706
6.8398924
5.3962232
6.7911781
6.9381916
7.4683999
5.3951423
10.8090971
1.9178568
7.9388570
1.9997457
1.4895037
3.6922464
1.9953057
5.4980326
3.0013827
3.6649958
3.6876635
6.4591711
5.9165795
12.1737611
5.7209232
4.7604309
9.2719958
5.9594002
18.0546093
9.3527906
7.5857913
6.2642077
5.7248241
5.7489605
4.9313571
5.4132994
7.5032426
6.7085629
8.8098649
5.4687243
4.4657879
10.9874062
166.9879670
15.4961496
6.6142610
11.4443016
5.7619313
3.0045062
2.2620761
3.4970468
132.6243756
9.1430328
5.3267252
5.6544460
55.7397366
2.4649065
9.0996111
9.5794092
6.5998275
3.6960252
6.4219253
11.7565822
6.8113332
10.6974685
5.5152996
7.4941398
17.8132695
2.3704420
12.3443106
10.8829908
12.8944881
170.7690126
138.4642779
158.9539939
13.9505884
29.8895735
28.1287896
42.6816257
145.6322017
102.6180256
161.1619794
32.0799410
42.8777982
14.4284441
44.5570580
12.7296068
9.8064172
172.8408300
6.0751289
14.4993230
16.0352776
44.5585790
0.7647423
150.7427471
4.0120326
58.0448554
43.8998832
47.2228642
17.9651517
12.4776599
41.5742187
42.9820420
32.3494176
30.6020324
46.2057193
159.4380674
27.2082025
11.9702374
16.9535928
10.4808890
112.2642489
115.7248552
14.6685013
65.1134911
123.3960896
29.7530030
41.0688008
19.9242987
127.7216377
6.5195446
34.3488237
23.7512462
26.4689327
13.8837943
151.5923824
37.2293896
63.2420931
11.1262043
7.8037313
171.0359321
13.4963164
12.2949062
2.4281699
5.0663141
12.6551154
6.3783272
6.7019213
11.2567816
8.3430095
3.2190763
2.3339739
3.2171592
8.5270344
6.3393796
139.5637232
155.0980956
11.3804674
4.9730483
7.4285563
163.6462213
16.1097262
9.1463980
1.8854276
7.1146456
9.9917871
9.4142796
5.7397807
36.5864400
5.8308185
6.4951364
10.4234089
2.8879030
4.8407005
15.6397467
3.7501884
119.6644566
16.2319817
32.9689882
4.6519955
78.7084229
59.2545641
143.0352921
6.9838889
125.3588623
40.4797731
14.2748708
152.8845301
127.7438879
6.4633594
11.8678444
9.9310055
47.2012655
13.1922372
30.4013488
1.8075880
7.8977336
3.8538967
13.7702731
8.7403278
7.2709306
4.0200218
6.2271847
177.6436586
15.0444705
5.6877657
3.5890924
10.1837166
2.3074788
9.4116863
51.5900829
7.5722214
15.8819462
4.9390904
3.1574284
8.8583254
8.7611439
2.9157903
7.3145913
8.0769222
10.0004031
4.4076239
6.8512696
8.7359596
11.3343179
5.5744055
2.6560776
4.9430496
7.9755217
2.7317230
5.0814941
2.7942200
1.9508354
3.2794998
4.9504067
12.2504053
1.4730730
12.1523356
20.3688295
2.0070129
3.6934745
12.2368899
1.4345611
5.1409155
2.4130901
2.5876921
1.7234915
7.5231534
75.0187006
4.7251659
4.9016276
10.9060656
10.9538025
15.6011046
9.8632765
1.9364851
5.5849844
2.0957567
8.0480300
7.1480403
5.9094327
7.7938727
7.5216839
17.2766326
2.5112263
8.6071586
10.8930553
18.8154171
8.1765920
7.1411482
9.1398428
16.8284631
10.1950743
4.9567354
10.7475135
3.1188645
6.6627861
4.7381905
2.9775762
1.0531156
9.0417263
1.0741643
9.2234232
2.1418736
6.0467258
9.3058656
9.5791378
6.1530543
3.7105234
6.6336103
8.0569319
5.4552384
17.0343136
28.2263108
30.7163262
6.6260829
1.2007128
33.3196386
6.0094809
2.7317329
2.5538230
2.1631257
8.2205402
15.9227550
151.2533506
8.6180512
178.0920374
2.3889730
1.5471314
4.8559138
9.1464739
119.9189552
2.4915118
4.4241851
10.0135708
8.3197664
4.3487609
23.9378321
5.1754721
3.5468426
3.5229873
11.4314484
17.6391218
7.2510484
13.2062190
37.0675190
3.9051463
8.3428016
2.0393600
9.1633303
2.5084384
2.7813931
4.9854980
19.3139492
0.6584446
6.6339111
5.8071267
7.2517062
9.6372819
8.0980605
4.8412129
21.8394711
2.3234275
47.1870258
4.1559521
7.8580364
6.8471316
3.4344884
3.3148501
3.7823188
4.1849402
9.2411448
4.8056594
4.5131242
6.1893983
4.5253269
9.5754644
6.7286543
5.1464609
7.2289415
2.3249880
3.2653060
2.2730053
6.0275376
3.6733941
27.6647705
18.3577416
7.3336082
10.1854374
25.7543734
165.6592646
16.2500409
5.3403510
3.1930324
7.7333610
2.7011069
6.9195514
6.8309016
13.9530553
2.3071729
30.3340721
11.4960093
5.9017948
28.1788864
26.7982348
2.9966335
2.1580850
1.2825271
11.6278793
17.7606788
2.6131744
3.2632923
8.7015222
178.8347557
6.5230979
2.9658686
3.2553667
9.2706749
3.0430983
15.5721694
4.2395158
2.8103730
5.9369506
3.3009387
2.2049707
146.6173071
3.4538353
8.3413721
6.7101404
3.6939919
4.7255864
47.3318356
5.3886127
1.1926292
6.6871569
54.7318526
4.7357531
3.3200279
168.5164887
14.7337444
7.4097627
7.1870353
10.9825261
4.5667509
10.5801661
3.4961605
1.8037144
144.5320976
135.2297675
22.7672389
2.2690383
106.7009104
163.6018415
179.9571444
21.8727668
6.0419532
141.2525307
2.6760731
2.8647387
8.9004773
3.0155107
1.6626141
1.0862342
4.2659407
4.7043114
3.0318535
1.3272703
4.8867736
1.1821122
4.7877701
8.1430582
2.3426084
20.0053845
109.1443723
177.8513784
4.7177958
1.2497169
2.8988283
10.2941175
23.8668236
148.9301252
5.1417133
1.1720765
5.0304738
18.7884005
3.7730378
3.1515713
67.1026091
4.5508657
3.5089613
3.5531887
0.9279268
4.4376132
153.5263750
2.9205207
2.3576275
1.4572083
1.2916479
1.6425195
3.0369111
5.3599735
6.5213757
4.7987467
6.3352218
3.8994867
141.7987713
1.2952057
8.3682609
2.4707579
2.4584151
1.8026956
4.8793770
3.0064077
1.7567584
13.8733431
4.9362850
5.4045563
2.4906857
1.5861429
6.0527871
7.8405136
2.5418779
4.6424527
15.8891759
5.7461757
3.0948454
5.7575652
5.5190551
0.9742545
3.8432847
1.8144313
11.6872434
3.1037890
2.6901397
2.0957173
1.5546190
1.4682032
6.1008565
2.8768733
4.7309091
3.7916564
2.5706651
5.1542808
14.8906694
3.2513545
3.4395840
3.7712709
1.9222800
4.0463263
4.4066010
4.3382110
2.5057377
3.8522009
1.9773371
2.9284222
7.0695947
7.3865732
3.8908312
4.7581334
3.6788805
3.9879882
3.0949434
1.3784495
2.9878382
6.1453627
4.4824471
11.6978832
4.0814681
5.4540245
3.4828012
5.0999423
2.1028452
6.0527306
5.5857031
5.3290033
1.6545810
1.8966458
3.1436386
4.0995324
4.2277939
6.9469523
0.9072059
20.2613643
2.6193035
1.5778667
2.6393561
1.2227253
3.1504124
2.8156823
15.2374077
4.1824436
3.6113650
2.3155520
4.5575445
3.6518468
2.5539254
4.4733001
4.2126683
4.4493082
1.6916613
7.0889202
7.7640924
1.6015947
0.5671211
4.9589167
1.7197987
5.2580722
4.1112604
10.2911105
3.9509408
2.0397728
3.3692669
9.9378356
5.0059746
1.9724637
1.2618492
5.7661683
3.1649811
8.0631680
5.9929972
1.3071319
3.0840116
4.9276658
3.5726476
3.1934662
2.4294252
3.8633865
4.0972343
5.0048296
2.1103774
4.8713768
5.2863869
3.3678396
4.2649246
3.6749485
8.1989780
4.0738490
4.6246368
5.3410747
3.1481590
4.0879857
5.0558170
4.8903038
4.3431144
6.3188031
4.8099257
9.2917609
4.4437653
5.6716548
6.0156258
4.4436931
4.2346404
3.1280254
3.9428232
2.7876642
4.1482265
1.1590062
2.8791871
4.9071136
8.1414277
6.4417088
3.3671743
4.4894010
6.1299910
4.0284959
1.9791513
7.6399265
4.0575665
5.0411918
3.8785062
3.9304572
4.3056397
3.3191601
5.6984452
5.1059197
2.0073410
3.4519810
2.4993211
2.3822473
2.5689098
1.0595385
1.8065936
3.3500664
1.9021507
2.2206083
1.7711659
3.3375542
4.4861556
3.4188585
1.2883987
7.1213180
3.4851772
2.9905957
1.9931657
6.1755313
2.2563594
3.4154308
9.6240620
1.1749000
83.7578183
4.2960081
12.5817944
2.0182901
6.3711597
1.5176975
13.3820240
1.8958389
4.5237920
21.7190890
4.1932956
13.7007483
1.7731788
2.9172710
5.2584241
3.4729058
4.5757882
0.9690257
2.6509342
7.2694984
20.5735848
3.0400995
3.0137143
2.7901544
14.8777261
4.9556509
7.4789808
2.4183372
17.4613270
4.2386221
3.8799041
16.2817551
1.4653995
1.8376297
5.3254675
6.7830088
8.8854505
3.9845389
2.9389733
1.2496573
2.3155790
2.5787989
17.9624258
84.4523568
172.8730479
176.8435222
30.7944527
9.4310817
20.7104293
21.9464137
9.1149461
4.5750856
32.1281746
16.7586113
7.5753682
58.2631955
24.4327954
6.2614306
2.6266439
14.2235137
7.0370225
32.5352990
3.3689295
0.7619618
14.9993834
4.4458874
11.5381806
9.4043841
4.6881791
1.3584443
5.4524753
4.7204098
4.0363816
7.8088790
2.8266183
1.8067716
1.0444318
2.7779266
7.1921915
3.9773142
0.4369782
5.2458500
2.7097986
17.3570324
4.9329290
4.3637692
3.2672363
4.9108326
3.1121168
4.8028873
2.2826437
3.8898054
1.0952998
2.4171659
2.0441464
35.3731289
4.1166042
2.2260610
10.2878167
3.1614670
2.6356206
5.0154507
5.7853396
8.5112614
10.5578674
1.0664583
4.9565145
4.6501675
1.8334465
0.8905309
5.8580650
3.2819567
0.9786472
1.3588778
1.5419943
7.8940156
3.8748754
2.4829985
6.1579216
7.3751712
2.2039758
5.0594848
17.3640253
2.0756804
1.1759193
6.2504276
1.9257858
0.9137278
4.1502184
8.4887819
1.7435957
21.5940914
5.2422717
6.0478128
1.8873122
2.6712361
6.3669998
2.0194012
1.9976114
0.7504303
3.3966349
3.5459337
2.4939221
1.5821252
1.3605802
2.3119603
1.3836636
6.6540336
4.3035534
2.9053118
11.2718494
1.9758838
8.2745351
4.8531743
1.4128943
1.5572664
1.0155823
0.8428614
5.5617974
1.8960877
1.8157625
6.2055236
10.3172160
2.3938280
4.1792148
11.4634550
172.0294176
5.5596253
2.6628737
13.7769681
8.4012091
2.8305182
4.0419593
3.0336923
7.1651034
2.0858805
2.4111157
3.2109593
8.9619465
2.0444573
1.0427208
4.3525556
166.5808378
2.3318647
1.4933992
3.2832255
4.2749737
2.1744738
3.4200038
3.8193713
13.8442005
3.9617316
7.4691081
122.8518409
5.1066577
172.7306542
2.9758851
5.1278269
5.3769111
2.9394592
17.6939577
2.3594191
4.3178790
2.3579234
3.2365890
1.2255527
5.0124972
4.5595212
1.8502329
2.0939039
1.9679977
5.1103796
1.6151952
0.5590833
5.3800563
21.7274530
2.9322612
5.7726038
1.0240290
7.0983141
1.8980036
33.8748866
2.5847235
172.0814691
6.2769567
28.0279547
2.7736230
2.1710298
2.6441176
1.7127006
1.1954211
2.3703716
3.7271955
4.7610947
1.1024248
1.9029699
178.3703069
4.5419294
1.7161043
6.4425870
8.5415747
2.2543905
1.9811021
5.6554096
3.1102708
55.5336895
14.9520309
4.1312932
2.8518748
2.7906385
168.1669292
5.2495176
3.2193595
1.5214624
4.2925217
10.6993632
3.5814022
7.6944358
38.5947255
4.5242930
9.3752843
2.1767600
5.1025773
6.2964038
16.7163889
1.3762404
19.3894758
1.4197029
55.7305094
17.5747958
2.9701756
4.9578516
4.8384399
3.6068472
2.6413885
46.7454253
2.5038028
4.5208721
179.8594353
100.1500889
12.4149077
2.8632309
3.5434542
11.1505841
6.2583981
8.1964017
6.5173728
3.9944796
4.8278076
13.2479198
6.5832759
7.0257676
5.1417616
18.5708279
3.2145006
3.4844298
12.2922013
177.5542865
3.7888441
5.4302461
1.6224000
3.0867844
2.9449394
7.2714364
6.0903272
7.2614682
2.8820139
10.7176988
5.2226850
2.1940866
2.3525504
2.2342426
3.1204427
2.2059640
7.6390577
8.6671585
1.4947920
1.6662847
3.5942087
9.5919882
2.4181889
0.5123213
3.2451309
2.6140333
1.6763638
1.6091584
1.5166525
2.1839801
1.9780925
4.6636326
1.1218804
6.1290547
1.5642180
22.0165856
1.7588216
8.0323873
4.5194254
4.1710455
2.7387326
2.5751627
1.6332253
8.0888406
6.2236402
3.0876995
3.2345416
2.6879519
8.4325624
3.0390113
2.8293788
1.6666721
4.4573946
1.7089131
5.7511177
7.3936451
2.8780868
5.3681491
11.9849450
2.6679924
2.4399650
2.6593004
9.4791234
3.1749863
3.9534860
3.9247713
4.8822374
2.0488260
1.8822701
3.2998315
2.0208909
1.8369479
2.2934918
1.9611025
2.6937222
3.1685240
1.4537566
0.9061520
1.6932383
1.1154753
2.2686563
2.4391557
2.7262264
2.0789210
5.7978738
1.6278093
4.4788246
2.7663919
3.2854360
10.4038945
1.1056009
2.4016349
2.1849402
3.5632257
1.2970443
2.3293853
6.4718925
1.4712868
2.1453921
2.8499765
3.1850970
3.3039658
1.5140902
4.4409118
1.6562758
2.1177407
1.4206480
4.9402697
1.6555765
1.6735962
3.2382629
1.4845887
28.3638161
4.5471296
2.3362432
1.9748781
2.4334801
1.2858640
1.7064372
2.5333027
2.2708302
3.1754308
1.8227284
1.0998300
2.0549116
1.7874545
2.0895924
1.6973446
2.1209839
0.9774055
1.6899752
3.3115330
1.1227909
1.9141189
0.7199418
0.7301076
0.7809056
1.3235966
1.7000182
1.9920841
1.2620119
1.1680114
1.5002538
0.8277233
1.9891267
1.3262583
0.9843194
0.8424470
0.8399064
2.4200178
1.3865790
2.2576646
1.2095067
7.6204141
3.4999031
2.3267086
2.8137519
7.1844233
4.4890145
2.3246323
1.4045054
1.6211162
3.1348641
1.4506248
2.1660244
4.2588488
167.7812871
2.4055753
12.9999793
16.3028136
1.8294423
3.5304064
2.1859368
3.2178191
158.9606062
157.9265146
4.0303608
1.0808710
11.6412013
2.2560438
3.9797968
2.5735139
1.7752617
2.5830140
2.7897211
1.2352268
1.4606539
2.3138460
8.7883852
1.1063277
0.8373584
2.6840274
171.2009471
1.6206983
1.4148049
1.3510907
0.8729887
4.4260698
4.2399229
0.6455723
1.0524591
0.8966005
1.2608085
0.8033496
8.3499029
1.0942745
0.8782941
2.2460216
2.1221715
0.6090210
4.3830539
1.3315767
3.4727889
0.9755903
0.7298259
1.6878877
1.3741136
1.6860611
1.9111422
6.1542568
2.4431684
0.6817100
1.0273792
1.2022502
1.1711246
0.8272681
1.9195175
0.9128904
4.4517159
1.2070429
1.1856065
1.8225860
2.4899269
0.8556356
2.0030635
2.2346877
1.2601959
1.2059178
2.0676750
1.1407409
1.0881189
1.1780861
3.9818773
1.3576429
1.2336957
1.7092949
2.6622020
1.5821251
0.9308800
0.9495399
1.6291039
177.9353332
1.5737418
0.9626505
6.0754948
1.5008794
2.4472621
1.1735873
1.2317093
1.3362987
170.5289602
3.0398093
18.7541951
5.7077509
1.2924090
5.9579745
1.2706181
19.8175085
4.5386782
8.0778025
1.5848967
1.1823529
16.7318447
0.5070736
3.3637640
87.2776804
6.9720557
1.2576978
2.0436945
1.8144347
2.0774974
1.0516735
0.9791443
150.2503923
7.3051330
2.1742760
7.2066918
9.6167690
1.2129801
4.5072401
1.1100047
2.5923444
0.2497565
2.2716995
0.9469213
0.7685908
3.6251754
12.9186647
1.3586232
22.6984048
1.2258820
1.1025425
1.5083297
0.9801426
5.4934544
170.9257496
167.2887755
163.0165190
10.1864032
1.4933402
172.8130882
23.2395837
1.2788649
170.3029561
175.5114544
168.2924450
93.5381327
13.2953440
115.9993480
154.3296442
155.8434572
4.0394460
7.5151398
2.6728604
151.3340915
2.4432900
16.3072785
1.8645562
1.7554057
1.0627736
2.0578369
1.5713232
13.2744165
101.6199878
3.9125928
170.7435780
178.4766214
1.8408723
122.5260186
1.5972619
0.9930973
84.7387998
1.7666874
2.9268183
2.0746846
2.1757395
172.8455927
4.4535200
3.4152139
166.2678636
8.6790978
167.7633965
2.7242406
11.5440218
179.3745239
5.0926743
45.2809530
178.4945220
4.4954198
173.5561640
93.6417787
159.3126154
42.3435996
2.1371586
177.4722757
5.7665671
118.4360632
24.7742397
169.7968409
126.7206291
3.1680415
5.3611059
178.7815298
2.0596780
4.2664066
7.3669936
4.0583842
44.3563895
176.9106498
1.6993306
169.4064560
7.1953529
11.0295665
7.1386483
3.0054472
6.4259924
16.3010890
0.8602157
6.4520663
2.7384524
26.6146909
1.0839108
18.0129104
179.3216769
2.3794988
9.7967860
3.0501654
123.0531558
1.1622179
179.4134830
8.5217989
10.3135575
17.6819357
1.6531272
172.7350545
3.2430517
4.1420029
26.3325577
1.4008976
2.9490022
3.2624319
58.3119592
1.9007368
2.5898100
166.7597148
3.9754248
51.6167920
3.8706885
112.1418933
1.1172127
5.4499612
1.6196456
6.3915915
92.8002158
1.0608331
2.1602569
174.0869117
2.7766086
179.6648052
172.7318857
1.0199857
3.1398779
176.5351940
160.7438175
2.0270837
24.6259351
14.8447709
99.8902211
169.1424787
167.4857524
35.2680030
2.5475038
20.2451722
0.8870255
4.8578958
171.2307441
9.6042592
14.2621499
16.6033380
8.5528706
32.1004677
6.5467857
4.3220066
160.9982210
1.0559207
18.4449250
10.5680354
179.6664115
14.1061141
7.6207349
4.9004473
2.2789672
3.9790685
8.3893027
152.7928927
1.8294166
11.5007316
103.2527908
6.6634513
1.4229633
3.8029451
3.4113452
15.8697867
2.3086436
174.5046997
10.2430545
5.1424934
1.2529178
6.1438101
58.2839264
36.8899793
13.8322601
1.9817210
3.0117873
5.6782935
6.3754670
2.1286210
9.0458723
18.1591580
172.8921998
7.6968597
2.4660371
31.0340178
4.2428871
3.0059568
2.3891066
3.6259086
7.9496624
141.6852621
22.7744260
4.3344522
4.3984490
2.7073935
11.3311244
86.5994810
9.7229869
177.4086207
7.3899238
165.2716130
0.7171950
118.4929935
168.2359363
8.1317535
3.1968004
175.4879349
3.0212314
9.0130737
1.9826991
6.0374551
1.1319043
7.9248051
15.2766313
5.4550816
139.7066192
2.4033948
4.8947285
99.7128236
10.5848032
3.1079995
2.5113357
1.9656179
4.9781747
1.1560183
7.3574926
1.2236393
9.4315155
17.8516982
2.1062467
29.5053372
2.6156741
1.8967823
47.0301912
1.9107477
8.0034584
7.1734619
6.5007651
1.8041627
3.0380016
9.3566878
167.6560657
3.6554053
172.6496698
126.4151068
6.1496696
58.2912103
174.1273191
9.7269213
2.6781521
14.9788369
4.6855525
1.5275718
5.2285255
102.2738983
116.4990514
72.2114149
2.6142739
64.0597474
31.3592071
103.2902660
105.8361772
4.0870439
152.7298221
154.5407973
1.4997161
10.5244083
164.1193390
10.6739941
80.0406031
149.2999539
167.8654309
177.1596327
98.5620689
170.9364042
13.7289749
74.4288724
4.9167048
15.9655224
2.6739781
15.6927665
176.7661779
3.9162332
8.8517801
104.9304671
11.4221694
41.8285026
112.2005081
19.9405664
38.2572563
18.9841002
99.5065062
4.7060696
171.7692245
166.2342481
169.0162042
6.6853673
4.6192963
3.7962882
7.5518206
1.3250906
10.2896523
3.5967461
11.0910834
1.8959754
11.3797233
12.0245353
9.2569660
2.7017118
28.1409045
35.6462560
29.2187108
11.4182064
30.0948302
6.9997666
7.0085635
10.7645705
4.6307854
12.1232312
4.4343237
8.7296841
2.0458226
9.7151143
9.4483136
7.9230585
6.3057646
6.6878246
5.8960686
7.8930068
1.7450675
5.5388174
4.8328832
2.2558093
1.3169047
1.5419528
3.9185533
3.3181871
2.2876600
1.8869625
2.1040454
2.0862785
1.1232220
2.7935854
1.6221505
2.6733897
3.6053459
4.4084025
1.5827226
1.5466590
1.6736692
4.3874784
5.2982282
6.5631922
2.7395986
1.6495581
1.0692090
3.3684612
10.7197670
5.1165942
1.3951687
3.1776061
3.2302501
1.3647703
1.9328937
1.0048168
2.1838496
3.3383485
2.0847089
4.4568910
0.7573583
2.9127489
1.0743259
1.0327853
0.6998437
1.5644580
2.6979360
2.5347447
3.9035442
1.9723602
2.1479855
2.5973181
8.1555339
3.1080280
0.3933905
1.1087380
10.1953504
2.2093719
4.1724897
0.4321646
4.3887003
1.6810664
1.6365450
2.4542735
1.7505160
1.7785483
6.0024896
2.7714838
0.8430410
5.0464715
2.6362329
2.9896341
2.7144334
1.4804282
1.3003429
0.7794240
0.7902038
1.3107963
7.1039936
3.5084642
3.0851169
1.3838649
3.1727388
3.2847478
4.6340506
5.3360173
1.9874372
2.4477189
3.6926208
2.6063824
3.6393457
3.8397837
3.3323646
1.5936749
2.5270518
5.6992314
6.7899747
1.3478498
2.4645626
1.9685930
1.9566061
3.1878827
4.1371595
2.8788892
2.6313673
2.5962405
1.4314900
2.0558412
1.7528945
4.7905239
3.3871029
3.3338456
2.1631860
5.6190800
4.7373654
5.5779988
3.5807449
4.1888923
4.6879262
3.2153893
5.0349348
5.5094728
10.5842394
3.4148970
5.7959337
5.4856260
3.1344878
9.4951287
3.1309769
5.3685485
8.9260329
13.3310491
12.3630392
32.8369288
10.3551492
9.8213834
17.6283136
10.2518934
68.8881027
38.0676810
18.3601878
4.8861999
5.3459664
1.3114706
6.4364718
36.6279121
4.2469974
10.3126439
3.6558996
32.8579301
10.1323141
8.0581074
7.7688203
13.5417822
3.7793959
6.6582811
32.9446050
2.4141660
7.8488264
3.2581745
4.8188158
5.4678524
10.0242082
3.7035084
2.6111883
5.1071265
5.0086501
5.5640997
169.6668803
8.3518391
177.6734486
21.3974101
148.2742647
175.0489681
149.0739455
10.6535468
27.2499548
169.6187456
12.1747307
165.0562485
6.2574029
163.6473586
163.8356176
157.6166505
7.8259837
19.6304689
6.4343055
165.3632799
4.9988920
154.1674224
3.7781953
5.6482924
5.0932672
7.5699475
9.2500885
25.1611872
6.2192689
18.5264591
164.9561167
166.8079881
6.5700760
19.9107106
16.7588115
4.6518121
9.9570497
155.0258267
26.3513133
155.5082607
18.9505013
21.2749760
13.8228326
17.0713556
13.1329321
17.3545322
28.0073578
9.7593995
2.7128264
2.3468943
9.4009938
18.5968806
8.7397072
8.5141782
12.0641900
9.4257434
6.1875628
3.1882799
6.1479486
1.6746473
5.9101973
85.0891448
61.7014438
3.0632137
20.8523106
2.4857334
38.9410791
27.2266905
31.6745919
28.5887017
10.8524456
9.3627922
22.4238398
8.6099441
0.7483869
30.4516050
4.0586397
2.1891151
14.8840825
3.0178598
2.8070860
49.6848464
4.2185099
3.4384504
40.9924839
22.8773348
31.2407487
18.4637129
45.0910251
15.1128925
2.1496977
15.1732195
8.8781302
111.0938086
7.2961707
14.8729241
175.5985249
157.7849284
93.2939802
8.2369865
65.6869279
112.2328208
18.3525219
20.9601397
19.3285972
7.6800245
148.6542450
11.5514419
9.6316867
17.6621822
6.7815961
24.3646757
9.3186562
3.7499005
12.9056411
1.4179632
17.7334498
4.8457706
22.6955910
4.8585669
1.8660664
170.3164596
4.0289467
39.9951775
4.8319423
7.9169006
50.6835191
102.2082533
65.3973523
10.7726825
72.0479727
4.1950337
10.5959348
174.4755421
52.7055300
135.1060380
2.4718753
158.9936554
2.8856492
23.5915018
9.1649360
27.6817019
7.1031605
6.1679798
3.9700235
7.2348038
4.6998162
29.8358336
6.5872972
11.7479070
17.6533590
2.4190959
30.9940237
51.1570942
4.8203719
0.9731658
1.4485256
36.8617821
30.6549310
11.2255121
8.3171717
3.2107157
3.3967211
101.4662018
5.0735704
12.9532344
2.1512130
6.1152743
8.6649250
2.3957148
7.8315107
16.1167272
3.8837341
20.2650998
1.8152689
2.4601792
24.7778706
7.8086966
5.6674239
10.4895220
7.0840019
7.7714574
3.2212163
18.7268769
2.1232240
4.7509879
4.7191312
22.7975558
45.5703874
43.7483318
5.1857274
2.1672372
5.2564350
54.0818175
3.3870555
4.5978097
18.2297895
19.3149214
168.0746791
26.5244389
2.1696239
3.1499961
5.3831308
10.7436437
177.4784070
37.1866220
33.2196313
2.4041624
12.1169514
2.2007623
4.7850757
3.4009672
3.3768715
7.5376541
2.6590124
1.8686681
24.2838219
31.9322844
3.3794141
51.1999474
7.2754866
2.7714123
2.6353139
159.0509077
5.0562413
3.6769128
3.9525722
0.8896184
2.0972143
33.8943325
4.0355875
3.1454023
16.7667003
8.7189853
9.7167417
4.9666216
3.7789267
2.2252224
3.2899117
13.4503285
2.7407304
2.8158943
3.5131148
2.6345704
3.4616777
2.2442704
12.1797061
5.6359948
3.4625045
3.3623713
2.1097528
5.2237693
1.0335029
4.9587758
4.2836302
12.1409659
3.6630218
10.3350969
4.2360720
2.6870555
4.1808640
5.5705305
4.5873314
6.6582406
1.3706239
4.8831966
5.6691135
4.1471613
5.1151109
18.2037314
5.6082320
6.2398353
7.1710215
5.3665616
3.0259194
1.9861363
13.3856112
25.7928799
10.5210172
6.6021991
6.0100571
1.9365521
4.5258868
6.1349227
18.9233533
2.1722988
2.6515305
10.5260902
4.2930156
12.7529755
177.4136032
1.1013316
10.0681419
3.9986622
1.4945780
1.7987002
1.4906688
2.3995967
5.4244693
9.7164144
4.7373685
2.1548716
3.0231585
3.2082874
3.8048676
1.4633582
3.0335557
13.8672747
3.9255181
5.4036788
4.3560013
2.4196380
4.3567983
2.6521195
9.2358542
4.7594932
4.3658921
4.4482643
19.3136225
1.4481473
4.8425204
2.2234494
2.2055745
1.6913807
14.3130147
17.5561166
3.2892170
2.6486013
3.8908627
7.5368437
1.0967131
4.7083723
0.9948802
2.8418795
2.8931908
31.5355418
6.1823456
1.0449547
7.4317054
3.9840202
5.5658696
2.8830639
1.0373207
5.3790893
2.3941369
2.6616034
7.1689705
3.1859707
7.9324899
8.1670014
4.4723795
7.6057700
3.2011616
6.8349590
3.3883741
4.9254396
4.0248003
3.1629270
2.4270016
4.1469243
3.7379938
2.7322274
8.5364048
1.0833195
2.5869019
14.1734083
16.0262194
8.7568048
7.3242026
4.2026535
7.0801300
2.0408981
5.9071214
2.0268261
7.9092318
7.7140509
1.0836381
2.8260365
18.3968538
6.6216776
1.2338669
18.5957596
2.7676551
19.2276841
1.1464881
6.9445976
22.1966483
2.8069135
20.1059407
4.0634439
30.6238800
4.5524097
3.1275418
6.4178053
3.3084262
3.7046761
1.6786140
1.0703859
8.5124338
2.8755380
4.1741001
11.0649773
1.9412939
2.0810030
5.3655459
2.5917540
4.2805272
3.3482659
2.4765067
2.1465379
4.0914632
9.0574581
2.8617717
0.5802974
7.0280999
2.8350876
8.0894302
1.8213340
3.9001951
16.1025006
1.2430750
0.9152027
4.2179476
1.4208663
2.0270359
1.1158309
3.0651625
18.4521915
5.4208693
4.2735392
5.0444112
4.0079540
3.7885433
5.2672911
2.6419873
5.8325769
4.1665477
1.2781565
3.1479406
4.2747845
2.3356502
2.7168488
6.7107503
3.1766883
2.2168037
2.6428981
3.3546809
5.5566692
2.4480781
1.0938917
2.7508062
2.6483283
1.5405594
7.6119076
9.0374532
6.5964165
2.4309527
5.4521475
2.2066374
2.9473667
2.1537219
1.4397683
1.5958246
13.0676028
1.8978822
4.0518933
3.3717361
4.0235372
5.4585207
4.8426573
5.3048763
10.5999414
5.4771152
8.4057086
11.5003509
2.5794993
2.8153435
3.2857897
3.9960515
6.4439679
6.3266160
2.1343774
11.4699898
1.7527608
6.4514213
1.6864082
21.7334360
1.8102515
16.3872619
1.8532825
1.4270738
8.9028037
4.3238269
4.3079427
1.9148237
3.1794136
3.1207529
3.2399969
4.7274148
2.5369967
3.6902756
3.4658795
1.1338540
11.4400798
9.0985970
7.0632632
3.3388032
3.2041340
1.2998491
3.8580029
6.3498439
3.3521374
3.0097237
3.2163632
3.9144277
9.2251295
8.7286413
4.7191431
1.9716374
2.4224328
5.2515894
2.1408883
2.5268735
1.8050551
2.4360511
5.5799824
2.9360102
3.9525477
6.9118207
14.5264561
3.2938125
3.8630973
5.5423957
1.7407279
4.2082174
1.4334939
4.6365027
2.5810992
2.3468077
10.2564018
1.5577513
1.7452487
2.0005132
3.4863301
5.8980302
5.1333802
2.8549855
2.9842195
4.7847407
3.8534366
1.3137191
3.2013616
2.0764746
4.1547053
14.6515450
2.4501342
2.7060785
4.0292717
2.8532283
1.3218868
1.5236901
4.2151630
11.0299447
9.9242174
3.9889263
6.1400615
2.1813367
7.1118052
10.5612288
3.3557443
5.5829733
1.6921935
3.4025145
2.5608742
4.8804390
4.0562838
2.1897922
4.2919448
3.6480439
2.2772924
8.7039553
5.1166021
1.3589766
20.2666665
3.0272258
4.5566837
3.5543117
3.0054116
1.2476100
6.7699666
2.2307412
1.6948467
2.2312631
2.4833848
6.6062745
5.5693660
5.0724417
1.6346329
2.6938486
1.7488365
5.0539201
1.6413431
4.1270773
5.2992592
