1.6777151
1.6748617
0.9067597
1.5385199
1.3375829
2.0874840
1.5994954
1.4402245
1.4691714
1.4118275
1.1590026
0.5631617
1.1901210
1.1327052
1.6407435
1.6665538
0.8898020
1.7226516
1.1214817
1.8323285
0.7805629
1.4757351
1.0727730
0.6897387
1.3957921
0.8394804
1.2399722
1.6563462
1.6001582
2.0192671
1.3975736
1.2648694
1.0186297
1.3559332
1.6027958
1.2351302
1.0519921
0.9866373
1.8947224
1.0453114
1.2484144
0.9020013
1.6447558
1.3932202
1.1952935
1.4784282
0.8138245
1.7542981
1.5231648
1.5985001
1.0511437
1.2362072
0.5815673
1.3042156
1.0575821
0.3991858
0.9595888
1.9141676
0.6324201
0.8572329
0.8799423
1.2900842
1.2194625
1.1432550
1.6208359
1.4938538
1.0834502
0.8070196
0.7715575
0.9029823
0.9716562
1.1836585
1.2081417
1.2586313
0.6363710
0.6121779
1.2550448
1.5007844
1.4968782
0.9099064
1.1008727
1.0515801
0.8282056
1.1578566
1.3454603
0.5717032
1.1028838
1.0641090
0.7064576
0.8627229
0.7092322
0.2954644
1.8931767
2.3205416
0.8932017
0.4199598
0.7758498
0.4522488
1.4093412
1.5521361
1.2571792
1.3373126
0.7785077
0.5151651
0.6239044
1.1704938
0.6121149
1.5394642
1.4691050
0.8126728
1.1226672
0.8539409
1.8509537
1.4222598
2.0192922
2.1184051
2.0629120
1.9642215
2.7794880
2.6232821
2.3058301
2.1672138
2.2300202
2.9164254
1.8016471
2.6867211
2.9137500
2.9869008
2.3844751
2.0919010
2.9426619
3.2824656
2.3427139
3.8069562
3.2720722
2.6313190
2.2804411
1.1834283
2.1027999
2.6864857
2.3388017
3.0973282
3.6350839
1.6792983
3.0347126
2.7413566
2.4549602
3.2431200
2.8445957
1.8414999
1.7680227
2.6166069
2.1307805
1.2707597
1.8607161
2.7594743
2.2689372
1.0614477
1.1378083
2.1774179
1.6694211
1.4131102
1.5066541
2.1733210
0.3674155
1.3800952
1.6203020
1.7041520
0.4299447
1.6356350
0.4288101
0.6539400
0.6466754
0.3843969
0.4846084
1.2299354
0.6530817
0.6301905
0.5951139
0.8532877
1.0515095
1.0152761
1.2108928
0.9566905
0.8049727
1.2098648
0.9515537
0.6245696
1.0030633
1.0567587
0.7244634
0.7734803
0.9271453
0.8501233
1.3525282
1.2970995
0.3761904
1.0587802
1.4140623
2.1576651
0.9576624
1.2400717
0.7356956
1.2163124
0.8903457
0.8757981
1.2881126
1.5660431
2.2665817
0.3677966
0.9384916
1.4199341
1.0804894
1.0972455
1.0857414
0.8104422
2.3420415
1.7211001
1.7760955
2.5397413
2.9052916
2.1786692
2.5880488
0.8979794
0.7512976
1.9341452
2.6279442
1.2899952
2.8319035
1.0060447
2.7112321
1.3352595
0.7161055
2.3812723
1.8597929
1.9933077
1.1875030
2.2310398
2.6964977
2.0690114
1.5065292
2.2106276
2.6581290
3.0957805
2.4050286
3.1324128
4.3577430
2.6234086
2.3505677
2.2139754
3.4693754
2.4993865
2.7526314
3.2690742
2.9924042
3.6996101
1.4726534
2.4461662
2.5848189
3.1588967
2.3489044
2.7921194
0.6649187
1.6552170
2.3155247
2.1055117
2.3328934
2.3087791
1.8882077
1.5431566
2.7982529
1.9036597
1.3021099
1.8770161
1.1820874
0.2751715
4.3691372
1.8807696
1.0824001
0.4735232
0.9431859
2.3571325
1.9171871
1.7815409
2.4434200
4.6343284
2.8142747
3.8358634
2.6383699
1.6186654
2.4306725
4.0415489
1.2108770
2.0442890
0.3031434
2.1331140
1.9978005
2.4797321
2.1466159
0.6230489
1.2499408
2.6202811
0.6025471
2.1216374
0.9136960
0.9530606
0.5344700
3.4597998
1.8964602
1.3754134
0.9815398
1.2937795
1.2626607
0.6476995
0.4791877
1.4728027
2.0939780
3.4462522
2.3368454
1.6570423
2.0638385
2.8719496
0.7760916
1.1401391
1.6686832
1.1921086
0.6134974
3.4811911
1.6550297
0.9358506
2.2350346
1.0148124
0.9769414
4.3065576
0.6900433
10.2624696
2.5056166
8.8655649
4.4346380
4.3872385
1.5308332
6.4226467
3.9466798
4.8291507
0.1925671
0.3455948
0.7927964
1.4601762
1.6294820
3.4369468
1.6453569
3.4208748
3.6330481
1.4959760
5.1571694
1.6357911
0.9138083
2.4699769
1.0448953
1.6829487
1.1938949
1.6952568
0.9672263
1.2233256
1.7295212
1.5741310
0.9671307
0.4860915
0.5373403
3.1721981
0.3075528
1.3829495
1.2410087
2.5428444
2.8195592
3.1846617
3.0384613
1.1367881
2.4593917
0.9889969
2.0227630
1.9762913
1.4190856
1.9909848
2.0735844
3.0635135
1.8287987
1.4686807
1.4318632
4.3584631
1.3977596
1.0813963
3.5175415
3.9297086
5.2923172
0.9772645
1.0039613
3.7103851
2.9755750
1.2288853
1.0305957
2.2415791
4.4292149
2.3987358
0.8764708
1.4494872
0.6602176
0.8746315
1.0003867
2.7314314
1.0183602
2.6184246
0.3637631
2.0278598
0.7252358
2.2271477
1.0465627
2.9019326
2.7537314
0.6113048
0.2919260
3.8668670
1.2803266
1.1285730
1.8678577
3.5369002
0.6897169
0.7191426
1.5357633
1.0088576
1.7673264
2.0075635
0.8176905
3.8370576
0.6432168
1.9211019
0.8985629
0.9002384
1.7541516
1.6306490
1.2354243
3.5009422
1.2738757
1.8287803
2.9633144
2.0150568
4.3529839
1.8955841
2.1627806
1.3921020
2.3132427
2.3030651
2.9139572
6.0993561
1.1834566
1.5961180
1.9817136
1.0882111
1.3360867
1.8363861
3.3690764
2.1539602
2.0926693
4.0054978
2.1633066
1.9546489
0.8058513
3.1855442
3.7948852
3.4844769
2.2731409
2.1045182
1.5261509
1.9583336
2.0557774
3.9324457
4.5918278
4.2301495
4.4137193
6.5567150
1.9130826
5.5865498
5.4324204
4.7696002
2.3391643
1.6680827
2.8240002
1.7481218
1.8740856
1.8464542
3.1985895
1.8978575
0.9745113
3.1413317
5.0657645
5.8370031
1.5089478
3.7402595
3.2045923
4.0365512
3.7613788
1.7750826
2.8296114
2.6103360
0.9939700
2.1890957
1.4892970
4.2858503
3.3425676
3.9137961
4.4894572
1.7119308
0.6209793
1.5335022
1.8676004
2.1298315
2.3435728
1.6372236
1.5608806
2.8635838
1.4861767
2.4157355
0.5543512
1.5647541
4.3809497
2.7281996
1.1963052
0.4520754
1.0287386
2.4791818
3.1327115
5.4054543
5.3814682
3.9611208
3.3102403
1.9374977
1.5213282
3.0386404
0.5047579
2.3907058
2.5162919
4.7379338
1.7551452
0.8159880
4.8163433
2.2806532
3.0932641
3.8539921
1.6475957
0.8555262
2.1129892
0.9425990
0.6298437
1.3733532
0.7798827
0.9076128
2.9415260
1.3332334
2.2201931
2.5463367
1.1263289
2.2886492
1.3210272
2.0846299
1.2349436
1.1588701
1.7376519
2.6300750
3.4741523
2.8924267
5.2463690
2.0559559
2.0636475
1.7656433
3.1989050
0.6711871
1.6865816
0.7951976
1.5391855
2.5679019
1.3530920
1.0192187
1.7764111
0.6876929
3.7599012
2.7593555
0.3188055
1.5627873
2.5021118
1.9503783
0.9604560
2.5305061
1.3172468
1.8816153
1.5167373
1.4553087
3.1184783
0.9419665
0.8103479
3.2035692
1.0985674
3.8820471
3.4486768
1.3955648
2.2368147
1.8899883
1.5314905
1.6310915
2.5812960
1.3376142
0.9717032
1.8419970
3.0999787
1.4246990
1.2919219
1.6978690
0.4897745
0.9600072
1.3264159
1.7255731
0.4769558
1.6225034
2.3760156
1.0061930
1.9942093
1.2764515
1.7096407
3.0910409
0.6236528
2.2875120
3.1669685
1.4754872
3.0738801
2.3925508
1.6092540
1.2787442
5.3958783
2.3141587
2.3042583
1.1645856
2.6652329
3.4465136
4.3320097
4.8148511
4.7741601
1.3194058
2.0910574
1.6376846
2.0114349
1.5416510
2.9541958
2.1210821
1.1769681
3.7807264
1.4126852
3.1481778
1.4066035
1.9545440
4.0801735
1.1280436
1.6020679
2.9053193
2.1028572
1.8265619
1.8975667
1.9701595
1.0829061
2.5860006
0.8036035
2.1673750
1.8489945
1.2401176
1.1667702
1.6732507
2.0477517
1.6162646
1.2171023
1.3566842
2.2650480
1.1177985
1.8031135
1.3933207
3.0901876
2.4918417
2.7293123
3.7687361
3.1732880
1.7121570
3.1482348
0.7568975
2.9579330
2.7943404
1.8629722
1.0489700
1.7700742
1.6967031
1.8250734
0.8530286
0.9012408
1.0928747
0.3811811
1.2422549
1.2928056
2.4616037
0.7404144
0.6332921
0.9478801
2.8528281
1.2232324
0.9394404
0.8180327
0.9440967
1.6832635
1.3341332
0.9079952
0.6859631
1.1042107
1.1321966
1.4566351
0.2673224
1.6385805
0.5524277
0.2730249
0.9598713
1.3198400
0.4981156
0.8712313
0.8292949
1.7127626
2.8043843
1.3394345
1.1391422
0.6745973
1.3703690
0.8130021
0.7234221
0.8494880
0.6610199
0.3843854
1.7984107
2.0450667
0.9240231
2.3454672
1.3677841
1.5029041
1.1292806
2.6233198
1.3600943
0.4425050
3.2446414
2.2787787
3.0005809
1.4936013
2.0966998
0.9134273
1.4224636
1.2040209
0.5946429
0.5615363
1.2489774
1.2637992
1.1032622
0.7839057
1.0270906
2.1283377
2.0185583
0.7785759
1.9764894
0.7788540
1.1460187
0.6937207
0.5411085
1.0436238
0.1910145
2.1428444
0.9361167
0.3835933
1.5573683
1.9918286
0.8771411
1.0460434
1.3623555
3.4248920
2.3353211
1.6198567
1.4023013
1.9460239
0.7286846
1.1416616
0.9893933
2.8080772
3.2799950
2.1355902
1.1805172
1.7693393
1.2673428
0.7846705
1.4675928
3.3176209
0.9219151
1.6481819
0.5106025
2.1661219
0.6635811
0.8128176
1.1022518
1.3713705
2.3743855
1.4251434
4.0712531
2.7189884
2.0829761
1.3325638
2.9794513
0.9816413
1.6352703
0.9137865
3.8548605
1.3083016
2.3100059
2.7534910
1.4730168
2.7147244
1.9228020
0.8316846
1.6227538
1.9521669
1.1250624
0.8811386
2.1392222
3.1634942
2.0927308
0.8549492
0.6836404
2.6112684
1.0138171
4.4154130
1.9842169
1.0691868
2.3071225
0.9337861
1.1626278
1.6490592
0.6517074
1.2949654
0.5373668
1.4749737
1.7477487
1.5174925
0.4718470
1.9696462
1.2521698
0.4831352
0.5890354
1.3754150
0.9713734
0.8244110
1.9508744
1.0527345
1.2784951
0.4026111
1.7400449
3.3976389
0.2606984
2.6732580
2.4087571
2.3632842
0.9802297
0.6145303
7.0766374
3.2234823
2.4639390
5.2582100
4.8711227
3.3472923
4.3771811
1.1709817
4.6439399
3.7155367
2.2100059
1.3385783
1.4374553
5.8127559
2.0303570
0.9622092
5.1013162
2.2582150
3.6811664
1.0326281
5.6428038
3.9903909
1.7802998
2.2401570
3.8287417
1.8966331
5.0658307
1.8531023
2.3051697
1.2713825
1.6688967
1.7937509
3.3862625
1.3683328
2.1761924
3.1761164
1.9935667
1.2015179
0.4933566
1.5442246
2.2707347
1.5192548
1.0256264
1.7557677
1.6737526
1.2764331
0.9363893
1.7246038
1.5170279
2.8497706
1.9043333
1.8145474
0.4234733
1.6775018
1.8606060
1.8931689
1.6623215
1.9403594
3.5149603
1.4432865
1.8168267
2.0196543
1.3518051
0.5373301
0.8474468
2.2303616
0.6934910
1.3183195
0.7331247
1.2800266
0.4188788
1.4674613
2.2687945
3.1198059
0.9128667
0.7994411
1.1269768
2.2523279
3.0344601
2.6063570
1.1201888
1.5985556
3.1800454
2.8478541
0.2635869
1.2259483
2.1196644
2.2334862
1.2992381
1.9576312
1.0950198
2.1883783
1.2303434
2.1490225
1.3936802
1.6405159
2.0352003
2.3281622
1.3484044
1.9311811
0.8991960
4.1605996
3.0701146
4.1223747
0.9920052
1.7620400
0.7084376
1.7083294
4.8595467
1.8631569
1.5756745
2.5837860
2.1883300
2.7839382
1.3976151
3.0366718
2.1680373
2.2495396
2.6617822
1.4839736
0.8484139
1.6627421
2.0810574
1.3833901
2.8565411
2.4154968
2.8112978
2.4707145
1.6944542
1.7217754
3.6573784
1.7274126
2.0989605
1.2618933
3.7052607
1.7959597
0.6599852
1.2738850
2.6153469
3.1355461
2.0888042
2.4093265
3.5110566
3.2684366
2.7353692
1.3212217
1.4440081
2.1166006
2.3850503
0.8323812
0.9219371
0.8521621
2.1510594
3.0477253
1.4248035
1.0602566
1.5519489
1.8684082
3.5747329
1.5455154
1.2877486
5.2444562
1.0446351
0.5136164
1.5983266
2.7188580
2.5909702
2.4910600
2.9825485
5.8667917
2.1193599
2.3881095
2.4424270
2.4075936
2.1929987
2.7592592
5.0094063
2.2140388
3.8093647
2.0142885
2.0022031
1.1792082
0.8804281
3.9764778
4.7428586
1.7416441
3.6360778
2.4683728
0.3272794
0.6142225
1.3575286
0.9094352
5.4981807
0.3622522
2.7906141
7.4993908
1.5172934
3.9378049
1.1843724
2.9884303
2.1154039
3.5556461
0.6701896
0.7812746
1.7761215
2.6612918
0.6744287
1.1668762
1.0270041
1.0694219
2.3351425
0.9278883
2.3929297
0.8836786
2.3288995
2.1246419
1.5173248
3.9298284
1.3645240
1.6484217
1.1994941
1.9191264
1.4252049
1.6614411
1.6521158
0.7464458
2.6039986
1.5386646
1.8089104
1.5912441
2.8309847
3.6121198
1.5743137
0.6397863
4.2421265
1.9405218
0.8489243
0.7536945
1.0262825
1.3435577
1.7981990
1.9238806
0.4080138
1.0836917
0.7151117
1.2944314
2.3404535
1.0712069
0.9862927
2.5189177
0.9944266
1.3651982
2.3937373
6.2451337
2.9679821
2.2765433
3.3270719
3.9110940
4.0114754
5.2663420
1.5398364
1.8926664
2.1377315
1.3805437
5.1879762
1.4816740
3.4675337
5.5216575
2.2353576
2.7188833
4.1245717
2.1286427
1.2886906
1.6979314
1.2383438
2.2923376
3.1751165
2.8795991
6.6909476
1.7269760
3.5610718
4.8756427
1.0550753
0.3723212
0.6776123
1.5246070
1.4717457
9.6033927
4.7350880
2.9675883
3.0563573
3.1194054
9.2260367
1.0752751
2.7766933
0.9322470
0.1944537
1.4187199
1.0946816
2.7282725
4.0659880
1.8113208
1.6443185
2.0504010
0.4916947
6.7058230
0.7136760
1.1675995
2.4698857
0.9879304
1.3501091
0.9458971
2.8377239
2.9035358
1.1654999
1.2489200
2.0751365
2.6598678
3.6072324
6.1148173
1.8259237
3.3861381
3.3883286
0.8349592
1.2735251
3.6168670
1.3353131
1.6349439
4.2436772
3.6256714
2.1114116
1.8420376
4.3898924
2.5289573
3.4179679
4.3560935
2.2831586
1.3728317
2.0100175
0.6091370
3.5728395
2.5281246
2.2278794
1.1451820
1.1295156
1.6883692
2.9435224
2.2621178
2.2480222
1.3416194
2.3217072
1.4221730
2.2539397
2.6645101
0.4008541
0.8898116
0.6133946
1.1363309
1.3862667
3.4772498
1.4472432
1.9444186
0.8833529
0.4546558
0.2131579
2.1624176
1.0883630
2.5266615
4.0932240
1.3597402
4.8681323
0.8679330
2.6929900
0.5119771
2.3707733
4.3086040
3.4724258
3.1654877
0.9735322
2.0242219
0.7630836
2.1550993
1.4296240
2.6935105
1.4572812
1.8427318
1.6600642
0.2930324
2.0218557
1.6983648
0.9356606
0.5005680
1.6296816
0.5730071
1.7414585
2.4574024
1.2808875
1.7685279
1.2080317
1.0308288
0.7240008
1.1455034
0.9465335
0.4696620
0.7949249
1.8925030
0.7167919
1.2295374
1.2327553
3.4192819
2.1197706
2.6235768
1.5798812
1.1734451
1.5655046
1.5938419
0.3635621
1.0577289
1.0738174
0.7997086
1.7577865
1.8662959
1.7771975
2.9798710
1.9240930
1.0553523
1.2916326
1.9671257
7.2206357
5.5165501
7.4490753
5.3823366
6.6176020
4.8603059
12.7471351
3.6334254
3.7241449
4.1862340
4.0665529
1.5419935
1.9495999
3.4862682
1.6321665
5.0109414
5.7456872
1.9965193
0.9667723
2.7383500
2.3793642
3.1924358
4.6250373
3.4421257
1.2130948
1.1146490
1.8407766
3.2539494
1.1858004
1.6655637
1.6384214
1.4447355
3.1359305
1.3912992
0.4644667
2.2053340
1.4486448
1.6916550
2.1707514
1.7468211
1.8197011
2.3009406
0.5977791
1.1456555
1.4347029
1.0925741
1.5985074
0.8268806
1.1487439
0.8568167
1.8301244
3.0479204
0.8859697
1.6787201
2.5563617
1.3266004
3.7408026
1.5728266
2.3977565
0.5858171
1.7270546
1.9718437
2.7705905
2.0952313
2.1107048
3.4047006
1.0198866
4.1525410
4.3668731
2.4504432
3.3505499
4.1682607
2.5420989
2.5530043
3.2235289
3.1822080
3.2494917
1.4849848
1.5274261
1.4226926
1.1344235
3.6535180
4.2318875
1.3337925
2.4870465
1.7346145
1.2390257
0.4741815
1.0395031
0.8308392
1.3214810
2.4616914
1.8291218
1.6080423
1.7769322
2.7653103
1.5592130
3.6744644
1.8874851
1.8115981
3.1408565
2.9836601
2.1547243
0.6692250
2.4118784
1.9725862
1.6497581
2.8228868
1.4269939
1.0725667
1.6988732
3.6092469
3.0999138
4.1480966
4.4537560
3.2870134
3.3937780
2.3938341
1.5174808
2.9767690
2.7907830
1.9212533
2.0216086
1.8689871
1.9534131
1.5199184
1.7917727
2.9604799
3.6018062
2.6273766
3.0409181
3.8272630
3.7588666
2.1280522
3.4828448
3.4420566
1.0121953
3.0017456
3.7867999
2.6832635
2.2853865
2.6002895
4.7393420
2.9191924
4.0697628
1.8212957
3.6400915
2.1537005
1.4112206
1.1690244
4.0690623
0.7928238
1.5133796
1.0257964
1.8286513
2.8997776
0.9496057
2.5243578
2.8296461
1.3856659
2.1175971
1.5251447
2.5986092
0.5307828
3.9080850
2.9814974
2.3284379
4.9828904
10.1462289
8.7198490
6.0762708
5.2908375
3.6600631
0.4634515
3.3507521
1.7371804
3.4526411
1.7028374
1.3976230
3.8210558
4.6919993
2.1011767
1.1514194
1.4288885
1.6073511
2.2187179
2.2219682
0.5099732
1.2054776
2.2873170
1.8234233
2.5767648
2.1195723
1.0775881
2.9983967
5.4335581
1.5957015
2.7932769
3.2358498
0.8099333
0.1771748
0.1354052
1.8229950
2.8386036
2.5716144
1.6651647
1.0055764
1.4365512
2.7842089
1.1723459
4.1183255
1.6921466
1.5746569
2.2603342
1.4969480
1.7052221
0.8609040
0.4963656
1.6714753
0.4819182
1.1184245
2.0719322
1.4404286
2.2907508
0.6207245
2.1175613
0.9454461
2.4938815
0.8527314
1.7794929
3.7547478
2.4335443
5.0816542
2.4335188
3.4691116
3.1378672
1.9988266
4.0700871
0.4891236
0.5738911
2.1450813
2.7357908
4.8769493
4.1365961
1.4635184
1.9325028
3.4628074
1.5654344
2.8211069
3.8264161
3.4445047
3.5431873
2.2968065
1.6584886
1.3278328
0.9135253
1.2270172
1.0467250
1.0378059
0.7744894
0.7801970
0.3822445
0.5370714
1.2188122
0.2766692
0.2441675
2.0817780
2.8201576
0.9756269
0.5158801
2.2530525
1.4590632
1.5440675
1.9073733
1.7686775
1.9867105
2.1683589
3.0367236
1.6991219
3.5998272
0.5252966
4.7937137
2.1956475
0.8470304
0.8704730
2.3355078
1.5238313
3.1163822
1.7809150
3.3187076
1.9151645
1.0214325
1.2701230
3.1396392
0.6543505
2.5423939
2.7401493
3.1742706
1.7937859
2.0316270
0.8427552
1.0202652
3.4223530
2.0633789
1.0004912
1.1096665
1.9143192
2.3446419
1.3100431
2.0568456
0.6997488
1.9248514
0.5349277
1.5874118
0.3691198
1.3671557
0.6848592
1.1035561
1.5758346
3.7735141
0.4316313
0.9171465
1.9465680
0.5807063
1.5794791
1.4680698
0.8318771
2.2367798
0.7575346
3.4641479
0.4711549
0.6085988
1.3069056
2.2322358
1.2491874
1.3118601
1.1778597
2.3289274
3.0216471
0.7113947
4.4150983
1.7778817
1.2428448
1.7490824
0.8619515
1.9874270
2.0077015
0.7209207
0.3480894
1.7832371
1.9338952
1.6172587
0.8005494
2.8256442
3.0655931
1.6323393
1.0739687
0.5605590
0.5914163
2.2930594
1.9034180
2.3009032
1.7807325
3.7342669
1.0881833
0.4358908
0.5399569
1.0663671
1.5386502
3.2293129
3.5701909
0.7671447
4.6027204
2.0000546
1.3022004
1.4063090
2.4704361
0.7414319
1.2491707
2.9626829
1.5763524
1.2868837
2.6839482
0.9388963
1.5413446
3.4445411
4.7980123
4.3639142
3.6668792
2.7888444
0.4396456
0.5534453
2.8614835
2.2337669
2.3271514
2.3861094
2.4308610
2.9419569
1.3734043
1.6739836
3.3307407
1.7991958
2.2869511
1.6657807
0.7649957
2.1650385
2.3061946
1.9456444
0.5758319
1.8368553
2.2964760
1.0994000
3.6454031
1.1520871
3.3140696
2.1301197
1.3465698
1.3841803
1.0858780
0.4953240
0.8623494
2.8128035
2.4378658
1.9924023
1.6461397
1.8389905
1.4260677
1.6254725
1.4307243
3.1152927
2.8658135
2.5181276
1.6585672
1.1066968
0.4720910
1.6461165
1.4065887
2.7152038
1.6909114
3.6238410
2.0263192
1.6087802
2.6235275
1.5026752
3.1613231
2.1859055
1.1235408
3.1101504
0.8141426
2.0892972
0.8491645
0.5409522
1.5547570
2.2619387
4.0742405
0.8696076
0.4381991
1.2585805
1.4814881
1.5739663
1.1312732
1.8487483
1.9868935
3.6268171
1.1209670
2.3875168
4.4660994
1.8618106
3.1705863
4.7994817
0.9229812
2.8631764
7.1960715
4.2602653
6.1186539
9.0354328
13.2134174
41.6295665
1.9053778
3.2844487
12.7503032
13.6216456
7.5929822
11.9263881
3.3280170
7.3083125
6.8723140
4.0694441
4.2444684
1.5900780
2.8046789
2.8031673
2.8094352
2.5046471
2.5601026
0.4918214
2.4243443
2.6669957
6.4401202
1.8855653
1.7832438
1.0886715
2.4759984
1.6636191
1.6419088
2.1113580
2.3019534
0.2715121
2.4194936
0.9096587
3.6182740
1.2955896
1.2472302
1.0903175
4.0481904
3.8569580
1.3014646
4.1539686
2.2712067
4.2057762
4.1601985
2.2319186
1.1560598
1.6380352
1.7391612
3.4839025
0.5155410
0.5998238
2.4463786
0.4811838
3.5040531
3.0585619
1.6048130
0.9054118
0.8918048
1.1042636
1.5753511
1.5839540
2.4164797
2.1851977
2.4156914
2.1442768
3.0463695
1.3387145
0.8620389
0.5898942
0.5739805
1.8689623
0.6790058
1.3931797
1.1339712
1.2891941
0.5198273
2.4673486
0.4347663
2.1001295
0.6804843
2.2822375
1.6963309
1.4848703
0.7706815
2.2260456
4.3094370
0.7643065
2.0699363
1.0870698
0.5387820
2.1921331
3.2289868
1.9915932
1.2503749
2.7986562
3.4669876
1.9160830
1.4698440
0.7127184
0.8891687
2.5520424
2.7473342
1.7362264
1.4019492
0.2458879
1.4498959
1.6239234
1.5996617
4.9193239
0.6864569
2.0210570
2.7250283
1.5040263
1.1038596
2.0130927
2.6344375
1.8477675
2.6679052
2.7825358
1.5639647
3.6425773
1.6933149
1.0156074
4.5092104
3.1693777
6.4496429
2.0228438
3.1894714
2.8958626
1.1091342
6.8592941
2.5466074
1.7076009
4.0558836
1.4119066
0.9648904
0.8678510
3.1588841
4.7606567
6.4931265
3.6335189
2.7893475
1.9410587
0.4825402
4.5067250
2.4901513
3.0034865
2.5841145
1.0261837
1.4885756
1.5045456
1.3787578
2.6395293
1.3975464
2.1768263
1.4947915
3.5969205
1.3408377
2.3546755
2.3152219
0.7208980
2.9070828
3.8797955
2.0805353
1.4365177
1.8043074
5.3352831
0.6853392
0.3191340
3.8180530
1.9927278
5.7216396
6.8527045
1.9103340
1.6503164
2.1415283
0.7002157
0.6068945
1.0773579
1.1691900
0.6880330
4.6292307
3.5297440
6.0103656
0.3997446
3.5448673
1.3516157
4.2284231
0.5511321
3.2053315
4.2594758
0.2920031
2.2696938
0.8600456
1.1017937
1.4479317
1.6425719
3.3738266
2.3686452
4.0135809
1.7538294
3.8441980
3.7550353
2.8596348
1.7995428
1.7243386
4.8454837
1.1300816
0.5011402
3.0530742
3.8301205
4.9303570
2.4620858
3.6692284
0.8903784
1.8317520
4.6050515
2.1612876
1.7573825
3.4136665
4.2285814
1.5920943
5.1509931
0.7296346
2.5016992
4.7981241
3.7015069
1.2215518
1.9462262
1.5993659
4.7913888
0.9032526
1.4276005
1.2852980
2.1637592
1.6507223
1.6365456
1.0407011
1.2152291
2.1204844
2.7400270
1.9228438
2.1118230
0.7662620
1.3379365
1.1049283
1.0564738
2.9131165
0.9111984
1.6867124
3.2375586
1.3473033
1.1977878
0.8202582
0.4310465
1.9293050
0.9139308
2.1698297
0.7752251
0.7062160
2.8999860
2.1619548
2.4838911
0.8930721
1.3555714
2.3000203
3.1967165
0.6564042
2.2042256
0.5158856
2.5263326
1.3587114
1.9091460
2.1214070
0.4463446
2.6640062
1.2313054
2.0820581
1.0712549
2.0477840
1.3769220
1.1329588
2.1351799
1.8915044
2.4689554
3.3781143
1.4028739
2.5749209
1.6093734
1.3548297
1.4034695
1.4435531
0.6194268
3.2033337
2.0676095
1.2730492
0.8155028
2.4976358
0.7241950
0.4015541
1.7374800
1.5117445
1.0675337
3.2428306
3.2133584
2.3104164
1.5494200
2.9794863
0.4769582
1.2546250
2.3720784
3.2502384
1.0646701
1.3299353
1.2859019
0.1426322
1.6307891
0.5824300
1.1503649
2.7838583
0.8214470
2.4076894
1.6913082
1.3844802
3.5220678
1.2088786
0.4803482
2.2056346
0.7453963
0.7417430
2.6744470
0.9990496
1.1728593
1.0999010
1.6891349
1.5485955
1.4716298
1.2381901
1.3842312
2.3618430
0.6592089
0.1880526
2.1551212
2.8317905
1.6150674
0.7973917
0.3686728
0.3473204
0.6456019
1.2505610
0.8171909
0.6603358
0.8065744
1.2612706
1.3324703
2.3203126
1.9003774
0.4782488
1.0587685
2.6789012
0.8681851
1.8130746
0.9349684
2.4090486
1.2222204
1.2099492
1.7832659
1.5930313
1.4238578
2.4180992
3.0883952
0.7743920
0.7970031
0.5831211
4.7340434
1.7194207
1.8255564
1.9838062
2.0794046
1.8870969
0.8811406
0.6085187
1.6794071
2.9754767
2.8453236
3.1982208
1.5569502
1.8987443
0.7128297
2.1184113
0.8788043
2.5210167
0.8218133
0.8188597
2.2233024
0.4446908
0.6110307
2.7499967
2.6270556
1.5640327
3.6776675
2.3302516
1.2568099
0.4941647
0.3960966
1.0679568
1.3784075
2.9246949
0.7453586
0.9512405
1.1062671
1.3245787
3.4446973
3.9154992
1.1796350
1.3509007
0.6321426
2.8203142
1.4004760
2.5602975
1.2815659
3.2958334
1.6160036
1.2501512
1.1863198
1.3943542
2.5206522
1.4306050
1.6328529
2.2301638
5.7290758
0.5739059
2.7636651
2.0146306
0.9452168
1.0994394
3.2606496
1.9855852
5.7439676
3.8479547
1.8824854
3.4390963
3.7492837
0.4272973
1.3513974
1.5090144
1.4661395
0.5891484
1.7289437
5.3260759
2.6764112
3.4847395
6.2099278
2.0931534
1.4735012
5.8095117
6.8173834
2.5630395
1.0453271
3.2396679
0.7475239
7.3364937
1.3774723
2.0226515
0.7797372
1.3043918
1.9831539
3.5329502
2.7656064
2.1634938
1.2821516
1.4706419
0.6017279
3.0824861
0.6244398
0.9935396
0.5516559
2.4594685
2.1141971
4.3213011
1.3832552
1.9483612
0.6854215
2.1203194
1.6128015
1.1527126
2.2582775
1.1133088
0.9872590
1.2047392
2.2540117
0.9619287
1.9750427
3.6062482
0.8464863
0.7406501
0.6529881
1.4589351
1.2844950
0.9403750
0.4314436
2.2717233
1.4529916
3.2627068
1.3503169
0.2108923
0.8840285
1.2676717
1.8622912
1.4171687
1.0693674
1.3232602
0.3543850
2.5101398
2.0346191
3.4058651
1.1222762
1.7034309
2.0739556
1.5778904
0.2446924
2.3703667
1.3649998
6.6767220
3.2942445
3.3837953
2.2504751
3.6476754
0.9572915
2.1551611
2.9730549
0.6447316
1.0446513
3.5381249
2.2833971
4.7948498
1.5276178
3.2986610
1.3328363
2.5019935
2.0600758
1.8075273
2.9165021
5.7688515
2.6475851
3.4018522
5.4539071
3.1978431
3.3753705
1.8145470
1.0861328
3.3743258
1.8567329
2.3926105
0.9596921
4.1222221
1.2425333
4.0401518
5.0292307
2.9570682
1.2077471
2.6367075
3.0178981
1.8402081
0.8667667
2.1629110
1.7088654
1.8691670
4.2776050
0.4631549
1.9178690
5.3897856
2.6385178
3.3872510
5.3061680
1.4664243
1.4217578
2.2759357
0.8573162
2.1659135
1.4484013
2.7917975
4.2010196
1.8877575
1.8130828
0.5043453
1.5766337
1.4779013
0.8775977
1.6493040
1.4062645
2.6424272
0.8237329
3.9815440
2.7733769
2.3981724
1.4487278
0.7526753
2.6045707
0.6927666
1.1875663
1.4060163
3.6150124
2.1291728
2.9531651
1.2216301
0.7499729
1.1256736
1.3965206
1.3355241
1.6359268
1.6632749
1.2821741
1.1186429
2.1946482
1.4273663
1.4087248
1.6941897
0.6123284
1.7277592
1.6221062
1.6015546
0.8971579
1.2966542
1.6195806
1.2218985
1.3325096
2.2032342
1.0209913
1.4186393
2.4170136
2.8783363
4.1293117
2.7022315
5.4018104
3.3699022
2.2500361
3.1272088
3.6895035
2.7882434
3.9520754
2.5009057
1.2483124
1.5183232
2.6454119
2.0977254
3.8862984
1.9773687
1.0804781
1.6692290
1.2604667
2.0185489
1.5681001
0.4233911
1.3144598
1.8421461
0.6535981
1.5562477
0.8995388
0.6420038
2.1679577
0.4878453
1.7174395
0.7395741
0.6316821
0.8182991
0.6396794
1.1988838
2.1363775
1.7153771
0.4035883
3.0639311
0.7519631
1.2791219
0.9560852
1.1859771
4.8108895
1.9617839
2.5919809
1.7370660
1.3216469
1.1190250
1.6065396
0.7957490
1.1359211
2.3297100
2.1089770
0.8351253
2.3169294
2.9629979
3.6982467
1.5215928
3.3367057
1.2825304
2.5991220
4.3363651
1.5436358
0.5054570
4.7969448
2.4378462
1.3272137
1.1391539
1.3974924
1.7911054
0.4093725
1.2400694
0.7121084
0.7484137
0.7758384
1.3395741
0.8168380
0.7781749
1.2026037
0.6461300
0.9610731
2.3294255
1.2963351
1.9133736
1.2716492
0.8102135
0.8450967
2.7887408
1.1528837
0.9437394
0.8506468
0.9289586
2.1214011
2.3818412
3.9733555
2.5248296
2.0460196
2.4510355
3.4295766
0.7698300
5.5146143
1.5493567
1.5264968
1.6442829
2.0998630
0.7357655
2.3979163
0.9479735
1.9233946
3.1630224
1.9642470
1.2340857
0.6730229
1.9654191
2.9237615
3.2765429
2.3783358
4.2038166
1.7405043
3.8954860
3.9726193
3.2781140
2.2748717
5.5566858
1.8902160
2.6288615
0.9849225
2.5503437
2.5054818
2.5063344
1.7127158
1.9866810
1.3452749
1.1822046
2.6636422
1.5665950
3.6328760
1.2207341
3.8303142
1.4538039
2.2873554
2.0497902
1.5437255
1.3321834
1.4409886
1.4745286
1.5371869
1.4027695
1.9482101
2.0079013
1.2382862
1.6559966
1.3929538
2.0262867
1.8653710
1.0318187
2.8074473
0.7309719
1.5284927
2.6982326
2.7225763
2.0234181
0.3729888
1.8300519
3.8528886
1.0008749
1.1330548
2.0186438
2.8899566
0.5735803
0.9631284
2.0690776
0.5425086
1.5539293
2.3453853
0.6647537
1.0028762
1.8660175
1.7826450
0.7679332
0.7718841
1.4696752
1.3030985
1.5332643
1.1973371
0.8930720
0.8482145
1.0079087
1.0627962
1.2149962
1.2030531
1.8295456
0.9435052
1.6911480
0.4066078
1.5641852
0.4334343
0.6769313
1.0661738
0.2584608
0.9869661
0.8751044
1.9090266
0.6366842
0.5964286
0.4237113
1.4192461
0.5265935
0.4984880
1.7132877
1.5237182
1.0380590
1.2496354
1.3262929
1.5915488
0.5433207
0.6656564
0.5521531
0.5834513
0.7068765
0.6440303
0.8323631
2.1531474
2.7075879
0.8648044
2.1468324
2.1010032
3.3928006
2.2604110
0.6907887
2.0853571
1.4232189
0.7843048
2.2520650
0.9019135
2.2930556
2.1336128
2.1405633
1.1904064
0.9119885
1.3796319
0.7723763
1.0853664
0.7130384
1.8760708
2.3609308
0.9847827
1.7219578
1.0143160
0.9321062
1.7754183
1.3065834
1.8780825
1.5135846
1.8640564
2.6067179
2.2031748
1.4638463
2.0322471
2.6655576
1.9423207
2.5831105
1.9693083
1.0246335
2.1915030
1.3065466
1.7321343
1.2258041
1.4985993
3.0520853
2.0172353
1.4293336
1.3205904
1.4003123
1.3211094
1.4772243
2.0630354
1.6294522
0.7718771
1.5194377
0.3665320
0.5260476
2.0383034
0.7505625
1.4854250
1.4155632
2.3585456
1.5528887
2.5606956
2.5521705
1.5794723
2.1526534
1.6859905
2.5277434
1.7122880
2.1044881
1.0583590
2.0893843
2.1025423
1.6849724
2.2334213
0.9403067
1.3207577
1.9252981
1.7308412
2.1740643
2.4383041
0.8848060
2.5471584
0.6046984
1.8056448
1.2650025
1.3533911
1.7499020
2.3483888
1.4706746
1.9335075
3.6813986
2.1222059
1.1776721
0.8081719
0.7074102
3.0114350
0.4192471
0.7117381
1.5455038
1.4643279
1.4933424
2.9751055
1.2808975
3.0072859
0.7520579
0.1465693
1.2230445
1.4527634
0.8818786
0.5826090
1.1283928
1.4897380
0.8221046
1.0531491
1.9548598
1.5700073
0.4850653
2.1532205
0.7001595
1.3134469
3.0833919
1.1256057
0.8663469
1.4800716
0.8312887
2.5696226
0.8494716
0.6665223
0.6782977
1.7751343
0.3498961
0.4039810
1.8965540
1.4478961
1.4224121
1.4642565
1.8894218
1.9856384
1.0989563
0.5207248
0.8149610
0.4678984
1.0791405
0.6152224
1.6918252
2.1896903
1.4023312
2.6552305
1.2760105
2.1673883
0.6656597
0.4775234
1.8181405
1.2732314
1.4795056
0.7102036
0.5955992
2.4783243
0.5458400
2.9322890
0.8284951
1.2912432
0.9134246
1.6912110
1.4839091
0.8461993
1.4837205
1.8998344
0.5811260
1.5370981
0.4462677
2.1783361
0.7648444
1.7244815
1.0943047
0.3837018
1.4159930
1.9267015
2.5038731
1.4831565
0.6748022
0.7252177
2.1146532
0.7944196
0.6976684
1.1456522
0.6139274
2.1940390
1.8157683
1.1795089
0.8361164
1.2128513
1.9073567
1.3265994
1.9834890
1.9634521
2.3764920
1.2158146
1.5489551
1.5353310
2.1187934
1.0011244
0.7906337
1.4225874
0.4856685
0.5714182
0.4496476
0.4134180
1.1253303
1.2273987
0.6396407
0.6659961
0.7053083
0.5253223
0.8480105
1.0740640
1.6706694
0.8151920
0.9281911
1.1310308
0.9868991
0.4460336
0.3280737
0.5463257
0.6974417
0.9099122
1.4192537
0.7903449
0.5505130
0.6295397
0.7082674
0.6613199
1.2312093
1.3263007
0.9720947
0.7239461
0.9422355
1.3294157
0.5494145
1.7683515
0.4981713
0.7234999
0.4147413
0.4025889
2.3234891
0.7465762
0.2681062
0.7450698
1.3806456
3.3768861
0.8588826
2.9426218
0.9301191
1.3378596
0.8097972
0.4660902
1.0922044
1.4096008
0.2053693
0.8148115
0.7161328
1.4361857
0.9653281
0.9031521
0.5841473
1.0937449
0.5856414
1.1282858
1.2847084
2.0286766
0.3028338
0.8736647
1.4915231
0.9042451
0.7110928
1.0107942
1.5708693
0.9822561
0.9808224
1.2852751
1.2873277
0.9348751
0.9012910
0.4763055
1.2383873
0.7542694
1.2681053
0.5638988
1.5384597
0.9671304
0.2204605
0.2119817
0.2939264
0.1815041
0.7148305
0.6170149
0.8524410
0.3872564
1.0409714
0.6273450
0.6168537
0.3143798
0.5112054
0.7555411
0.6132195
0.4934835
0.0254728
0.5441419
0.7685787
0.6218221
0.2814393
0.4147195
0.6908569
0.8795336
0.9856727
1.2297209
0.8848183
0.6578820
0.6330911
1.1128881
0.6946555
0.3165348
0.3858136
0.6571393
1.1280823
0.1491684
0.5654757
0.4974337
0.3362917
0.9777936
0.4361771
0.5560413
0.3821723
1.1210160
0.8593234
1.1569539
1.4349787
0.7748420
0.6862117
0.6991449
0.7201673
0.9076408
2.5988334
1.3313482
0.6085579
0.2341788
1.0173713
1.1874415
1.0616475
0.7474576
1.7430848
0.1770930
1.5250777
0.8298464
0.6393982
0.2285250
0.5538233
0.3276900
0.1995103
0.7357133
1.3585952
0.4284808
0.2145064
0.1501548
0.9481367
0.8403415
1.1124710
0.5700876
0.3471174
1.5721551
1.0962560
1.3511934
0.5221826
1.6123733
1.2176804
0.8542181
0.5498788
2.7397421
1.7656706
0.6939813
1.2561543
1.9375486
0.8514978
1.6047977
0.4286846
0.8305030
1.6191564
0.2968571
1.4786153
1.0187137
0.7189961
0.9484567
0.4630835
1.5355300
2.1206842
0.5800259
1.0599576
0.6810354
0.9144020
0.7051273
0.2597261
0.8435817
2.0045773
2.5444155
0.7966134
1.0443959
0.4116676
1.2098471
0.4814896
2.4322140
1.8759258
1.2858098
1.3064133
0.5034019
0.9762562
2.2516364
1.4176834
2.5847951
2.1400257
1.5721940
1.2654850
1.2900156
2.0815274
2.6673154
2.1066001
2.1265525
2.3998926
1.3755363
2.2432652
1.1626729
0.8752116
2.7057233
2.2935528
2.4948201
1.6011837
2.3232408
1.7068642
1.5685271
1.7856152
2.0754621
2.3214821
1.8100631
3.1665210
3.5069337
1.4515573
4.3850516
4.5480534
3.7260544
3.2518336
5.9402600
2.7350814
6.0549627
2.7591912
4.7539480
1.8660537
3.5848414
5.1804154
3.5267527
3.6074580
5.8226688
4.3876541
5.3695041
3.0576247
5.3049676
2.1963579
0.2137399
1.2746986
1.9485486
1.6432259
2.5326505
6.0269498
8.6342608
4.0956030
3.7607116
3.8476509
4.1104198
2.5503010
3.5398945
4.3266384
1.9578318
5.0701097
5.8405838
1.9954420
4.7548174
5.2767809
4.4268978
4.7737383
2.0500903
2.1761849
5.4922656
1.5015137
5.8855561
3.0643133
0.8321880
3.5928257
4.4477828
0.5623390
0.6307972
2.1830315
2.3802874
2.9522668
2.6028179
2.3357845
3.2051578
0.5743122
1.7595114
2.5667343
1.6746318
4.4554150
3.5153865
1.9880412
3.9907235
1.5697820
0.5375984
1.3745828
3.8185843
4.6885566
1.0585801
1.1696913
5.0386364
3.3187144
0.6818009
1.3094780
2.1645234
1.6756028
1.9422033
0.7249060
1.6954117
3.2667571
0.8572864
4.0443349
1.2571776
5.2203022
1.9909694
3.3311497
1.6784056
0.8321137
1.0628023
0.9677658
1.0124654
1.5396421
0.9752367
1.2628860
0.8080103
2.7158344
0.7274327
1.7796760
0.8818160
0.8522411
1.1583334
0.9986065
1.0915391
1.1170927
0.6635076
1.2819179
1.1323166
1.9312798
1.3016429
1.2927437
1.8817250
2.6880268
2.9538063
1.4575673
2.4096988
1.0220063
0.6853403
1.6929921
0.5835972
1.9962849
2.7863586
1.9327042
0.7259493
2.8735295
2.1606537
1.0354221
1.7251698
2.5649094
2.6614367
1.9653728
1.3088225
1.0514699
1.3332313
0.9132392
2.2752428
2.6325365
1.0194876
2.6250884
1.6489920
1.6349489
1.0510133
0.9952265
3.0204026
1.8282931
0.9875735
1.0406412
1.8010370
3.1253322
1.6193067
1.7308391
0.8018332
2.6892723
1.6417380
1.6935555
0.8240415
0.5121898
1.7892768
1.4578887
2.3064537
1.3641652
3.6007433
1.8627587
3.1763369
2.8623659
2.2269336
1.4406455
0.9487288
2.1775245
3.4221164
2.4259398
1.8940892
1.7771709
1.0404130
1.0578575
1.6875634
0.4537076
0.6000397
0.5771777
1.1694250
0.7400092
0.8013826
0.8158246
0.7862281
2.8816451
0.8417674
2.8390461
1.1492382
1.1497152
1.7117140
2.2169395
1.5097845
1.1883972
0.9788045
3.0501184
1.7350185
0.9574105
3.5559056
2.7521097
5.7757546
1.7309363
1.8363655
1.7938447
3.4169452
2.8166011
1.1027945
0.9839522
3.2465570
1.4273038
2.5100047
0.3019121
1.8004520
1.6431992
0.5615994
2.5646944
1.8491915
1.1566547
0.5027296
0.3210825
0.7810686
1.1474262
0.9672420
0.6775136
1.4178588
1.8062167
1.9693775
2.2225765
3.4948976
1.8300032
1.6205019
3.5632223
4.2313702
2.5239344
4.4781017
0.5860993
1.5492122
1.1048750
3.1725302
2.5056093
1.3604471
1.9090210
2.2849479
0.7860673
0.2330004
2.5762075
0.9268168
0.6905858
0.2507474
1.6522610
1.0093555
1.0016812
1.0776382
1.5949023
1.0160939
1.3639420
1.7838652
1.6356202
1.4161569
2.0382821
1.8485447
1.9918199
2.7826260
0.9246283
3.6507827
2.2245120
3.5952785
1.4967584
2.8784837
1.6026790
2.1234579
0.5951893
0.7738353
0.3846102
2.3503065
3.3240793
0.7556432
0.5920160
1.7877720
1.1761594
0.6380465
0.9475978
1.7233232
1.4763243
0.8475148
1.7663232
1.1594247
3.1016306
0.7091776
1.1385946
2.6667241
1.2508406
3.5463417
0.8717368
3.5436048
1.9733627
0.3603040
1.4573723
1.7363054
0.5004132
0.4787500
1.0449130
2.0667019
1.3544382
2.3764061
0.9232908
1.7312029
1.9467980
2.1549406
1.8008426
0.4135690
2.0841683
1.7226317
1.7078423
1.6523508
1.1471713
2.4558081
1.5498462
2.2801821
2.2285272
1.4107143
1.4509216
1.2447850
0.7720809
2.3949357
5.8416473
3.7348005
0.8712216
1.8163414
2.5465033
4.3465858
2.5213065
1.5808231
2.3068425
4.3952124
4.1265623
2.4343429
3.0106397
1.4443916
2.0363542
1.6799335
2.4714082
3.2225441
2.5604082
3.4698605
2.6887630
2.1709551
2.1674988
3.1807396
2.9676773
1.4821528
1.4991210
1.8398695
0.6184493
1.5144042
2.0802651
1.3748381
1.4263427
1.2374527
0.9148661
0.8224716
1.5041971
3.0497111
1.4461696
1.0625225
1.1124130
0.8238812
2.5430595
1.6840108
0.6958451
1.0276700
0.6426094
1.8873208
0.8665539
1.1585282
0.7313725
0.7551448
1.2912674
2.2086915
2.1535892
2.1608854
2.2806620
2.4254178
1.1872223
1.6287187
1.1318498
1.8018826
0.7692838
1.8214712
0.9172351
1.0214266
0.7081200
0.4056431
0.7642910
1.2183690
1.6396195
0.7294452
1.4042168
0.8035065
1.5518455
1.3879062
0.9208483
0.8581025
1.2840195
1.3557890
1.3933690
2.0252879
1.3564135
1.9809402
2.8040623
3.1312074
1.3590066
1.1985286
1.1349253
1.6818570
1.2915537
1.2456205
1.4980202
1.9199268
2.3312641
1.6584269
2.5709377
1.0734154
1.8531695
0.6654111
3.3601741
0.8192508
0.6931084
0.7033928
2.0891395
2.2408509
2.3894439
0.8849901
1.4815655
1.2194393
1.1637137
0.2102273
0.3513399
5.2808997
2.0281258
1.2487687
1.1949728
1.9659272
0.5682043
2.9588384
1.3456541
0.8322129
0.9486938
2.6911990
2.1181101
2.7521452
3.3513788
2.8872865
2.0497694
2.8347972
3.2685398
1.3376543
3.4630553
2.4280626
0.6020113
4.5508867
0.6862009
0.8232367
2.1209772
1.1771330
1.5158779
2.9568881
3.1235167
0.4174902
1.8060239
3.7159855
1.1762743
2.9566804
2.6431645
1.3816005
4.6166698
2.6478428
2.3180576
2.0352776
1.9957321
2.0582536
3.5985938
2.9594001
1.2004227
0.8881452
3.1721160
1.0814365
1.5920666
1.8664349
2.8539803
6.1844393
0.3009457
2.7766856
0.8411903
2.0468854
2.0050440
3.0112147
2.8427777
3.4248786
2.9037778
1.7435906
3.9866210
2.5733127
0.9819646
1.7072595
2.3821851
1.7791289
3.4493375
1.8406730
1.6901761
3.8391922
2.1148792
3.2589722
1.0005100
1.5365348
2.1542055
3.0968718
3.6928622
2.4477453
3.9274011
8.3905507
7.3494906
6.0764365
1.6595593
9.3524720
2.2074851
1.9970802
1.1261355
3.1532084
3.1137751
1.4751094
1.7049691
0.5983112
1.5988514
3.4001581
1.0693740
3.1089803
2.6748070
2.7227238
1.2274135
4.3365301
3.1576875
2.9670243
5.9949971
3.5036570
2.3426920
0.8460288
3.8228019
3.7761662
3.1987163
3.7372457
2.2889225
5.3320477
2.2213298
1.3285475
0.8757270
2.0885608
7.1027633
6.7360026
1.9441987
2.2980182
1.3564140
0.8066086
3.3924529
2.1946044
1.8789429
1.0094322
1.8289647
3.8212510
0.9660166
2.7863610
0.8577028
1.8183518
1.3685450
2.0476883
3.3726220
1.9443525
1.6378631
1.6343918
3.3247501
3.3879222
4.7095741
2.8913371
2.7388853
0.5749084
1.4818929
1.2351419
1.9898064
1.1545537
0.9411851
2.4574452
2.4375804
1.5408719
1.7306524
2.8444082
0.7708408
1.2348518
6.5620844
1.9800821
2.2281496
1.7805438
1.5426915
2.7541666
1.6781013
1.3345483
0.9111625
0.6587235
0.4873506
1.5298571
1.1309775
0.7460420
1.9276359
0.8306683
1.4409308
1.1830100
1.7794871
1.4929065
2.1477165
1.2812354
0.4699813
1.0290255
1.3379757
1.8378775
0.7383053
1.6345641
1.0824108
3.9204010
3.7739700
2.8949764
2.3801834
0.7268154
0.5839547
1.2606085
1.3927926
4.3916969
1.8602002
3.7875673
2.2134425
2.6334804
5.7212227
4.0824867
2.0641165
2.7086837
2.5386021
3.7170770
1.3583520
3.3618208
1.5710594
1.7375233
2.6898006
2.3469079
0.2100996
2.1365770
3.1612202
3.4119204
0.9265774
0.5936388
0.5202168
4.9202852
2.0630376
2.4456264
1.3526339
2.4282476
2.5972367
2.2812571
2.5735698
2.6027550
2.3142434
3.7341586
2.9504185
1.0235142
2.2968599
3.0369651
1.4738100
3.0867023
1.2436120
1.4673238
1.6825437
0.6159678
2.7091227
1.2236916
0.5305759
1.1811006
0.7709695
0.4638715
1.5378434
1.9116135
1.1481503
4.9293831
2.1044678
1.6116104
1.3782518
2.1611987
1.7584685
2.8280047
2.6785724
2.8658546
1.3051508
3.2627781
2.6556730
3.6411038
1.9181835
0.8868710
2.9422296
1.7328274
4.3338319
1.0535978
1.4246721
3.3205795
1.3867484
1.0405866
2.6062395
1.0717545
1.5653952
2.8075450
1.4372667
1.8174302
2.9047938
1.6345388
1.1421878
1.1569661
2.5705617
2.4333877
1.4883098
1.4934259
1.9588141
2.9154123
2.4724709
3.1073294
0.5928664
3.5897367
2.6317277
1.0440675
3.2057726
3.4084906
2.3411037
1.0933285
2.7984163
1.4738338
1.5139764
3.3578785
1.8090090
0.6953177
3.4666292
2.4013990
1.0497210
5.1473179
1.4272837
1.7331358
2.4072299
2.7590591
5.2352732
3.4252771
1.8018546
0.3866155
0.6045487
2.1487852
0.6167067
1.1241750
2.0394319
1.2279966
2.5768529
0.8940973
12.6109848
0.7304432
2.0302128
3.1380187
3.0676778
1.8264976
0.9903861
0.1923022
3.3545467
1.0806607
1.2311782
0.6084296
1.3413387
2.5781664
1.7292092
2.1414927
1.2874107
0.9189154
1.3681422
4.7815297
1.4046510
0.6671376
6.4909062
0.9931524
0.5169081
0.6960180
0.8208315
0.7931303
1.0432202
1.7307075
1.3008129
0.4683754
0.5479201
0.7719954
1.1750833
1.1897903
1.1035945
0.8965567
0.5997040
1.1230303
0.4278931
1.0686333
0.9949965
0.7502237
1.4387876
1.2298709
0.4769009
0.6972194
0.9171357
0.9122240
0.5235492
1.0452801
0.4502041
1.2724331
3.0354624
0.9550644
1.2179096
2.2415551
0.9925710
0.6945822
1.2254294
0.4563198
0.4175887
1.2373734
2.1435650
2.1646019
1.7309051
1.6593635
1.7294418
1.6528942
2.5235534
1.2071432
2.4230685
0.4823488
2.7762520
1.1792933
2.3744031
1.1355160
1.0256705
1.6976106
1.0379480
3.0596971
3.0529371
0.6044892
1.9783735
1.6222297
1.8100207
0.4811726
1.0951024
2.5794569
2.9591499
4.2086235
2.9308983
3.1726416
0.3028859
3.4401711
5.2465210
3.2008931
3.8382737
5.1131000
3.0491744
6.4242866
3.9367056
2.6952504
4.0974291
3.6723660
4.5025188
7.9627607
1.0319941
4.8121647
2.2186937
5.2270351
7.0173318
2.9170261
3.6453463
1.6686653
1.7717893
5.8652137
4.3964050
4.3233658
2.9441921
4.3381353
2.1149324
2.1725122
2.4767758
0.2176173
1.0930112
1.9795204
1.9431691
1.6193720
0.8928180
2.4517765
1.0255669
1.7098427
1.5769360
1.8314826
1.9563359
3.8581392
2.2225761
4.9429280
1.2188299
1.8141662
3.3220525
2.0573028
0.8553240
1.3236968
1.7320429
4.2487787
0.7612500
0.8232894
1.6992983
0.9379490
0.8208863
0.7876936
1.9762439
1.7609092
1.7647314
3.4886057
2.8654321
1.1774740
1.4737862
2.4321984
0.3868143
0.3985629
2.9023891
3.3799170
2.3618029
0.8630652
1.7785789
2.4094026
3.3387934
2.4818025
4.5563781
1.3761307
0.6190360
1.9327091
1.3146003
2.0934492
2.0987641
1.2878860
1.4370113
0.8884394
1.9554508
1.3793206
1.0762439
1.2253953
1.5804891
1.9427081
2.5944012
0.3350201
0.6263032
1.0360177
2.4978048
1.0093369
1.5416699
1.0705321
0.5075921
1.0157619
1.1821974
1.0439443
0.4714370
1.2976783
1.5162531
2.1169463
0.4236610
1.4760165
4.0227516
0.9070127
1.9392117
2.5316669
0.6661343
4.1922036
3.0816103
3.8412768
1.3227628
4.8343736
3.9136083
4.2988370
3.6595128
0.8195990
0.9455093
1.1843013
2.4462137
5.2035415
4.5921683
1.1867873
3.8338787
5.1504331
7.8004091
2.5067087
1.8682610
7.9404069
4.3104654
2.7703364
2.4176259
2.3931025
2.2766345
4.3759193
5.7213810
3.9963027
13.2646402
4.8495406
4.2547896
4.2861648
2.5495156
1.9035776
3.6528528
2.9947204
2.1448236
2.2536535
4.5934293
4.1583840
5.4783621
2.4981141
6.2325232
5.0156269
3.9122543
8.8751214
7.8083458
9.0745886
7.3376879
2.2660098
1.9200019
3.9886976
7.6071523
6.2563608
11.5826658
10.0918253
14.9669618
5.4666543
6.3216821
4.8189785
2.5258704
4.1489919
1.5056555
3.5026038
4.6780627
5.3097996
3.4931689
6.2419600
8.4925512
5.0281229
1.8813442
3.7143994
2.0179101
1.7067283
2.6129966
1.7504017
5.9471512
2.2624795
4.5262926
5.8477876
1.2417942
8.2930863
4.3654991
4.2110355
3.1380164
4.8366955
5.2293092
3.6254652
2.3717108
11.2243983
2.2967803
4.5025018
3.8172854
3.9007783
2.3944468
1.6008879
2.1061525
9.0187135
4.1784395
2.6900704
3.3251782
6.5506455
5.6662746
5.9429912
2.0998176
4.0542839
5.0726030
0.6839104
9.1865913
2.5788442
2.2895797
6.8748738
1.1960200
2.0298191
2.1327445
5.8730649
3.4957700
5.1520528
1.4486287
0.3389983
1.0733157
2.7520447
3.8457797
6.3582889
5.7879586
4.0741327
2.1942180
6.1711523
2.3957377
7.4681564
4.7329428
8.9370364
0.7538681
3.8203687
3.2435591
2.7884155
2.9446268
3.0494312
5.4705202
15.7768898
6.1749098
9.3730194
6.3762025
2.2928471
2.4166916
6.1313655
3.5454748
9.3789681
8.8252505
6.8245484
1.8602250
8.2280538
9.2780331
1.3477818
2.1067328
1.0993311
1.0186105
1.0231267
3.1395085
4.8880976
2.7338851
0.8506339
1.0845268
1.3258898
0.8779871
1.9108976
1.4139674
4.2750779
1.0904906
0.4298000
0.8615328
3.7741262
1.8392044
0.4738383
0.9598371
1.1526124
0.5671047
5.0502905
3.6398605
2.8351443
2.6042549
0.3815569
1.6115776
0.2930235
4.1719663
3.6492781
1.0944555
2.2643030
2.1284867
4.5931479
2.8274774
3.0099044
1.5403525
2.4996261
3.0621079
2.8563530
2.0865673
2.6989192
3.3312430
1.7447624
0.9382620
1.5166681
1.7985513
2.7088320
1.6574951
2.1477930
3.8831306
1.2219892
2.2237979
4.8665538
1.2228306
2.8995431
1.9457125
3.0836162
1.4032531
2.9011560
3.2310597
2.8008320
2.6045788
2.6533128
3.7011874
2.3506168
2.5655849
3.1930390
2.4470668
3.3079173
3.2138956
1.6754911
2.8019682
1.6610185
2.6497353
1.8654442
1.2866766
1.1463008
1.9305619
1.8059654
0.6182603
3.7631581
0.3570821
3.4186683
3.6572946
1.8478713
2.1168063
2.2487952
2.8632320
0.6328970
2.5664359
2.2729018
1.2535878
1.0521086
1.7333667
0.8456008
0.8532371
1.3863405
0.6689064
0.8450420
1.1522232
1.0158967
2.0019183
0.4464577
0.8410473
2.1811935
2.5117741
0.5274928
1.3563471
0.8231717
0.6585312
0.5452633
0.9670203
0.3758303
1.6372399
1.5974758
1.1086019
1.7764091
1.2013614
2.4689901
2.3835829
0.9060299
2.0515314
2.6042782
2.2928619
4.1069554
1.7190372
2.0528837
2.9636117
2.2939030
3.2880046
2.8609662
1.4411584
1.7831186
3.4740444
2.1603820
2.7183266
3.0594780
2.6193811
1.7271215
1.4238145
0.9891193
0.9324497
2.5646087
0.8513530
1.8945392
1.9697265
1.6287835
1.4842746
1.6400178
0.7414775
1.9124190
1.6597798
1.2214256
0.9233266
1.9235546
0.3236557
1.4376955
0.8273641
1.1389575
1.1345670
1.1844324
0.9672890
0.7612786
0.6706936
1.3226201
0.5903468
2.5601573
2.0055179
1.2606533
1.5501163
1.1413768
0.8242901
0.8916029
1.7351841
0.4141444
1.1507970
1.4840230
0.9858438
2.0977444
1.0692102
0.9478353
0.5414246
1.2860816
1.0717771
0.5162741
0.7275919
0.8846192
0.9420776
1.6268358
1.0515278
1.9159628
0.5821034
1.4971583
0.6974675
1.7878487
1.7239887
2.4702102
1.4047936
2.3526795
1.5153544
1.4820026
1.9885851
1.8888986
3.3291428
2.2523419
2.1619857
1.3229961
1.9493276
1.8863228
3.8492530
3.7052832
2.7003130
1.9640670
2.0347184
1.4244290
1.9409598
1.9164651
0.9071328
2.1879646
1.6253947
0.3356168
1.2689701
0.4824211
0.2305142
0.7400624
2.3432923
0.7316171
2.0044494
0.5388048
1.1719972
2.2800893
2.5359007
1.0280206
0.4783672
1.0802960
0.6889210
0.7147356
0.9356120
0.4449640
0.2543013
0.9461790
0.3551831
0.6320902
0.7875340
0.3058906
0.3717580
0.1250611
1.2772396
0.9200343
0.7096668
0.5949586
1.8671133
0.8792754
0.8774091
0.6716264
0.6380526
0.7225212
0.7045444
0.9887640
1.0052221
2.4547956
0.2006984
1.8590291
2.2336326
0.8883271
1.8715816
1.9804951
1.2683657
2.1058185
2.1125542
1.3879813
1.2276000
1.3160303
1.6229190
1.3666110
1.7384328
3.1803614
2.0340370
1.6254839
2.4315011
2.3927075
2.3794307
1.2811512
2.0035570
1.7044816
1.7676610
1.7899243
2.0999466
1.9569191
2.0619878
1.2305863
1.7116949
1.9103174
1.3678729
2.1125994
1.3010369
2.0330718
1.5749799
1.5789079
1.3547842
2.2671138
1.8428598
1.5666601
2.2785927
1.2398846
2.2281670
1.8723127
1.8101474
2.4196433
1.4393612
2.0376460
2.1701792
1.7918380
2.3850210
2.1570634
1.8000850
1.5577233
0.8694706
0.9275874
1.7960955
0.4472989
0.3615300
2.7450449
2.3395467
1.5714776
2.7274910
1.9351819
1.7300801
1.3227337
1.1735060
1.6272085
1.9120092
2.5317317
1.6679833
1.1465351
2.1932283
1.2348123
1.3036188
2.3400714
1.5320307
1.6971782
2.3753599
1.7114881
2.0364133
1.7712351
