2.0857817
2.0077431
2.0899445
1.6944772
1.9308824
2.2322227
2.0155773
2.0509850
1.5720971
2.1320102
2.2925295
2.2005853
1.9502880
1.6454427
2.2017332
2.2114930
2.1676147
2.0666583
2.0776424
1.8707212
2.4412189
1.9685745
2.2335536
2.5957782
2.2493579
2.6552841
2.2895620
1.9284875
2.1825443
1.7027571
1.8055184
2.2712412
2.0257856
1.7898003
1.9592102
1.9946710
1.8588959
2.1273268
1.4821516
2.1288881
1.8707968
2.0676775
1.9427173
2.2721625
2.0224142
1.5870430
2.1975448
2.0880302
1.7815404
1.6680731
2.1739475
2.3684835
2.1395237
2.0520578
2.0413302
2.7272873
1.7096304
1.7983901
2.1524425
2.1385021
2.1736545
2.2297483
1.9082796
2.1436498
1.8900936
1.9241529
1.9909100
1.8699646
1.6250354
2.2827897
2.0232421
2.1435461
2.1468859
2.1018993
2.0745539
1.9303767
2.2362346
1.7918433
1.6401793
1.8334344
2.2900368
2.2530091
2.2751095
1.9277767
1.6832038
1.8397504
2.2546916
1.9624289
2.2995800
2.2013342
1.9930349
2.1670530
2.3838567
2.1563607
1.8540205
2.2024650
1.9939555
2.4430371
1.9603495
2.2311225
2.2552573
2.0647706
1.6670228
1.8823599
2.4270766
1.8465617
2.3017932
2.2070989
2.5524800
2.5830509
2.0383384
2.7451093
2.6200725
2.3478493
2.6192009
2.3975597
2.2735225
2.4043985
2.3770896
2.5871739
2.8991319
2.8936854
2.9277181
2.2192352
2.7063985
2.2459729
2.8413039
2.6854450
2.6806765
2.9072186
2.6663960
2.5684137
2.3742604
2.7360799
2.2376091
2.4878160
2.4546880
3.2393700
2.3892543
2.3121508
2.9675437
2.7982975
2.8636770
3.0935108
2.4920629
2.4142616
2.4290402
2.7786398
2.7643353
2.8397098
3.5573496
3.0791888
3.1351235
3.2035873
2.4898260
2.4573361
3.0741435
3.0614199
3.3022286
3.3375362
3.6759327
3.0801744
3.1619591
2.9912360
3.6394531
3.2078869
3.1821532
3.1218507
3.4982667
3.0514699
3.7027399
3.3365414
3.4608811
3.7148489
3.7596927
3.6832841
3.6567878
3.6159156
3.8067221
3.8913311
3.5213774
3.7705341
3.5930531
3.7949709
3.7777447
3.5491756
2.6919653
3.5877036
2.8200273
3.8474003
3.0269102
3.1203622
3.3292273
3.3017451
3.4381820
2.9505019
3.2795174
3.1748617
3.3383004
3.2915411
3.1029568
3.2258303
2.5558773
3.1996467
3.3629194
2.5757621
2.4498968
3.1728010
3.5376698
2.6231748
3.1774023
3.0152378
2.9168969
3.0165582
3.0990475
3.2266734
4.3297895
3.3674833
4.1960977
4.3087329
4.6725054
4.4688778
4.6391335
3.4178841
2.8348312
4.2368023
4.3876695
2.9802215
4.2770586
2.7169544
4.3504424
3.3453068
2.8115152
4.6614250
4.1290642
4.0525972
2.4608068
3.5133597
4.0379344
3.1686954
3.6284320
3.8642696
3.8225713
2.8838086
3.8809163
4.8043247
5.0136855
4.2605455
3.2674798
3.2082740
4.0126984
3.2660575
4.1444802
3.9562405
4.4056571
3.7439272
3.2469456
3.6905310
3.3651155
3.8846951
3.1703638
3.3534395
3.7814943
3.2451117
3.1541225
2.9360827
3.4094124
2.8021121
2.8003429
2.4047842
3.0052035
3.3723101
2.5093597
3.0664181
2.8997800
2.5116225
3.8461793
3.5093376
2.5421784
2.3900234
2.7175873
2.7667995
3.8228287
3.1346224
3.2933358
3.8795515
3.3327977
3.7328912
3.8104408
3.3069756
3.0187917
3.3925869
2.9465107
3.5236586
3.5415705
3.5484112
3.9867960
4.4263355
3.8073368
3.0123217
3.3709747
3.3012364
2.4829467
2.9742733
2.9940283
3.4720065
3.4727574
3.3035077
3.5207726
3.3374969
3.8905028
4.4276027
3.2181496
3.5080762
3.1487115
3.2065926
4.1780072
4.0958067
3.0364414
4.4392959
3.6381559
3.1298259
4.4403186
4.1963008
5.6768342
3.6315698
4.6728744
2.5654340
4.3907339
4.5244182
3.9863286
5.6039953
6.9694165
3.9358250
6.2039774
1.2136158
4.5037916
3.1882297
3.2946909
5.1581179
5.7311294
5.7233882
7.2693448
5.4328241
8.7916789
8.2432257
8.5549897
6.5616307
6.2742368
10.3263913
7.0901314
7.1109779
9.2472309
6.8868874
7.5839486
5.9289923
6.0924723
4.6866727
6.9997742
5.8216793
5.0802847
4.8490991
4.6511665
4.0663087
4.7399531
5.3806010
3.4775277
3.6379313
2.7960396
3.6300204
2.8544812
1.6148888
1.3899185
3.7266299
3.6849822
2.7163315
3.3039407
2.7109027
3.6299599
3.5441612
2.0901495
2.3888224
1.6979766
2.5893843
1.0282129
2.1818779
1.7063074
1.7099945
2.3847861
4.3510555
3.1040380
2.8301941
4.0044411
4.5748899
4.8592033
1.7381548
1.4868445
3.4299407
2.8736604
2.9246386
2.4040142
3.3659824
3.6521795
3.1217687
2.4278524
2.6628924
2.6965513
3.2829866
2.1961523
3.0683824
2.2938078
1.3172138
1.7918779
0.7023028
1.9803486
3.2129277
1.3584432
3.4412102
1.4599679
3.1863262
3.0535663
1.4858309
3.6932129
3.5598465
1.3166740
3.1581188
2.7241792
2.3761509
3.6247593
2.7623391
3.0444786
2.0067253
3.2833707
3.7593231
2.3557634
3.0121303
3.3368844
4.5575954
3.6084518
1.7002840
1.0767201
2.6297721
3.8493050
1.7178503
2.9579093
1.3446383
2.2678465
3.3579866
4.1214010
3.0552083
2.3984638
2.5262435
2.6200123
4.7037754
2.6150161
2.1693473
1.9235453
1.6760716
1.6941951
5.4605495
3.3977210
1.6067806
4.7505374
6.4793559
4.2004094
3.9991182
3.0011292
5.7790085
1.7135119
5.4492145
5.7954417
6.0116669
6.7014253
4.9838856
4.9951575
6.8011573
7.8866421
6.3056084
6.5962167
8.4145329
5.5860827
7.5879960
6.9049617
4.8216962
2.8075495
3.9310630
2.4721633
3.0937748
3.8022236
1.5994967
1.0659536
1.7362173
1.4418710
1.6317280
2.2051325
2.1997029
1.7184244
1.3203354
1.8561256
1.8248407
1.6886026
3.2262438
2.6204332
3.0000063
1.8530329
2.2619722
2.7221735
2.2229076
2.3946251
2.0079623
0.6758794
2.5614753
4.0919417
3.1484277
1.8166788
1.7573948
2.1666905
2.9240950
4.0068233
1.5592327
2.4099533
2.9395633
3.3314721
2.7302150
1.8483976
1.9316200
1.9805721
2.8282479
2.2037095
1.6781397
1.7801619
1.9550255
3.3966064
2.2717045
1.6048715
2.1290415
3.0594668
2.6222890
1.8063317
1.8852941
1.5782708
2.5203578
1.4908865
1.8330153
2.0851985
1.6602866
2.1235196
1.5352764
1.8551996
2.1442313
2.0214994
2.1317243
3.2031927
2.3612579
2.8535049
2.1366757
1.7141577
2.2328717
2.0261178
1.7524624
2.3121251
2.4276494
3.7546412
1.3754046
2.2632224
2.0207098
1.7873323
1.9477239
2.1696458
2.0214587
2.3611324
2.6852779
2.0394024
3.1085004
4.0380999
3.0028078
3.2535011
2.6765195
1.9828409
3.3790957
2.3769692
2.9349612
3.4388752
2.7286989
4.0933076
4.0612310
2.9845911
2.8672771
2.8433310
2.8730537
2.7249144
3.3957412
2.8743394
3.2405517
3.3105034
2.7178194
3.9171917
3.2943912
2.5799244
4.6628386
2.6546806
3.9561049
4.0204560
2.1968671
3.5194273
2.9017263
2.9995544
3.8347842
2.7956453
3.1704138
3.0081069
3.0770759
1.8818131
2.3815304
2.2692010
1.8729079
1.7110147
3.4724381
1.3464446
2.6844063
2.3672556
1.8450761
2.4876775
1.4873496
2.5653525
3.2458337
2.7228602
3.7090584
2.3139895
3.4979681
3.4990567
2.7222602
3.3351371
2.6947204
1.8173059
2.9141725
4.4516316
3.2682968
3.1190037
2.6245011
3.0437842
3.5616274
3.7863306
4.0371427
3.4699627
2.7666687
2.3174820
2.3141713
3.4028799
3.0501237
3.4649758
3.7679394
2.2816429
3.6657532
3.0124949
2.7376413
1.9447437
2.2482858
3.5968766
3.0369866
2.9907580
3.1314075
3.5621890
2.8472743
2.9621432
2.5039079
2.5560386
2.8624166
2.5235624
2.4150606
1.8128738
2.9469383
2.6206273
2.6286965
1.8551049
2.4936057
2.1721461
1.5196856
1.9622640
2.1478429
1.6760803
2.1146579
2.2362864
1.1251621
2.1608324
2.0422900
1.1645066
2.0945957
1.7596505
2.1834812
2.1338603
1.4369916
2.0362649
2.8409739
2.1662079
2.0135665
1.8944829
2.4892589
2.7005316
2.6307066
2.6289839
2.6106107
2.3248558
3.2048833
2.4352241
2.5316528
2.7203750
2.9858749
2.9140658
2.8732281
2.6057478
2.5948742
2.6392504
2.6643967
2.4567296
2.4245146
2.5222584
2.1669304
2.8532600
2.2473645
2.6231314
1.9733545
2.9937703
2.1664850
2.6369878
2.0422342
1.9834755
2.0665500
2.4404869
2.4727842
2.1787127
2.4097344
2.1931692
2.7886782
2.7868364
2.3484618
2.7190162
2.6239092
2.5713054
2.4486402
2.6146539
2.6565998
2.7222890
2.6156615
2.9608411
2.6976617
3.3893618
2.9773488
2.7768485
2.3321992
2.3319018
2.7792762
2.8183837
2.0470055
1.8813096
2.1780399
2.1709752
2.3163058
2.7835383
2.0665325
1.6618840
2.2691040
2.0170554
2.4807991
2.3218888
2.5004976
2.1762862
2.9530063
2.4271335
2.2867343
2.4867588
2.4574360
2.3224108
2.4968070
1.6783648
1.8390502
2.4044253
1.8545513
1.8677158
1.4168612
1.1115620
1.5307364
0.8008389
1.2333054
1.4002902
1.6112651
0.7685461
1.6432555
1.8618667
2.0934466
1.2605617
1.3879321
1.8440010
2.4924014
2.3595509
3.5992078
2.5564423
1.7895406
1.4973146
2.7786594
2.3699249
3.5845632
2.0541911
2.9097360
3.1243572
3.4678019
3.6723496
1.0606871
1.5717114
1.0536107
0.4614027
1.1489601
1.6342398
0.7803095
2.0488353
0.4847593
1.2155335
2.7243893
0.3286655
2.0815682
2.2581765
1.1323837
2.0447889
2.1167447
1.6669704
0.8725575
1.0591096
1.5950738
2.1025753
1.4921278
1.7036600
1.9798948
1.3153787
1.2628406
2.6720926
2.6738678
4.6989024
3.1969630
2.1547292
2.4297460
2.8775909
2.8245754
1.8315091
2.5211799
1.4064271
2.8341313
1.5963842
1.5628978
1.8948609
1.3558931
1.5813889
1.7644937
1.1622610
1.5815345
0.6172151
1.9460679
2.6771775
2.2723934
1.3234283
2.5237673
2.1047074
2.4063714
2.9623898
1.1412754
3.6708262
1.6454853
1.7187124
2.4254697
2.3566954
4.3655503
5.2302600
2.7784077
5.3187726
2.3843012
2.9159109
1.4264262
3.5658529
2.2448670
2.2436778
2.8255380
2.5278589
2.0920566
2.0241135
2.6125549
1.8528019
1.0956556
1.9561431
2.8006215
2.9611502
0.9906461
1.5284602
1.9157423
2.0021580
1.5941554
0.9643190
1.7318590
1.7772653
4.5968313
2.5760314
4.1616694
3.9953506
2.4201519
2.2524669
1.7620264
1.6780017
2.6357238
3.8973306
3.8718872
3.8989070
4.0122031
4.9597342
3.1378519
0.8375297
4.8773251
5.6506932
2.4440293
2.4258651
3.4250479
4.3512303
4.1895897
1.7297141
2.3569528
1.3879571
1.3244020
2.2992234
1.7590470
1.4156455
2.0093975
2.6496816
1.3325790
1.0668559
1.8456191
2.1007387
1.5931808
1.2707913
2.2384295
1.1018814
1.5858789
2.5388991
1.7952177
1.1846227
0.7190286
1.4265706
0.8896600
1.2363059
0.6867458
0.7941960
0.9342964
0.6494514
1.2621672
1.0352153
5.2870306
2.5044812
0.5009356
1.0924995
1.1907199
0.9015231
1.9854493
0.9890116
1.7829646
1.1565218
1.5252141
1.8932713
1.4251552
1.4994689
2.4808202
1.5309458
1.1980661
1.3510962
1.6462089
4.6902373
3.0172763
3.0113988
1.4638990
1.3885166
1.8428397
1.4787972
0.4256783
1.1764266
2.7773907
1.8150383
1.2802399
1.3394761
2.1920259
1.3648370
1.5352433
1.3102454
1.8078369
2.0433553
1.8824293
1.8142800
1.0739474
1.1533994
3.2205829
1.9379441
1.8278941
1.4685862
2.0328587
1.9356741
1.9360796
1.1881352
1.7416802
1.4994157
1.3452400
1.3077606
1.5986748
2.4649091
1.4893644
0.4106431
0.9325675
1.4093487
0.7230823
0.8456163
0.9785196
1.3133211
2.2381846
1.2384165
1.0721983
2.3414030
2.2707499
1.8590043
2.5917415
1.3795780
1.1940344
2.2266013
2.0708912
0.1771090
0.3155417
0.7636289
1.8386460
0.7614406
1.4373148
0.9607274
0.5703563
0.4582336
0.5597046
1.1188526
1.9744671
1.1166930
0.4441230
0.9167916
0.2165346
0.8957552
0.6602357
0.4004848
1.2080401
0.9897451
0.4523282
2.1397163
0.9673269
1.2712784
0.3458488
0.8609214
1.7568456
0.4775766
1.5383159
0.6821028
0.6839901
0.9679711
1.0739385
1.6442930
2.7998691
0.9406482
2.0308932
5.8763151
0.4003338
1.6447321
0.8243572
1.2195529
1.5293057
1.0926347
0.4493891
0.8094874
0.4147829
0.7287281
0.7539407
1.0023650
0.5313378
1.0541839
1.3575737
1.0649701
1.0950332
1.3922903
1.1638498
0.8282335
1.8553647
1.1185375
0.5608476
1.9915190
2.2030876
1.7598408
1.6533787
1.2011170
2.2407286
1.4324011
1.4030060
1.7179111
2.1664114
1.5050927
0.5441190
0.8824895
1.0003075
0.9096404
1.8268961
0.8103903
0.9407596
0.3963362
1.6725538
1.1215495
1.2784937
0.8785377
1.2752123
0.7926373
0.6835596
1.7331252
1.6113495
2.1572812
0.6783737
0.6504874
1.8055621
0.9702715
3.6686069
2.3838093
1.8546613
3.2971751
1.2839144
2.9361307
2.7048451
2.8284735
1.2026030
0.8680690
2.4808735
2.0227982
2.7572898
3.9112384
2.3003641
1.6462374
1.2328212
1.7256490
1.1763458
2.0384839
0.6744897
0.7533474
0.5596423
1.3169138
0.6877588
3.6289982
0.9713661
0.3622876
0.8010775
1.3770958
2.6031231
1.3562172
1.0418925
0.9568948
0.9195953
1.8808018
0.9077797
2.3416574
3.2411474
3.5686512
1.2154457
7.3144811
3.0923956
2.0487787
2.8308115
4.5040585
5.2426612
7.6230297
7.2735667
3.5614151
4.1780279
3.0638411
3.1159350
2.1633903
3.6090553
2.8034901
1.3347769
2.2396738
2.2874098
3.2058621
3.9615463
3.3539635
3.2970907
2.2577825
2.3039095
1.6955355
0.4535602
1.4931135
0.9926808
1.3182685
0.8040754
1.6099384
0.9142775
1.7343405
2.4991901
1.5776619
1.6236976
2.3022773
1.5213769
1.5633086
2.6097640
1.3252627
1.8418893
1.7836841
1.3406187
1.5646147
1.7104317
1.2719584
1.2421186
1.4191446
1.5366059
3.4162320
2.6023459
0.7382891
1.3984261
1.4064108
3.8399172
2.5582346
2.0551492
1.6658414
1.2073194
4.3560673
2.1653086
3.3622951
3.5329976
1.9810492
2.1158850
3.3218151
1.7383833
3.6875138
2.9302571
2.7309140
1.7962802
3.4936944
0.3863650
5.3106502
4.7644960
2.9890494
4.0638521
1.1501823
3.5520690
1.7039121
1.7567590
2.2528139
1.3634843
2.4853304
1.9464111
1.2962880
0.5878907
1.3050751
0.9861497
1.7507263
2.8769144
1.2029696
1.4953739
2.0114711
1.7041257
2.0751485
1.0969491
1.0333841
1.4495719
0.9750528
1.2110213
1.5761781
0.7847638
0.7685470
0.3531770
1.1298724
1.2435523
1.3088312
1.0587359
1.2199240
0.7571463
1.6756124
0.9205694
1.5993708
1.5810682
2.1427266
1.2982840
2.1846475
1.8584456
1.2598354
1.6153986
0.8602408
0.4048215
0.6691313
0.5019048
0.6143307
1.1272532
0.7140432
0.7624283
0.8998976
0.4002810
0.7925412
2.0247596
1.4031187
5.6511437
4.5201379
3.3734732
2.7212543
2.7945831
3.0127431
5.7664654
1.8679050
1.6609118
3.4470903
3.4888891
1.7211024
1.7366615
3.0245157
1.7888531
3.0982831
5.3686680
1.9009151
2.1456071
1.7516416
1.5563861
3.2017867
3.7840652
2.4055762
0.8247953
0.6053147
1.1184336
1.9409024
0.7918404
1.1132751
1.0512186
0.8467580
1.2802753
0.6973024
0.9725239
0.9397949
0.5585211
1.3273662
0.9893455
0.9398571
0.2590293
0.9175353
1.1747993
0.6034920
0.3661350
0.5871038
0.2502666
1.0284273
0.3291336
0.4576158
0.3127420
1.1924539
0.4005723
0.8937594
1.1893980
0.7159647
0.7844461
0.2083648
0.3986985
1.0764794
0.9436378
0.4857262
0.4302563
0.6892957
0.1097524
0.6279184
0.1348810
1.0614872
1.2492740
0.4284510
0.8700948
1.1542596
0.5558025
0.8009972
1.1170033
0.8959055
1.3218045
0.8725016
1.6502756
0.9760581
0.6287535
2.0931261
1.7765055
0.7635149
1.6104564
1.2075627
0.8316153
1.3793786
2.0865260
1.9683859
1.4695012
2.1619276
1.4768286
1.3701978
1.6381783
0.9263212
1.4015042
0.4228109
1.0553059
1.6267130
0.7658798
0.8097274
0.4769273
1.3109785
0.8995987
1.5727156
1.4088970
1.0884012
1.3769370
1.0709974
1.5247933
0.4734681
0.7948281
0.5931139
0.6954880
0.8661561
0.4822986
1.0304759
1.7759276
0.8276428
1.0308866
1.5038372
1.0563029
1.4061930
1.2568842
1.2654008
1.9991767
1.2421733
1.0525625
1.6604154
1.2065270
1.2410644
1.1873353
2.2708981
2.1696905
1.6877622
2.2817904
2.0871738
2.2896132
2.7392935
3.0693694
3.5230928
2.1120651
2.9172982
2.8312107
3.4034074
2.7843748
2.9510612
3.2426860
2.9490870
2.3787942
4.0913202
3.5549910
2.8157587
2.7672227
3.9224254
3.0422129
3.3929321
2.6652950
2.1931401
2.2693344
2.2869174
2.2442998
2.1617716
1.8320712
2.1152806
1.5464782
1.8696955
3.5819194
3.0922950
2.7252874
1.1458845
1.9508628
1.7425091
1.4071881
2.3807661
1.6265608
1.5905142
1.6179268
1.8093783
2.0039775
1.9557858
1.6783821
1.4611336
1.2385727
2.6325784
2.0712914
2.1222138
3.0960415
3.9255039
3.3240791
3.1666375
3.2751341
3.4962967
3.3164376
4.3498214
3.5765709
5.1332329
5.5947356
4.3135582
5.0240544
5.0560288
3.9377281
4.6863189
3.4274448
2.5113371
1.8908967
1.6721957
1.3895336
2.8653828
2.9983302
2.2416916
1.6028268
2.4568568
1.6218096
1.7532794
2.7344691
1.6218801
1.7713063
2.9408929
1.7628209
2.4394380
1.7407535
2.6364029
2.4472226
1.7981545
2.2918455
3.2691642
1.8003777
2.6427244
3.0798645
2.8103169
3.3329726
1.8212087
1.9666776
2.3461817
2.7428579
2.7500381
1.7003903
1.6857386
2.5559126
0.6835946
2.9123227
1.7909378
1.7815615
4.0880535
4.2940287
4.0716230
3.6147417
4.2538635
4.8313068
4.1100522
2.7809657
2.8259206
3.1101311
3.1436517
2.2438328
2.8313308
3.0413314
2.3519750
3.3613392
3.5411830
3.4086592
2.9375686
3.5487212
2.8728553
3.7280619
2.6318929
3.2719097
2.0199760
1.7547317
2.6626094
1.9182203
2.5848515
2.9312623
3.4043283
2.6544958
3.0611014
2.4519005
3.4414546
1.4389764
4.2537564
3.0712203
1.7196963
2.9491652
2.7793274
4.0100063
3.5793603
2.4331975
2.8926235
3.1119313
2.0840540
3.0547205
3.2172635
2.1147223
2.5836731
2.7232778
2.9184778
3.5993090
1.6813442
2.3184437
2.0518889
2.9844641
2.5486485
1.7040103
2.0937844
3.3787190
3.8292469
3.4018566
3.4337012
2.3264484
2.1813222
2.7744026
2.6735459
2.6842368
1.6998399
2.3143816
1.9054285
2.8053902
2.1395237
2.7439575
2.6739049
2.7453078
2.6517650
1.4598249
2.9248778
2.9972911
3.7183831
2.7151557
1.4229089
3.7636716
3.0001897
2.8001103
2.7499025
1.8590905
3.8113280
2.0644738
1.7180498
1.6803006
2.4789724
1.1592398
1.8331185
2.3438693
3.5272776
1.5026205
1.5026707
2.4522728
2.4107676
1.9488215
2.8639388
2.3772506
2.3591765
3.1628511
2.2065755
3.0961639
2.0573080
2.6953902
2.5324171
2.5635637
2.9705109
2.3295395
2.4196313
2.7181992
1.9760017
2.8479299
2.1580996
1.4583879
1.8613284
2.2097289
2.4720047
3.0347322
1.5639037
2.9277742
2.0928382
2.5029538
2.2195420
2.0582183
2.0031407
1.9695581
2.1521903
2.9665398
2.3364756
2.8706507
2.3566237
1.1533775
2.5166963
3.6931369
3.1119623
2.9644339
3.1755893
1.9396927
1.4242116
2.9046493
2.0998106
3.2474533
3.0154490
1.5049445
1.1519474
2.9287993
2.5161566
3.3701402
1.9027709
2.2224594
2.1993065
1.7623414
2.5453317
2.8618694
2.4699073
2.4792456
2.7385727
1.8577924
2.3914119
2.2204106
3.2119446
3.3400224
3.4613447
2.2936877
3.5475673
2.9768568
3.3089992
2.9495902
3.5906557
3.3833168
3.0152297
3.0487686
3.7156867
2.7802726
3.5043460
3.5601275
3.3890477
3.3947510
3.9224784
3.1148337
3.2502041
4.2058735
2.8135808
3.1063784
3.0454708
2.9719962
1.7244462
2.7349806
2.7647227
2.4132552
3.0621400
2.9943964
2.9685804
3.7596223
2.6874061
3.3410583
3.0615951
3.5844894
2.6524766
3.2120171
3.1299047
2.2556898
3.6366909
3.0114478
3.4010951
3.0289452
3.9932354
3.4025889
3.1039928
3.8093450
3.3389519
2.9179240
2.9237332
3.2477295
3.4376120
3.8713344
5.9232963
3.2615464
5.8399404
6.3028220
6.4674505
10.3706017
8.5659535
10.3965162
34.0118831
5.0261022
2.6655098
10.3579199
11.2623517
11.2470907
8.0949241
4.6669212
7.0896663
5.0641596
6.0032178
4.0098435
3.1776306
2.4238084
1.9221142
2.4889531
2.1691985
2.5625339
2.0699755
1.6340768
3.4975878
3.7391583
2.3982930
2.6648632
2.2124535
2.3144787
2.0438106
2.2413588
2.6433735
2.5811510
3.1518177
2.9906333
3.4113397
3.1288948
2.4754815
2.5847428
4.1090996
2.8895468
2.6563275
2.6579910
3.7858944
3.4993421
2.4433549
2.9927719
2.0245772
2.9861583
2.6879327
2.9642797
2.7286540
2.7870706
3.8492474
4.3323290
2.2822377
4.7296350
2.7731181
2.0954260
2.2912169
2.8707232
3.7212611
2.7659541
1.6797735
1.2904557
3.4326151
2.0463235
1.6586384
2.4956716
3.8681808
2.4229866
2.6736802
2.7114583
2.9646486
3.1347565
3.0731257
2.0241553
2.1616412
2.1588937
1.4791141
2.1408757
2.9498453
2.0682267
2.2175735
1.6168273
2.9232704
1.4508822
1.9927653
2.7424358
2.7270807
3.3485171
2.4556596
2.3017888
2.7084537
3.2105857
2.6790944
2.3793619
3.0648148
2.2025526
2.0159672
2.0640186
2.8375098
1.9666468
2.5362030
2.7625964
2.0211463
2.9074800
2.5508383
2.6051831
2.7571880
3.7003053
4.1480594
2.9375385
4.1961347
3.6988927
4.2377121
3.1919757
2.4249101
3.5549755
3.1877906
4.2745478
4.8307978
2.3974831
2.7264865
2.2047111
2.6460099
4.0727656
3.6003255
2.7414886
3.9296077
3.1450124
3.4119017
2.5026063
4.5215472
2.2866954
1.8384107
3.7750894
2.5615174
2.8817641
2.2884867
2.7366968
4.4687107
2.9525508
2.9280660
3.0529018
1.9659535
2.4693003
2.8980031
2.1453265
2.5885786
1.6945957
1.9565855
2.6083691
2.5322578
1.2256575
2.6983634
1.9949622
2.8604548
2.6318424
2.9962968
3.1147019
2.6187458
2.1324626
1.4002631
2.9368021
3.1162058
1.7426380
3.1278135
3.4390589
2.3403330
3.2258430
2.6429217
1.1870585
2.6202996
1.7061491
1.5578273
1.9676245
2.4345903
2.5102760
1.7342489
2.5485952
1.6777100
1.9215654
1.8118418
3.8964214
1.9019376
3.1417411
0.6119300
1.5134384
2.5260451
0.9868503
1.9729499
2.1116924
1.6544320
1.6296829
1.2971376
1.9006463
0.6057731
1.3146898
3.5629810
2.5641319
3.0010241
1.9442053
1.5005494
1.2351965
0.9639650
4.1444331
1.5116170
2.0509149
2.7193160
1.6291450
1.0287803
2.6643075
3.1524523
3.3470173
1.1337005
3.9078955
0.9438126
3.3287110
2.9660379
1.2246620
0.8813320
3.1843915
1.5006970
2.8344174
1.4578174
0.8919345
4.1928886
1.7933425
4.1698285
3.6448488
2.5141277
2.1723640
5.1446081
2.7604443
0.7285067
2.5389860
3.0911053
2.4507441
0.7191667
1.8243844
1.1756480
1.0155079
2.5409826
0.9176812
0.9285516
2.2993269
1.2914836
1.7731696
0.1866638
3.8162114
1.3348722
1.6084099
1.9133284
1.4512836
0.7121898
1.3504442
1.2708683
1.9897265
0.8143175
1.4838437
0.6403260
1.1287234
1.9319625
1.8974168
2.5440456
0.5632499
0.7112872
1.2171543
2.8617293
0.8290157
1.9063922
2.0029708
2.4645352
0.6662028
1.1382959
1.9303408
1.1344283
1.3899669
0.8765241
1.8949869
1.1005480
1.7765245
0.3480248
1.3138673
1.7043069
0.7780379
1.2115583
1.6069571
2.0585109
1.8929182
1.3488841
1.5657490
1.5460177
1.0151047
1.0754056
1.6038067
1.3096924
1.6750235
1.6133341
1.6193401
1.4751209
1.3995134
0.7642072
0.5650478
0.9193195
2.5926126
1.8975932
1.7035778
2.3761114
1.9997356
1.5221800
1.4856533
0.9097627
1.9822342
1.8718257
1.9506518
1.5314394
1.6935074
1.2701607
1.7681150
2.3751886
2.1200866
1.6194185
2.2759721
2.2908393
2.2072504
3.0643540
1.4359038
1.5638854
2.7273320
2.5913772
2.4616709
1.7006508
1.5913670
0.9974961
1.8386263
1.9966037
1.6652280
1.9922987
1.4997974
2.1908216
2.1521737
1.3637177
1.0384515
1.7309618
1.9410222
1.3023771
1.1862269
1.7577532
2.8334113
2.3109962
2.7953189
2.7491439
2.0662246
1.7602980
2.9248735
1.7179987
1.4631053
1.4781640
1.8717751
2.9530161
1.5432391
0.6641841
1.1808445
0.9512827
1.1372071
1.8609400
2.5729157
1.7965029
1.3726804
1.1286623
2.6249014
2.3135267
2.4165559
1.3273908
1.0498584
2.2550480
2.0230226
1.8276641
1.7633340
1.8499485
1.5473037
2.5882462
1.1808368
1.6435330
2.5991040
2.0900418
2.6682562
1.9798237
1.8922045
1.5589639
2.2175146
1.9255639
3.2647578
1.3590532
2.4564946
2.4680528
3.0236002
2.0185623
3.8683992
1.8880819
2.4587559
1.6819477
2.9946574
2.7368540
2.2887256
1.4431904
2.5992841
3.3779514
2.9037756
2.4517538
2.3281642
2.6477010
1.5328135
2.7157153
1.8456771
2.5266878
3.1266408
3.5017599
2.7622769
2.9457486
3.6442147
3.5306025
1.9353228
3.2711575
3.1300093
2.5161459
2.6605365
2.8812616
2.5799649
3.0578536
1.6613370
3.1541052
3.3810934
2.5789849
3.1336314
2.3910006
2.6049580
3.1467927
1.9238436
2.5847083
2.5666122
3.2698338
3.2625164
1.8038766
3.0280569
3.2595169
2.5961295
3.6428653
2.1553466
1.8763671
3.3074290
2.5145501
1.5231777
1.7703282
2.5360763
3.4695711
2.7639183
3.8209267
1.8054387
2.1846414
4.3254036
2.6974849
3.6682603
2.6567504
2.8542119
3.0165499
1.6964999
2.0834306
2.6039629
2.2461215
1.8323920
2.6837894
2.6797616
3.2001195
5.8423943
4.0202301
3.9060498
4.4858824
4.0861877
5.4896233
7.0826563
3.4968392
5.1071310
3.2194730
3.1321324
3.4879699
4.5293024
3.1040474
3.2992654
2.8488505
4.0249439
4.3442920
3.0772325
4.0462752
3.1114195
2.7883703
4.2814571
3.0169783
2.6676767
2.4763426
3.2243516
3.5700728
3.4684334
3.6245179
2.4690858
2.6415969
2.3317848
3.1818936
1.7884975
3.4354876
3.1552989
2.5239306
2.0427564
3.4585848
3.4527075
3.2907189
3.8375485
3.6252430
3.1178223
2.8615593
3.3921363
2.6694091
4.1578578
3.5593707
5.7548454
4.5178132
3.4288005
4.3864510
4.2753896
4.2279968
3.7969867
4.5349762
3.4355344
3.7685750
4.7212649
3.2847800
4.2968701
3.9227986
4.0480261
4.0257541
3.9673873
3.6916733
4.2460992
4.3891813
5.5077705
4.3293125
4.1954032
5.6123473
3.8582978
4.4629024
3.7106507
4.1346417
3.3640233
2.9981951
3.3309575
4.4597972
3.8716610
3.0009845
4.1325444
4.4176733
2.6859172
3.5674105
4.4630312
4.0904471
2.8717970
3.4327440
3.3644843
3.4559235
2.8431286
3.0343669
4.0605996
3.5945852
5.6832303
5.5818613
4.7846933
5.2472090
3.4834673
3.7363089
4.5597127
3.6616616
4.7531275
3.3632494
2.7806545
3.3896279
3.1192895
4.1229962
2.8696312
3.1192762
3.1878427
3.1457991
2.9934784
3.7872623
2.8163336
2.5456063
2.6291258
3.0512863
2.0352045
3.3791677
3.4762521
2.6418929
3.5751143
2.3504041
2.5868973
4.2351506
3.3781472
3.9079407
2.5516682
3.0446918
3.6492289
2.5124280
1.8152027
2.4082864
1.2697423
1.5881509
2.7559590
2.6555960
1.5118151
1.5489683
2.4594800
1.8320153
1.8714729
2.6016470
3.2137433
2.7119412
2.2933942
2.8257075
2.2183888
2.7410861
3.1325612
2.8376822
3.1136133
2.9337572
3.4332231
2.9047517
2.4372066
2.9054237
2.6083410
2.7139833
3.0919021
2.9214186
2.3360218
3.1357753
3.1286884
1.6658834
1.3948356
1.7184802
2.1434298
3.0087177
2.2470530
1.8406844
2.1263746
1.9370983
2.4264100
1.2203908
1.2742667
1.9161896
1.7285396
1.5626415
2.3140834
1.7109974
0.4343786
1.5681602
1.0595010
1.9113730
1.1202829
1.3814474
1.7675577
0.9433124
1.4529972
1.9096486
1.8074215
1.5530791
2.1067379
1.6785837
1.4092418
1.5712896
0.8077756
3.4045455
1.4771774
1.2050216
1.0787695
0.7428233
1.9702772
1.6066805
1.6556189
1.4259751
2.1661638
1.7691203
1.2342994
1.7539261
3.1600031
2.7460193
1.9027672
3.5866584
2.1641356
3.0233634
3.0314231
2.4433934
1.7668745
4.3754293
2.8947783
2.4125652
2.2659637
2.8402035
2.2355371
1.3844461
2.4484470
1.6677294
1.9513349
1.4101802
2.4458787
1.9962822
2.0424699
2.7205259
2.1024358
2.3978101
2.5496220
2.2342598
2.0640741
1.5555997
2.2033756
2.8209755
2.0323182
2.6810427
2.4587298
1.9383888
2.4521343
2.2727365
2.6089721
2.9645932
2.5732211
2.5359108
2.2194407
2.9272243
2.9112123
2.1839313
2.6016941
3.1874416
2.8148484
3.2146130
3.2660277
4.7090483
3.2359011
2.2820725
4.5175767
3.3640976
3.1996551
3.4397540
2.7102305
2.6864124
3.0410385
2.4800807
1.8312576
2.1240960
1.9673479
3.0533350
1.9982359
2.1737364
1.2641887
1.9754578
1.5844892
1.8820058
1.4155006
0.8427824
1.5759845
1.4962372
1.1709518
0.6417732
1.4872963
0.7461192
0.7237978
0.9343578
0.8984098
1.8308903
1.3315654
0.5296924
0.5182862
1.1692448
0.3119918
0.5242013
0.5131232
0.5868293
1.0417940
0.5811369
1.0711658
0.9754167
1.8094754
0.4636177
0.8734344
0.7612830
1.3355598
1.4312982
1.5324304
0.8011566
0.5302222
1.5373231
0.8349446
1.6933780
1.3100449
0.5174284
1.2600752
1.5796366
1.2383611
1.2206149
1.9999937
1.7522318
1.2812752
2.4697426
1.6305016
0.7736662
3.2684959
1.9351456
2.1301108
2.3009815
2.6995403
2.9635532
2.7673335
2.5876289
2.0044037
2.5844365
2.3233475
2.2261118
2.6172490
2.5857570
2.6746887
1.9078664
3.3315451
3.2420564
2.2064316
2.6778586
2.1856894
2.7897040
2.7143554
3.3220111
2.8559836
2.6764706
3.6613793
3.1524181
3.0210857
3.9723077
3.1691613
2.6982741
2.9951527
3.1865901
3.4187239
3.5684333
3.2117534
3.2991299
3.0855252
3.9732339
2.4427069
3.3970491
2.8398389
3.3540825
3.0808096
2.9310640
3.6224965
3.6945950
3.3797240
3.0228686
3.8020535
3.3842080
4.9823036
3.0917259
3.1060513
4.5237453
4.1947466
3.6209151
4.0935455
4.1844924
4.2468541
3.6799071
4.3292285
3.1403608
4.1345237
3.2862572
3.8033460
3.7416985
3.4476545
4.8173507
5.9254468
3.9764773
5.3733002
3.8271173
3.6746599
3.3756051
3.5778539
3.0766772
3.9288124
2.9840978
3.3105696
2.4577515
3.4880135
2.7689369
3.2996509
4.0383293
3.5280604
3.1105812
3.5582334
3.2858944
2.8964952
2.9450914
3.3451128
2.9723230
1.5604402
2.2214845
1.3384780
1.8741948
1.9768990
1.9797066
1.7248599
2.1414601
1.5174823
2.1323282
1.7945786
2.3026714
1.9839814
2.9223044
2.0220078
1.9662493
2.2426601
2.5993002
1.9936090
2.6846438
2.3535761
2.6880743
2.0920831
2.1348703
2.7040350
2.3809392
1.6687324
1.5838670
1.9041638
1.7805219
1.7135923
1.9700354
1.2912122
2.1042386
1.9742962
1.6658584
1.9525713
1.8606224
1.1194864
1.4181418
1.4486231
0.8275856
1.1991143
1.2849008
1.4433058
2.2507452
0.9268815
1.0774325
1.8868663
1.5439540
1.0662224
1.0228763
1.1942501
1.0418047
1.1438924
0.9988823
1.2085682
1.3357923
1.4769024
1.2684571
1.5945463
1.2726022
1.4721989
1.4828551
1.5796040
1.5699505
1.3303251
2.2776954
1.0271554
0.9332211
0.8671593
1.1293923
1.3520179
1.1781063
1.1141992
1.3765349
1.0556788
1.2877270
1.5833444
1.0816790
0.7855471
1.3473066
1.1374897
3.0724910
1.3435923
2.7610149
0.7579506
1.0624871
1.3210137
2.0289602
0.9452972
0.6902349
1.5407119
1.5288568
0.5836682
0.9583644
1.3119652
1.2879094
0.7256675
1.0690973
0.8314885
0.8268748
0.8141434
0.6679855
1.1607745
0.8366038
1.3816211
2.0094966
1.3215690
0.5266486
1.3834499
1.7148010
0.9130588
1.0646269
0.8376946
2.1948391
1.1029053
2.2803362
0.8962091
1.4367053
1.0833954
0.9772352
0.9449994
1.2649705
1.3535593
1.7319604
0.8390903
1.5400316
1.0542911
1.2263708
1.1470355
0.8332998
1.6036019
1.2086130
1.6486380
1.6191931
1.2842254
1.2317768
2.5405739
0.9936199
0.8609662
0.9890088
1.5493931
0.8541605
1.0606199
0.9557429
0.6776919
1.1075409
1.1523174
1.4106858
1.2189211
1.6340904
0.7076926
1.0823346
1.2379106
0.7642917
0.9861793
1.1030576
1.3136834
0.8973458
0.8368094
0.9270608
0.9938100
1.0604363
1.0071865
0.8798873
1.1417107
1.0475575
0.6968846
1.1531962
1.5668569
0.8575506
1.0093647
1.1384415
1.0090000
0.8229165
0.8574601
1.2648323
0.6027105
0.7166584
0.6548346
0.6899820
0.8117516
0.6172513
0.8440022
0.8502710
0.8905989
1.1259983
1.5974268
0.9317742
1.3113762
0.8954090
1.2621899
0.9950596
0.9724883
0.9221047
0.7948374
1.1237011
1.4376130
0.9345170
1.2228874
1.1721736
1.0938121
0.8187279
0.7955286
0.6431687
1.0015945
0.5560682
0.6796518
0.9200799
1.3118817
0.8577032
1.1463561
0.7455600
1.7786376
1.3068755
1.1577613
1.2484355
1.1930122
1.6459075
1.5949636
1.4690754
1.0319053
2.1866534
1.3873746
1.4767441
1.3587198
1.7592436
1.0817473
1.6232765
1.6054252
1.1067570
1.7662033
1.2934629
2.1247464
1.4993011
1.3186346
1.1150392
2.0990828
1.7625877
1.6347664
1.3231731
1.5200114
1.4031445
1.6583369
1.4115622
1.8355116
1.8943290
1.3349397
1.3479657
1.2483198
1.2895960
1.6548335
1.4540389
1.9564354
1.4245435
2.0600206
1.7232652
1.3835767
1.4834710
1.2256025
1.8064897
1.6980554
1.4038739
1.4912670
1.7688551
1.2558632
1.7677783
1.7619449
1.5803734
1.4023805
1.8805543
1.3013093
1.4107915
1.9906674
1.7557009
1.4054217
1.3703787
1.5338024
1.5179544
1.6430482
1.4643193
1.1713905
1.4561216
1.3828466
1.5260244
1.5931309
1.1545558
1.5864173
1.7147348
1.6245487
1.1571647
1.4096891
1.3631095
1.1543892
1.4125277
1.3076432
1.5508539
1.4191204
1.1676277
0.9291319
1.2662397
1.0887526
1.5008831
0.9822169
1.2421816
1.0560418
1.0133653
0.9644372
1.3891294
0.8004147
1.3730297
1.2095959
1.0586741
1.1339350
1.0247868
1.3055900
1.1473351
0.9222529
0.9934465
0.7826778
0.9605193
1.0484777
0.9243447
0.6866185
0.8636277
1.2868506
1.2534102
1.3111414
1.2417062
0.9438471
1.4032353
1.5200611
0.9073967
1.0983726
1.4186785
1.3337668
0.9128999
1.2510845
1.0366031
1.0084371
1.8511935
0.9983888
1.2504872
1.2250278
1.5686671
0.7793948
0.9360471
0.6563870
1.0795572
1.3421635
0.7378244
0.6977047
1.2310758
1.1362232
1.3420689
1.6936245
2.2663180
0.6363325
1.7447040
1.4675924
2.2413466
1.0861122
1.8719035
0.7292902
0.8007675
0.7993054
0.4108825
1.5197395
1.2452292
1.2757254
0.7902050
0.3074626
0.7842241
0.6797638
1.6157056
1.0744838
0.6223671
0.3419284
0.3200369
1.1192412
1.2843742
1.0930530
1.0126420
1.1702808
0.6584531
0.3486724
0.9305515
0.9981497
1.2438863
1.3508463
1.3035376
0.8300330
2.5697848
1.5890942
1.5822841
1.8888763
1.5414907
1.6524449
1.4960764
1.9989022
2.4447635
2.1076535
2.3624200
2.5984002
2.5374076
2.3060915
3.5889806
2.0673423
2.6796407
1.6147860
2.7284855
1.9339936
2.9762693
3.2325953
1.4198416
1.4989378
2.4877839
0.8420477
1.3979772
1.0433112
0.7599104
0.9794430
1.3979398
1.2028253
1.2604120
1.4581592
0.8210158
2.2797451
1.7830477
0.9292471
0.6816141
0.8350831
0.5339804
0.8917197
1.7504039
1.0922519
1.4855408
1.2684159
1.1939842
1.4622868
1.1088563
0.4345214
1.3331374
1.2409285
1.8625162
1.0466902
1.3970273
0.9854393
1.1789068
1.0390962
1.5368892
0.4317157
0.6972274
2.1518602
2.2507887
1.0030851
0.3347997
0.1689912
1.9771712
0.4126811
0.4967703
0.9550529
0.4110982
0.7903843
1.1401620
1.5954858
1.2381578
0.2003674
3.8372220
2.0519823
0.7274418
1.8326723
2.5079062
4.3286092
0.7462859
1.4121134
4.5149950
3.8237786
1.5959564
0.7117360
2.5437151
1.3114286
2.1130180
0.9543503
0.7568389
2.4186643
0.9139381
3.3086459
1.1434988
3.7063852
1.6100324
3.2366966
1.0274864
0.7181274
1.3675188
0.2663601
1.1464323
1.2419253
0.7282004
0.6835836
0.6389143
2.2081355
0.7771489
0.9972536
0.3482572
0.5927563
0.7593727
1.0300365
0.2141671
0.4071081
0.4878840
0.7766621
1.0725424
0.3148068
0.1333745
0.4680389
0.5781681
0.7364126
1.4985203
0.3829790
1.1792307
0.7482742
0.4256251
0.9622207
1.3209016
1.4944499
0.9981161
0.8275030
0.9338867
1.8870728
0.9981741
0.9837242
0.6294870
1.5590997
0.9401246
0.7587549
0.9059276
0.8427268
1.5364744
1.0242680
0.2421749
1.8061046
1.1974181
0.3976324
1.3130631
0.7749560
0.8729854
0.9638576
1.8505507
1.5573276
0.6930268
0.9775013
1.2642465
1.4980141
0.9192288
1.0508645
1.1232470
1.8877395
0.6220229
0.9617040
0.9774892
1.2650953
0.4141484
0.5784346
0.7012725
1.3631643
2.5520805
1.8045688
2.5141801
2.6877889
1.0354151
0.6735024
1.4785186
2.3522591
2.3266559
2.1870659
0.9563671
2.3350085
1.8653484
2.7151838
1.2751250
1.8946554
0.5653266
1.0829940
0.5935337
1.1100362
0.4385638
1.2758766
0.5965902
1.7771162
0.8494473
1.8537892
0.8198983
1.7253620
0.9724794
0.5552798
1.3089861
0.4228513
0.5016913
1.6322053
0.7077086
0.5427287
1.1595165
0.8646096
1.7814014
1.7703700
0.1807698
0.7889732
3.2375177
2.7524247
1.3875253
2.2777141
0.1491948
0.2511320
2.9057868
2.6890804
2.5992314
1.7823988
2.5286736
2.8955740
2.3646135
2.8359162
3.4634233
2.4849996
1.5502398
1.8171690
3.4892136
2.5561423
1.8396469
3.6169324
2.6987929
2.8086720
4.6738215
2.7434445
3.8274355
4.3111512
5.3607461
4.0325393
5.0477587
1.5902722
2.2516496
1.7288639
3.5476136
3.2876525
2.8075841
0.7558380
0.4611605
1.3251133
1.4522208
0.7228658
2.0432089
1.2588725
2.0323464
2.8166675
2.3089024
1.6717555
1.4501850
1.5238556
2.2657782
1.2781732
1.4808276
1.8444233
1.5944597
0.9778457
0.5000744
1.1878029
0.8568194
1.3192359
0.9751943
0.9069916
0.6418533
1.2902749
0.5651391
0.6869979
0.4786876
2.0390884
1.5199778
2.0228944
1.0586838
0.2295755
1.2807868
1.7641712
2.6645622
1.9788884
1.9378478
1.1617858
0.9981594
0.6958717
1.7468934
2.3761698
1.2279694
0.4800888
0.8006772
1.1231338
0.3134750
1.9222284
0.9284415
1.4501944
1.0709682
1.1577099
2.0998645
2.1525861
2.2848342
2.0827619
2.8505701
1.9903283
3.4752663
3.3454525
2.0079655
3.4047087
2.3881013
3.3780900
2.3266140
1.5361703
2.7314322
2.2233471
2.8667062
1.7045598
2.5525195
2.8831425
3.8780744
2.6493881
2.1449838
2.9963681
3.4644235
2.8873728
3.4130826
2.7755424
2.2120771
0.9937200
1.7887715
2.6877133
1.9628708
2.7008156
0.8432919
1.8213295
2.5872459
1.5990006
1.3578957
1.1139816
2.0848437
1.7174018
2.6526772
2.0358877
2.2428617
1.8567102
1.0618392
1.6678659
1.4587233
2.2347719
1.7156258
2.0737120
1.3200726
1.4389468
2.1509594
2.5035850
1.7999333
3.1502033
3.3070645
1.8272490
2.1838728
2.4832978
1.8712235
2.5190494
2.7696754
1.9453567
2.1153662
1.9560300
2.4708486
3.0171233
2.1556245
2.2414327
2.0914362
2.2306351
2.7134392
2.7749416
4.1583659
3.3008117
2.8988712
2.4534200
2.2899188
2.5327397
3.1624111
4.1662917
3.4056716
2.6772028
3.6097900
3.1415476
3.3298737
2.3194022
3.0565439
2.0249470
2.7911073
3.0496130
3.0883511
2.9128135
3.0647229
2.7728684
1.9686959
3.7544718
3.6655477
2.9354434
3.0503893
3.2292052
3.0142562
2.0776274
2.5780680
2.7534040
3.3170357
2.2637069
2.8854355
3.0309829
2.5270042
2.7853003
2.9432543
2.8384932
3.0394100
2.6484703
3.0410169
1.9303217
2.9850043
2.4861916
2.7336274
2.9325409
2.8909911
2.3410413
2.9037034
3.0308452
2.8859683
3.5701759
2.4999013
3.7352896
2.3979769
2.1216305
3.1535230
3.6769130
3.1512693
2.6485827
2.4880589
3.2078947
2.4392343
2.8340442
2.5292290
3.1116570
2.3508405
3.4051147
4.4847615
2.8848738
2.9416556
2.9385675
3.0669340
3.3938724
2.6830783
3.0370827
3.3861057
2.9023575
3.2763399
3.1513044
2.8009748
2.9586514
2.0601234
1.8776452
3.6582075
1.5811713
2.6382631
1.9778469
2.9176768
2.7088034
2.5892124
2.7406031
4.1465185
3.3082406
3.2935369
2.1140335
3.4817513
3.0635845
2.6478036
3.0230494
4.2926811
3.8152758
4.5236205
4.0444453
4.1522806
2.3857398
3.4315127
2.7370784
3.8757899
3.6112345
3.3073345
3.4505812
2.7845247
2.4866876
2.5486853
3.0238848
2.3681535
4.1575878
3.7382292
3.5989751
2.6984035
3.3497755
3.5760575
4.0335339
4.5462055
3.3886655
4.5234202
5.5575755
4.4634133
4.1122683
4.1170902
5.6812210
3.9279265
4.3530676
3.3471414
2.9808396
4.0313032
4.4059472
3.6286607
3.2683722
2.9695835
4.8171251
4.8229916
4.1873824
4.6035721
4.5028126
4.5334658
4.1946652
3.8564442
4.8518404
6.2254627
5.7880292
5.1321669
5.2882084
6.2045377
4.5664504
5.1990111
3.7519985
4.3624532
5.2863399
4.8241917
1.6089046
3.5827049
4.6863178
5.2994240
4.4568533
5.2510070
5.7795754
5.5137198
6.9848112
5.0858445
5.5140434
4.5881228
6.4313328
4.0671686
2.4951986
6.0369568
3.8567615
4.5544194
3.5574255
2.7860312
3.2357387
2.0922780
1.3605880
2.6959927
2.4241286
2.1312272
2.9294720
3.7821845
4.9700067
4.1588279
4.6468843
3.3835100
3.7125357
5.3986585
3.2870066
4.9679770
3.9999423
4.0363419
3.7157277
5.1604068
2.1521440
2.9876451
2.0616772
2.6261456
2.8802298
1.5310474
1.7864458
2.1671550
1.3976183
2.9651057
1.5864094
4.1598429
3.0811240
3.2814107
2.0417581
0.9707620
1.7851236
2.1583875
1.9751662
2.0081421
3.3469230
3.2575011
5.3122942
4.8641984
4.9139653
4.5407296
3.2002709
3.2595092
3.8405910
3.8050172
3.5389242
3.1554673
3.6419109
2.3918288
2.6900162
3.5935890
2.2471484
2.9185422
3.6080974
3.6787875
4.3604313
3.6233870
4.4899137
4.9987472
4.3617247
4.4897348
4.3419692
4.1445329
3.6128428
4.0027011
4.3984395
5.9298160
7.0539524
6.8039091
3.7794769
4.4734993
4.2277350
4.1765898
5.1603892
6.1797042
2.8969666
6.4954578
5.1046796
5.4763568
7.5724361
6.6686776
4.9208601
5.6190257
4.7370700
5.3810402
3.5467783
5.0638647
4.5444948
4.7926163
4.9455072
5.3125072
3.3438925
2.4142530
5.0622994
5.3178829
3.4045316
2.0290232
3.3252089
3.5547136
4.0271611
3.2688763
3.0974019
2.7786965
4.2701168
3.7685759
3.4478709
3.6452709
2.2858279
4.3695500
3.8976813
2.7767449
3.6684310
2.5944032
1.4751577
2.4423442
3.1999103
2.3455131
3.7633997
3.7257532
3.2374806
1.6814490
3.1286117
2.9568754
3.1589854
3.2451462
3.8558013
4.6253821
3.6115730
5.2609586
3.9776921
4.2282756
4.0811721
3.3616267
4.1974994
5.0306396
3.6424748
3.3509173
3.4463870
5.3073578
4.0248293
4.4142927
4.0114628
3.5608286
2.9159375
3.2938339
2.4433807
3.4029527
2.7430215
4.8553966
3.7255342
4.3054102
2.5113274
3.2161566
2.9350735
2.8147574
3.6408635
3.2723548
3.4868212
5.1413818
3.1483824
5.4905808
2.5056794
5.2603804
4.5382527
5.2040234
4.0563357
4.1981487
3.9369473
4.1954333
5.2632935
3.3287616
3.8153425
4.1880870
6.3384597
5.3278590
2.9878878
3.3807868
6.6271223
3.8876881
4.0414835
3.3872411
3.8872245
4.5686469
6.9949738
5.3640469
4.6086070
2.4353385
4.7395471
5.7217888
4.8613976
4.7992743
7.4055350
4.4310461
5.0283616
2.9504693
2.9384179
3.1461864
4.3329083
2.2634008
3.6116653
3.1269105
3.8403526
2.0632516
7.7523553
3.8551050
1.0789641
3.3688524
2.3632396
5.4612082
2.1629260
1.7397472
6.1050963
3.3808020
2.5846740
1.0839836
2.2901863
2.9039687
3.6231223
3.6920636
2.0642560
3.0213162
3.7239943
8.7661050
1.6244467
2.0123711
7.1032589
2.2139840
2.5781020
2.1517124
1.6819800
1.1536999
2.0347364
4.3346306
3.1729008
1.9586246
1.9008356
2.1567913
3.4469559
2.0329346
2.7141277
1.7087213
2.2212328
1.9813036
2.3672335
2.6128149
1.9349471
1.1985112
2.2109012
1.8498569
1.3420985
1.2956157
2.1576919
2.9516727
2.8657549
0.9316853
1.8539101
1.8749864
2.4675458
1.8284273
2.9918927
2.5720959
2.7806062
3.5543751
2.7479099
5.1042651
2.3387350
3.6006809
1.1866173
3.2390760
3.3238338
3.8838083
4.5103263
3.3560111
5.2971594
3.9423715
5.3436716
4.7307112
4.8858522
2.7650823
4.4718619
1.1751504
1.0334143
4.0640537
2.6409102
5.7970580
1.0937974
4.0578792
4.3861527
5.0452935
4.5490111
5.8870488
2.5168810
5.9930163
5.3051507
6.7659434
4.9356877
5.6153682
3.9882250
7.0878777
7.6984675
6.2104953
6.7713585
8.0433777
8.6783321
8.5003229
4.7946872
3.8452501
6.5742985
4.5912357
6.7323091
8.7159075
3.8304733
5.5343635
4.2702214
7.6288660
8.1014359
4.2857465
4.8331446
4.1359450
3.5092720
7.0355150
6.8715923
6.2897463
6.4080365
7.3723840
6.1527256
5.8412968
4.4907610
4.1213959
3.4702576
4.0294846
4.3767105
4.7771653
5.7519983
3.3447630
4.0867892
3.8361145
4.7040150
4.1466874
5.3484916
4.7620581
4.0449413
4.0888304
5.4843157
5.4279462
3.5593667
5.2090313
4.8772506
4.4095668
3.9395765
4.5821157
3.9450416
6.2314106
3.6142071
5.0120986
4.2732820
4.2396332
3.4460517
5.0789489
3.7836394
3.4302397
2.8306805
3.8112453
3.5906941
2.9196686
4.6846501
4.7493874
3.6702690
2.1517500
2.9688984
4.7155483
3.2253867
2.8916780
3.1893655
4.7847556
3.1129852
5.0854726
3.8981068
3.3894742
5.2479597
4.1630143
3.9341860
4.1381531
4.0716710
3.6499091
3.4890786
3.9976632
3.5137570
3.3059105
3.8959885
2.7901075
3.2353902
4.5225578
3.9952671
4.3548697
3.7392305
4.5604228
2.5824264
3.6783444
3.8324374
3.7189706
2.2688358
3.0585478
3.6622189
5.1525348
3.4038643
3.3858424
3.0999563
3.8630793
5.0970379
3.5518849
3.6986971
4.2756808
3.1841077
4.0846788
4.4624919
6.2860814
4.4099106
4.3603718
4.6211081
4.6099516
4.7644760
4.4641633
5.2161222
3.1341395
5.0475071
4.9570388
5.0230040
6.0358744
4.1313721
6.6007766
7.0047253
4.0207440
4.6832012
7.4695838
4.8725663
4.4443184
4.5745004
4.9542876
5.0704561
5.5464007
5.2121355
5.4960649
9.9565115
7.7462411
6.5154796
7.5373061
5.1558528
5.2225605
6.9560712
4.4194966
5.3258990
4.5428035
7.5250059
6.4107610
8.0111344
5.8822626
5.3324577
6.1657205
5.5411029
8.1203588
5.8870645
8.7201945
8.2336487
7.6922603
6.2583517
5.6386946
7.8752250
7.8807675
7.9084358
7.4508425
9.4363024
7.4619690
7.0613165
6.5909177
6.7126515
7.5117849
5.8006290
7.3573462
6.5295852
6.5215152
7.3837231
7.5475605
7.1357605
6.5272781
5.3284216
5.9939989
6.8614228
5.8959683
5.0265269
4.6487090
6.4936147
5.5284694
5.9835618
8.2521662
6.0310830
6.9201678
5.5939653
5.6937949
5.6951784
5.1777053
6.3071713
7.3024750
8.7977212
9.8235258
8.2652794
7.0014589
9.5507861
7.3339810
9.0259819
8.9747451
8.1626330
8.7348695
8.5103913
8.2275821
5.9171952
7.1417804
6.0129913
5.4828473
4.6238105
6.4050220
7.0155254
4.4671941
6.9449051
5.0584991
4.7330392
4.1879505
3.0218444
3.8343514
4.2253386
3.7929571
4.0869100
3.6088621
3.8673373
3.5781786
4.8740855
4.0065727
5.9292033
4.0698154
4.4511578
4.1382919
4.4661326
4.1484289
4.9251155
6.2343460
4.8185986
3.2626879
4.0739399
4.0957339
4.4369279
4.9588669
4.4075245
3.6105345
5.5220170
7.1843249
6.6211572
5.0763053
4.9647522
5.8711184
4.4003035
4.5120802
3.4668293
3.9647247
4.4772191
5.0719751
5.2675379
5.2596166
5.0380724
4.8660399
5.0243444
5.5878573
5.2639628
3.5669414
3.7622305
6.2022837
5.2871913
5.3634860
5.2382527
4.6940598
5.0732279
5.2699702
3.3434039
6.0412836
4.1643663
4.6989547
5.0897568
4.2474397
4.8601346
4.5684856
4.7088501
4.0060931
5.4467190
4.7624026
4.3332165
5.2524386
4.6626715
6.4152232
5.1135825
6.1750903
4.4503837
5.2186925
4.7943538
5.2474894
4.6460480
4.9347879
4.7434466
5.1357268
6.5961387
6.9901676
5.2002062
3.6876566
4.5123545
3.8942397
3.6619422
4.9296905
4.7648652
4.4039948
3.6272938
3.7815734
4.8295498
4.7680752
2.6817182
3.2400475
5.2906928
2.8246751
3.8277076
2.9802674
3.6051326
3.2180664
3.6050186
2.6827347
3.6064189
4.0000973
4.4228102
5.5811776
3.2801816
3.2038248
4.4435918
3.6916627
4.2417644
3.5746873
3.2128977
5.7382383
4.4244807
5.1430826
4.7184380
5.7842408
6.5696913
6.2391881
5.4553826
6.3535170
5.9047822
3.8105415
5.9962579
3.9185670
3.7044133
4.5370385
4.1831573
3.6414217
3.4669771
6.4518555
4.5985924
4.5218546
5.4177330
4.9203788
4.7118686
5.5696430
5.8696002
5.2929845
6.9333982
5.7630403
7.1492977
6.3811898
5.2762535
5.8844579
5.7018896
5.1974952
3.6678150
5.0103261
4.8814437
5.1888431
4.7923492
5.6811714
5.0281529
5.0225203
5.0609265
4.1568080
4.3917197
4.3029034
4.4405537
4.1738939
3.8104159
4.8134482
4.0948226
3.0838096
3.2901702
2.4233526
2.9542767
3.0768087
2.3063435
3.4033885
2.6585669
3.2126044
3.7814757
2.3254217
2.1185800
3.4815187
3.1494867
3.1434620
3.7779132
3.9894934
4.0276297
4.1906233
5.3104270
3.6724147
5.9431785
4.9833324
3.6515324
3.9867411
3.6885406
5.0664538
4.8150017
4.1153815
6.4099873
4.2129273
4.5015679
5.7266357
5.6447334
3.9470189
4.8899152
5.7092154
4.4555735
3.9828191
4.6234636
4.4549952
5.4868813
4.1944916
4.4166536
3.3146215
3.2666796
3.8948235
2.8391842
3.5047048
3.4718916
3.4607933
2.5281935
2.3832785
1.1598406
2.5926837
3.0168561
2.1701961
1.8564678
3.1915976
1.8466891
1.9199558
3.1830474
2.8841180
3.6788414
4.0223985
2.3674594
2.3555356
1.9769287
2.7022012
3.0654271
3.2029206
3.3491316
2.9290914
3.9779233
3.8758271
3.9387481
3.3956520
2.7712824
2.7881985
4.1072186
3.3126373
3.9579406
2.8148668
1.9614931
2.4692393
2.7774143
3.0202071
3.3140097
4.1830017
1.2622961
2.4015771
3.0077154
2.1343713
1.0954611
1.7744191
3.3417827
2.4066455
3.6489972
2.6229955
3.1699531
2.9642211
3.2967232
2.6359314
2.8710775
3.2822072
2.9389434
2.9219044
3.3661884
2.2891689
1.7718391
2.9356416
2.7203464
3.1233838
2.5991054
3.0241135
2.5581827
2.4833573
3.0054874
2.4166698
2.7937509
2.8616864
2.4382468
2.8982657
2.7678905
2.7638189
2.7061096
2.3719729
2.7555499
2.9409751
3.1380481
2.7500943
2.6285536
3.0197511
2.8694115
3.0293950
2.3304294
2.6571383
2.6316490
2.0325571
2.1159108
1.5803855
1.5491020
2.5993486
1.9442537
2.4386000
2.5922859
1.8883728
2.4160861
2.1883360
1.8757729
1.8279610
1.8758029
1.6036078
2.0350511
2.4333655
1.9677821
1.6635630
2.0016443
1.6811370
1.9918788
1.9075629
1.9971018
1.8655491
1.7185153
1.4934581
1.6299276
1.7743536
2.1487003
2.0234949
1.7477801
1.8295992
1.7295635
1.8775573
2.0304509
1.5855615
1.5687990
1.9839606
2.2046556
1.6825857
1.3869528
1.9957176
2.0053943
1.8294848
1.8860906
2.0193638
1.8629504
1.8677129
1.6152135
1.6610716
1.4213279
1.9717919
2.1043746
2.0529218
1.5535164
1.9361304
2.2258681
1.7901070
1.9200408
2.5139895
2.3974573
1.9121567
1.8532675
2.1671509
1.8986131
1.8122604
1.9605539
2.2120845
1.8601495
1.8584111
1.8674527
1.7195049
1.9775720
1.4856227
1.8892155
2.2118026
1.9770770
1.9183487
2.1967282
1.8519627
1.7867083
2.1549875
2.0432750
2.0210962
